1,1,0.229137,0.248260,0.304809,0.144979,0.056891,312,1868,98,550
1,1,0.202970,0.334107,0.304809,0.144979,0.009991,349,1905,61,513
1,1,0.255304,0.162413,0.304809,0.067893,0.006998,166,1940,26,696
1,1,0.248939,0.183295,0.304809,0.089109,0.006340,205,1919,47,657
1,1,0.197666,0.351508,0.304809,0.149576,0.006279,363,1906,60,499
1,1,0.293494,0.037123,0.304809,0.011315,0.005639,32,1966,0,830
1,1,0.260962,0.143852,0.304809,0.059406,0.004262,146,1944,22,716
1,1,0.197666,0.351508,0.304809,0.149576,0.004141,363,1906,60,499
1,1,0.251768,0.174014,0.304809,0.082744,0.003959,192,1924,42,670
1,1,0.202970,0.334107,0.304809,0.144979,0.004705,349,1905,61,513
1,1,0.199434,0.345708,0.304809,0.194484,0.005181,424,1840,126,438
1,1,0.193069,0.366589,0.304809,0.140028,0.005185,356,1926,40,506
1,1,0.191655,0.371230,0.304809,0.152051,0.004843,375,1911,55,487
1,1,0.253182,0.169374,0.304809,0.095474,0.004929,208,1904,62,654
1,1,0.231966,0.238979,0.304809,0.225601,0.005003,422,1750,216,440
1,1,0.191655,0.371230,0.304809,0.152051,0.005034,375,1911,55,487
1,1,0.191655,0.371230,0.304809,0.152051,0.005110,375,1911,55,487
1,1,0.252475,0.171694,0.304809,0.081330,0.004997,189,1925,41,673
1,1,0.202970,0.334107,0.304809,0.144979,0.004816,349,1905,61,513
1,1,0.254597,0.164733,0.304809,0.163366,0.005164,302,1806,160,560
1,1,0.260962,0.143852,0.304809,0.059406,0.005234,146,1944,22,716
1,1,0.228430,0.250580,0.304809,0.190948,0.008567,378,1804,162,484
1,1,0.252122,0.172854,0.304809,0.079562,0.010315,187,1928,38,675
1,1,0.255304,0.162413,0.304809,0.070014,0.011038,169,1937,29,693
1,1,0.256011,0.160093,0.304809,0.084866,0.008915,189,1915,51,673
1,1,0.221358,0.273782,0.304809,0.115983,0.008056,282,1920,46,580
1,1,0.191655,0.371230,0.304809,0.152051,0.009210,375,1911,55,487
1,1,0.255304,0.162413,0.304809,0.138614,0.007681,266,1840,126,596
1,1,0.290311,0.047564,0.304809,0.044201,0.007064,83,1924,42,779
1,1,0.251768,0.174014,0.304809,0.073550,0.007178,179,1937,29,683
1,1,0.275106,0.097448,0.304809,0.067893,0.006947,138,1912,54,724
1,1,0.221358,0.273782,0.304809,0.115983,0.007064,282,1920,46,580
1,1,0.200849,0.341067,0.304809,0.121641,0.007610,319,1941,25,543
1,1,0.255304,0.162413,0.304809,0.070014,0.007475,169,1937,29,693
1,1,0.291372,0.044084,0.304809,0.042433,0.007659,79,1925,41,783
1,1,0.252122,0.172854,0.304809,0.079562,0.007196,187,1928,38,675
1,1,0.293494,0.037123,0.304809,0.011315,0.006989,32,1966,0,830
1,1,0.229137,0.248260,0.304809,0.144979,0.006728,312,1868,98,550
1,1,0.199434,0.345708,0.304809,0.194484,0.006388,424,1840,126,438
1,1,0.231966,0.238979,0.304809,0.225601,0.006523,422,1750,216,440
1,1,0.253182,0.169374,0.304809,0.095474,0.005195,208,1904,62,654
1,1,0.293494,0.037123,0.304809,0.011315,0.004953,32,1966,0,830
1,1,0.231966,0.238979,0.304809,0.225601,0.005112,422,1750,216,440
1,1,0.239038,0.215777,0.304809,0.194484,0.005110,368,1784,182,494
1,1,0.287482,0.056845,0.304809,0.047737,0.004684,92,1923,43,770
1,1,0.208982,0.314385,0.304809,0.149576,0.004821,347,1890,76,515
1,1,0.299151,0.018561,0.304809,0.008487,0.004772,20,1962,4,842
1,1,0.290311,0.047564,0.304809,0.044201,0.004662,83,1924,42,779
1,1,0.191655,0.371230,0.304809,0.152051,0.004670,375,1911,55,487
1,1,0.252122,0.172854,0.304809,0.079562,0.004624,187,1928,38,675
1,1,0.294908,0.032483,0.304809,0.025460,0.004674,50,1944,22,812
1,1,0.197666,0.351508,0.304809,0.149576,0.004602,363,1906,60,499
1,1,0.219236,0.280742,0.304809,0.115983,0.004720,285,1923,43,577
1,1,0.295615,0.030162,0.304809,0.016973,0.004756,37,1955,11,825
1,1,0.253182,0.169374,0.304809,0.077793,0.004661,183,1929,37,679
1,1,0.202970,0.334107,0.304809,0.144979,0.004727,349,1905,61,513
1,1,0.253182,0.169374,0.304809,0.095474,0.004688,208,1904,62,654
1,1,0.200849,0.341067,0.304809,0.121641,0.004617,319,1941,25,543
1,1,0.260962,0.143852,0.304809,0.059406,0.004724,146,1944,22,716
1,1,0.262023,0.140371,0.304809,0.097242,0.004675,198,1889,77,664
1,1,0.299151,0.018561,0.304809,0.008487,0.004704,20,1962,4,842
1,1,0.289958,0.048724,0.304809,0.029703,0.004614,63,1945,21,799
1,1,0.290311,0.047564,0.304809,0.044201,0.004669,83,1924,42,779
1,1,0.299151,0.018561,0.304809,0.008487,0.004773,20,1962,4,842
1,1,0.208982,0.314385,0.304809,0.149576,0.004726,347,1890,76,515
1,1,0.202970,0.334107,0.304809,0.144979,0.004719,349,1905,61,513
1,1,0.226662,0.256381,0.304809,0.181400,0.004741,367,1820,146,495
1,1,0.249646,0.180974,0.304809,0.062235,0.004678,166,1956,10,696
1,1,0.255304,0.162413,0.304809,0.067893,0.004758,166,1940,26,696
1,1,0.251768,0.174014,0.304809,0.073550,0.004751,179,1937,29,683
1,1,0.226662,0.256381,0.304809,0.181400,0.004700,367,1820,146,495
1,1,0.293494,0.037123,0.304809,0.011315,0.004867,32,1966,0,830
1,1,0.191655,0.371230,0.304809,0.152051,0.005442,375,1911,55,487
1,1,0.226662,0.256381,0.304809,0.181400,0.004893,367,1820,146,495
1,1,0.253182,0.169374,0.304809,0.095474,0.010996,208,1904,62,654
1,1,0.253182,0.169374,0.304809,0.095474,0.004870,208,1904,62,654
1,1,0.253182,0.169374,0.304809,0.095474,0.004243,208,1904,62,654
1,1,0.260962,0.143852,0.304809,0.059406,0.004060,146,1944,22,716
1,1,0.226662,0.256381,0.304809,0.181400,0.004811,367,1820,146,495
1,1,0.202970,0.334107,0.304809,0.144979,0.004788,349,1905,61,513
1,1,0.191655,0.371230,0.304809,0.152051,0.004931,375,1911,55,487
1,1,0.262023,0.140371,0.304809,0.097242,0.004982,198,1889,77,664
1,1,0.228430,0.250580,0.304809,0.190948,0.004879,378,1804,162,484
1,1,0.293494,0.037123,0.304809,0.011315,0.004914,32,1966,0,830
1,1,0.293494,0.037123,0.304809,0.011315,0.004861,32,1966,0,830
1,1,0.201202,0.339907,0.304809,0.167256,0.004777,383,1876,90,479
1,1,0.260962,0.143852,0.304809,0.059406,0.004824,146,1944,22,716
1,1,0.269802,0.114849,0.304809,0.155941,0.004953,270,1795,171,592
1,1,0.253182,0.169374,0.304809,0.095474,0.004696,208,1904,62,654
1,1,0.191655,0.371230,0.304809,0.152051,0.004745,375,1911,55,487
1,1,0.249646,0.180974,0.304809,0.062235,0.004713,166,1956,10,696
1,1,0.295615,0.030162,0.304809,0.016973,0.012770,37,1955,11,825
1,1,0.249646,0.180974,0.304809,0.062235,0.012562,166,1956,10,696
1,1,0.262023,0.140371,0.304809,0.097242,0.012784,198,1889,77,664
1,1,0.193069,0.366589,0.304809,0.140028,0.005763,356,1926,40,506
1,1,0.226662,0.256381,0.304809,0.181400,0.004777,367,1820,146,495
1,1,0.248939,0.183295,0.304809,0.089109,0.005062,205,1919,47,657
1,1,0.255304,0.162413,0.304809,0.138614,0.005066,266,1840,126,596
1,1,0.248939,0.183295,0.304809,0.089109,0.004851,205,1919,47,657
1,1,0.201202,0.339907,0.304809,0.167256,0.004676,383,1876,90,479
2,2,0.175389,0.424594,0.304809,0.202263,0.022161,469,1863,103,393
2,2,0.185290,0.392111,0.304809,0.161952,0.038704,398,1906,60,464
2,2,0.186351,0.388631,0.304809,0.160891,0.009669,395,1906,60,467
2,2,0.189533,0.378190,0.304809,0.152051,0.009852,378,1914,52,484
2,2,0.236209,0.225058,0.304809,0.111033,0.009478,254,1906,60,608
2,2,0.154173,0.494200,0.304809,0.208628,0.009333,508,1884,82,354
2,2,0.202970,0.334107,0.304809,0.144979,0.009163,349,1905,61,513
2,2,0.186351,0.388631,0.304809,0.146747,0.009025,375,1926,40,487
2,2,0.188826,0.380510,0.304809,0.156294,0.007594,385,1909,57,477
2,2,0.222419,0.270302,0.304809,0.213225,0.007786,418,1781,185,444
2,2,0.142857,0.531323,0.304809,0.215700,0.008985,534,1890,76,328
2,2,0.261669,0.141531,0.304809,0.118812,0.009610,229,1859,107,633
2,2,0.191655,0.371230,0.304809,0.152051,0.030324,375,1911,55,487
2,2,0.241160,0.208817,0.304809,0.081330,0.009313,205,1941,25,657
2,2,0.239392,0.214617,0.304809,0.115629,0.009555,256,1895,71,606
2,2,0.249646,0.180974,0.304809,0.086280,0.009513,200,1922,44,662
2,2,0.155233,0.490719,0.304809,0.259901,0.009402,579,1810,156,283
2,2,0.144272,0.526682,0.304809,0.203678,0.009046,515,1905,61,347
2,2,0.159830,0.475638,0.304809,0.207921,0.009375,499,1877,89,363
2,2,0.200495,0.342227,0.304809,0.240099,0.009318,487,1774,192,375
2,2,0.170085,0.441995,0.304809,0.192716,0.009140,463,1884,82,399
2,2,0.186704,0.387471,0.304809,0.227016,0.009177,488,1812,154,374
2,2,0.191655,0.371230,0.304809,0.152051,0.008919,375,1911,55,487
2,2,0.208628,0.315545,0.304809,0.152051,0.009401,351,1887,79,511
2,2,0.228076,0.251740,0.304809,0.210396,0.009213,406,1777,189,456
2,2,0.162306,0.467517,0.304809,0.198373,0.007824,482,1887,79,380
2,2,0.181754,0.403712,0.304809,0.151344,0.008199,388,1926,40,474
2,2,0.144979,0.524362,0.304809,0.210750,0.007961,524,1894,72,338
2,2,0.177157,0.418794,0.304809,0.204031,0.007712,469,1858,108,393
2,2,0.184583,0.394432,0.304809,0.148515,0.008066,380,1926,40,482
2,2,0.239745,0.213457,0.304809,0.118105,0.008584,259,1891,75,603
2,2,0.260608,0.145012,0.304809,0.083805,0.008475,181,1910,56,681
2,2,0.174682,0.426914,0.304809,0.203678,0.008358,472,1862,104,390
2,2,0.291372,0.044084,0.304809,0.014144,0.008478,39,1965,1,823
2,2,0.236563,0.223898,0.304809,0.099364,0.007950,237,1922,44,625
2,2,0.184936,0.393271,0.304809,0.189887,0.007788,438,1867,99,424
2,2,0.160184,0.474478,0.304809,0.204738,0.007963,494,1881,85,368
2,2,0.191655,0.371230,0.304809,0.152051,0.007855,375,1911,55,487
2,2,0.204031,0.330626,0.304809,0.153819,0.007895,360,1891,75,502
2,2,0.251768,0.174014,0.304809,0.094059,0.008201,208,1908,58,654
2,2,0.207567,0.319026,0.304809,0.141089,0.008084,337,1904,62,525
2,2,0.151344,0.503480,0.304809,0.214286,0.007899,520,1880,86,342
2,2,0.180693,0.407193,0.304809,0.238685,0.007563,513,1804,162,349
2,2,0.242574,0.204176,0.304809,0.101839,0.007887,232,1910,56,630
2,2,0.240099,0.212297,0.304809,0.109264,0.035544,246,1903,63,616
2,2,0.193069,0.366589,0.304809,0.140028,0.005554,356,1926,40,506
2,2,0.207214,0.320186,0.304809,0.244696,0.005396,484,1758,208,378
2,2,0.170085,0.441995,0.304809,0.202617,0.005360,477,1870,96,385
2,2,0.189887,0.377030,0.304809,0.181400,0.005474,419,1872,94,443
2,2,0.237624,0.220418,0.304809,0.146393,0.005530,302,1854,112,560
2,2,0.258133,0.153132,0.304809,0.167610,0.005694,303,1795,171,559
2,2,0.260962,0.143852,0.304809,0.164781,0.005789,295,1795,171,567
2,2,0.235149,0.228538,0.304809,0.224540,0.006547,416,1747,219,446
2,2,0.139321,0.542923,0.304809,0.196605,0.006766,512,1922,44,350
2,2,0.181400,0.404872,0.304809,0.256365,0.005657,537,1778,188,325
2,2,0.200849,0.341067,0.304809,0.152758,0.008937,363,1897,69,499
2,2,0.188826,0.380510,0.304809,0.156294,0.009408,385,1909,57,477
2,2,0.213579,0.299304,0.304809,0.239038,0.008910,467,1757,209,395
2,2,0.154526,0.493039,0.304809,0.198373,0.009046,493,1898,68,369
2,2,0.290665,0.046404,0.304809,0.015559,0.006704,42,1964,2,820
2,2,0.174328,0.428074,0.304809,0.225955,0.005574,504,1831,135,358
2,2,0.193069,0.366589,0.304809,0.193777,0.005543,432,1850,116,430
2,2,0.188826,0.380510,0.304809,0.154880,0.005579,383,1911,55,479
2,2,0.160537,0.473318,0.304809,0.251061,0.005790,559,1815,151,303
2,2,0.215347,0.293503,0.304809,0.192716,0.005384,399,1820,146,463
2,2,0.196959,0.353828,0.304809,0.228076,0.005761,475,1796,170,387
2,2,0.171853,0.436195,0.304809,0.198727,0.005778,469,1873,93,393
2,2,0.204031,0.330626,0.304809,0.153819,0.005765,360,1891,75,502
2,2,0.236917,0.222738,0.304809,0.111033,0.005523,253,1905,61,609
2,2,0.156648,0.486079,0.304809,0.209689,0.005572,506,1879,87,356
2,2,0.154173,0.494200,0.304809,0.208628,0.005423,508,1884,82,354
2,2,0.244342,0.198376,0.304809,0.084512,0.005462,205,1932,34,657
2,2,0.158416,0.480278,0.304809,0.229844,0.005519,532,1848,118,330
2,2,0.235149,0.228538,0.304809,0.166549,0.005329,334,1829,137,528
2,2,0.203678,0.331787,0.304809,0.231966,0.005397,471,1781,185,391
2,2,0.182461,0.401392,0.304809,0.169024,0.005370,412,1900,66,450
2,2,0.244342,0.198376,0.304809,0.084512,0.005269,205,1932,34,657
2,2,0.192362,0.368910,0.304809,0.209335,0.005577,455,1829,137,407
2,2,0.195191,0.359629,0.304809,0.150636,0.005557,368,1908,58,494
2,2,0.249646,0.180974,0.304809,0.082744,0.005450,195,1927,39,667
2,2,0.200849,0.341067,0.304809,0.158416,0.005321,371,1889,77,491
2,2,0.191655,0.371230,0.304809,0.152051,0.005114,375,1911,55,487
2,2,0.180339,0.408353,0.304809,0.163366,0.007497,407,1911,55,455
2,2,0.244696,0.197216,0.304809,0.075672,0.005588,192,1944,22,670
2,2,0.190240,0.375870,0.304809,0.142857,0.006525,364,1926,40,498
2,2,0.146393,0.519722,0.304809,0.216407,0.005554,530,1884,82,332
2,2,0.238331,0.218097,0.304809,0.073550,0.005484,198,1956,10,664
2,2,0.182461,0.401392,0.304809,0.169024,0.005814,412,1900,66,450
2,2,0.223479,0.266821,0.304809,0.183168,0.005365,374,1822,144,488
2,2,0.139321,0.542923,0.304809,0.196605,0.005782,512,1922,44,350
2,2,0.171853,0.436195,0.304809,0.227016,0.005369,509,1833,133,353
2,2,0.218529,0.283063,0.304809,0.120226,0.005345,292,1918,48,570
2,2,0.199081,0.346868,0.304809,0.155941,0.005375,370,1895,71,492
2,2,0.195898,0.357309,0.304809,0.214286,0.005352,457,1817,149,405
2,2,0.175389,0.424594,0.304809,0.202263,0.005447,469,1863,103,393
2,2,0.262730,0.138051,0.304809,0.068953,0.005348,157,1928,38,705
2,2,0.243281,0.201856,0.304809,0.098303,0.005729,226,1914,52,636
2,2,0.264851,0.131090,0.304809,0.164427,0.005662,289,1790,176,573
2,2,0.188826,0.380510,0.304809,0.156294,0.005458,385,1909,57,477
2,2,0.240806,0.209977,0.304809,0.111386,0.005508,248,1899,67,614
4,4,0.181047,0.406032,0.304809,0.180339,0.006920,430,1886,80,432
4,4,0.224540,0.263341,0.304809,0.173621,0.007645,359,1834,132,503
4,4,0.131895,0.567285,0.304809,0.229491,0.006207,569,1886,80,293
4,4,0.111740,0.633411,0.304809,0.275106,0.005963,662,1850,116,200
4,4,0.177511,0.417633,0.304809,0.175389,0.005303,428,1898,68,434
4,4,0.149222,0.510441,0.304809,0.254597,0.005537,580,1826,140,282
4,4,0.129420,0.575406,0.304809,0.242574,0.005453,591,1871,95,271
4,4,0.150283,0.506961,0.304809,0.213932,0.005449,521,1882,84,341
4,4,0.159830,0.475638,0.304809,0.258133,0.005892,570,1806,160,292
4,4,0.096181,0.684455,0.304809,0.289250,0.005240,704,1852,114,158
4,4,0.131542,0.568445,0.304809,0.232673,0.005310,574,1882,84,288
4,4,0.102192,0.664733,0.304809,0.302334,0.005388,714,1825,141,148
4,4,0.138260,0.546404,0.304809,0.205446,0.005965,526,1911,55,336
4,4,0.122348,0.598608,0.304809,0.247525,0.005196,608,1874,92,254
4,4,0.194837,0.360789,0.304809,0.149576,0.005951,367,1910,56,495
4,4,0.207567,0.319026,0.304809,0.231612,0.006256,465,1776,190,397
4,4,0.169024,0.445476,0.304809,0.181754,0.005778,449,1901,65,413
4,4,0.085573,0.719258,0.304809,0.273692,0.005720,697,1889,77,165
4,4,0.161952,0.468677,0.304809,0.265912,0.005486,578,1792,174,284
4,4,0.140382,0.539443,0.304809,0.242928,0.005834,576,1855,111,286
4,4,0.167610,0.450116,0.304809,0.192362,0.005513,466,1888,78,396
4,4,0.175035,0.425754,0.304809,0.221711,0.005791,497,1836,130,365
4,4,0.108204,0.645012,0.304809,0.263791,0.005379,651,1871,95,211
4,4,0.151697,0.502320,0.304809,0.223126,0.005252,532,1867,99,330
4,4,0.128713,0.577726,0.304809,0.251768,0.005555,605,1859,107,257
4,4,0.150283,0.506961,0.304809,0.221004,0.005213,531,1872,94,331
4,4,0.107496,0.647332,0.304809,0.289250,0.005275,688,1836,130,174
4,4,0.138260,0.546404,0.304809,0.224540,0.005191,553,1884,82,309
4,4,0.118812,0.610209,0.304809,0.265912,0.005096,639,1853,113,223
4,4,0.123762,0.593968,0.304809,0.254597,0.005828,616,1862,104,246
4,4,0.150990,0.504640,0.304809,0.217468,0.005626,525,1876,90,337
4,4,0.151697,0.502320,0.304809,0.204031,0.005693,505,1894,72,357
4,4,0.125530,0.588167,0.304809,0.250000,0.005549,607,1866,100,255
4,4,0.148868,0.511601,0.304809,0.211810,0.011012,520,1887,79,342
4,4,0.235502,0.227378,0.304809,0.119519,0.011099,267,1895,71,595
4,4,0.146393,0.519722,0.304809,0.293494,0.009682,639,1775,191,223
4,4,0.122702,0.597448,0.304809,0.241513,0.009259,599,1882,84,263
4,4,0.176803,0.419954,0.304809,0.212871,0.009049,482,1846,120,380
4,4,0.158769,0.479118,0.304809,0.229491,0.008004,531,1848,118,331
4,4,0.220651,0.276102,0.304809,0.169024,0.008272,358,1846,120,504
4,4,0.119873,0.606729,0.304809,0.231612,0.012021,589,1900,66,273
4,4,0.125530,0.588167,0.304809,0.248586,0.007490,605,1868,98,257
4,4,0.245757,0.193735,0.304809,0.103607,0.007645,230,1903,63,632
4,4,0.149576,0.509281,0.304809,0.213932,0.007382,522,1883,83,340
4,4,0.102546,0.663573,0.304809,0.276521,0.006828,677,1861,105,185
4,4,0.129066,0.576566,0.304809,0.258487,0.006534,614,1849,117,248
4,4,0.178925,0.412993,0.304809,0.225601,0.006725,497,1825,141,365
4,4,0.095120,0.687935,0.304809,0.291726,0.006570,709,1850,116,153
4,4,0.197666,0.351508,0.304809,0.147454,0.006200,360,1909,57,502
4,4,0.135078,0.556845,0.304809,0.229137,0.005927,564,1882,84,298
4,4,0.125530,0.588167,0.304809,0.243635,0.005506,598,1875,91,264
4,4,0.146040,0.520882,0.304809,0.240806,0.005229,565,1850,116,297
4,4,0.126945,0.583527,0.304809,0.245050,0.032810,598,1871,95,264
4,4,0.117751,0.613689,0.304809,0.266973,0.014065,642,1853,113,220
4,4,0.190594,0.374710,0.304809,0.247878,0.013038,512,1777,189,350
4,4,0.128359,0.578886,0.304809,0.248586,0.011555,601,1864,102,261
4,4,0.105021,0.655452,0.304809,0.283239,0.011258,683,1848,118,179
4,4,0.144272,0.526682,0.304809,0.198727,0.010711,508,1912,54,354
4,4,0.167610,0.450116,0.304809,0.265912,0.011260,570,1784,182,292
4,4,0.127298,0.582367,0.304809,0.272984,0.010417,637,1831,135,225
4,4,0.095474,0.686775,0.304809,0.310467,0.009878,735,1823,143,127
4,4,0.130835,0.570766,0.304809,0.283593,0.008957,647,1811,155,215
4,4,0.147100,0.517401,0.304809,0.246110,0.009119,571,1841,125,291
4,4,0.124470,0.591647,0.304809,0.239745,0.009057,594,1882,84,268
4,4,0.135431,0.555684,0.304809,0.234441,0.009318,571,1874,92,291
4,4,0.191655,0.371230,0.304809,0.227016,0.009557,481,1805,161,381
4,4,0.139675,0.541763,0.304809,0.256365,0.009401,596,1837,129,266
4,4,0.131188,0.569606,0.304809,0.208982,0.008453,541,1916,50,321
4,4,0.144272,0.526682,0.304809,0.203678,0.008802,515,1905,61,347
4,4,0.131895,0.567285,0.304809,0.232320,0.009364,573,1882,84,289
4,4,0.150283,0.506961,0.304809,0.289604,0.009578,628,1775,191,234
4,4,0.167610,0.450116,0.304809,0.201556,0.008607,479,1875,91,383
4,4,0.103960,0.658933,0.304809,0.278642,0.008999,678,1856,110,184
4,4,0.188826,0.380510,0.304809,0.204385,0.009370,453,1841,125,409
4,4,0.153465,0.496520,0.304809,0.293494,0.009126,629,1765,201,233
4,4,0.113508,0.627610,0.304809,0.267680,0.009251,649,1858,108,213
4,4,0.133310,0.562645,0.304809,0.246464,0.009200,591,1860,106,271
4,4,0.124470,0.591647,0.304809,0.234088,0.008794,586,1890,76,276
4,4,0.137553,0.548724,0.304809,0.225955,0.009340,556,1883,83,306
4,4,0.148161,0.513921,0.304809,0.208274,0.008770,516,1893,73,346
4,4,0.110325,0.638051,0.304809,0.268034,0.020360,654,1862,104,208
4,4,0.133663,0.561485,0.304809,0.281471,0.009177,640,1810,156,222
4,4,0.126591,0.584687,0.304809,0.223479,0.008669,568,1902,64,294
4,4,0.132956,0.563805,0.304809,0.248939,0.008608,595,1857,109,267
4,4,0.137907,0.547564,0.304809,0.229137,0.006221,560,1878,88,302
4,4,0.140028,0.540603,0.304809,0.241867,0.005490,575,1857,109,287
4,4,0.140736,0.538283,0.304809,0.216407,0.005569,538,1892,74,324
4,4,0.236917,0.222738,0.304809,0.105375,0.005757,245,1913,53,617
4,4,0.162306,0.467517,0.304809,0.235149,0.005650,534,1835,131,328
4,4,0.141796,0.534803,0.304809,0.239392,0.005369,569,1858,108,293
4,4,0.173267,0.431555,0.304809,0.175389,0.005478,434,1904,62,428
4,4,0.193069,0.366589,0.304809,0.164074,0.005881,390,1892,74,472
4,4,0.192008,0.370070,0.304809,0.235856,0.005609,493,1792,174,369
4,4,0.120226,0.605568,0.304809,0.246818,0.005267,610,1878,88,252
4,4,0.135078,0.556845,0.304809,0.238331,0.005409,577,1869,97,285
4,4,0.123762,0.593968,0.304809,0.280057,0.005279,652,1826,140,210
4,4,0.152405,0.500000,0.304809,0.214639,0.005275,519,1878,88,343
4,4,0.161952,0.468677,0.304809,0.269448,0.005332,583,1787,179,279
4,4,0.108204,0.645012,0.304809,0.272277,0.005463,663,1859,107,199
4,4,0.164781,0.459397,0.304809,0.195898,0.005202,475,1887,79,387
8,8,0.078501,0.742459,0.304809,0.281471,0.007943,718,1888,78,144
8,8,0.121287,0.602088,0.304809,0.253536,0.007752,618,1867,99,244
8,8,0.137553,0.548724,0.304809,0.261315,0.007945,606,1833,133,256
8,8,0.074965,0.754060,0.304809,0.269448,0.008041,706,1910,56,156
8,8,0.092291,0.697216,0.304809,0.251414,0.007687,656,1911,55,206
8,8,0.091231,0.700696,0.304809,0.310467,0.008647,741,1829,137,121
8,8,0.083451,0.726218,0.304809,0.296322,0.008167,732,1860,106,130
8,8,0.132249,0.566125,0.304809,0.261669,0.007906,614,1840,126,248
8,8,0.076733,0.748260,0.304809,0.307992,0.007652,758,1853,113,104
8,8,0.062942,0.793503,0.304809,0.310467,0.007158,781,1869,97,81
8,8,0.070721,0.767981,0.304809,0.282178,0.007415,730,1898,68,132
8,8,0.120580,0.604408,0.304809,0.246464,0.007610,609,1878,88,253
8,8,0.064356,0.788863,0.304809,0.285714,0.007727,744,1902,64,118
8,8,0.069661,0.771462,0.304809,0.318600,0.007524,783,1848,118,79
8,8,0.095827,0.685615,0.304809,0.269095,0.007356,676,1881,85,186
8,8,0.108911,0.642691,0.304809,0.286421,0.007479,682,1838,128,180
8,8,0.072843,0.761021,0.304809,0.281471,0.007978,726,1896,70,136
8,8,0.092999,0.694896,0.304809,0.277581,0.007280,692,1873,93,170
8,8,0.109618,0.640371,0.304809,0.231259,0.008287,603,1915,51,259
8,8,0.077440,0.745940,0.304809,0.270509,0.008518,704,1905,61,158
8,8,0.077793,0.744780,0.304809,0.273692,0.007930,708,1900,66,154
8,8,0.180693,0.407193,0.304809,0.227369,0.009130,497,1820,146,365
8,8,0.089816,0.705336,0.304809,0.263791,0.008145,677,1897,69,185
8,8,0.094413,0.690255,0.304809,0.291018,0.008168,709,1852,114,153
8,8,0.128006,0.580046,0.304809,0.225601,0.007514,569,1897,69,293
8,8,0.100778,0.669374,0.304809,0.257779,0.007561,653,1890,76,209
8,8,0.118812,0.610209,0.304809,0.258133,0.008510,628,1864,102,234
8,8,0.074611,0.755220,0.304809,0.287482,0.007722,732,1885,81,130
8,8,0.097949,0.678654,0.304809,0.286068,0.007556,697,1854,112,165
8,8,0.120226,0.605568,0.304809,0.268741,0.009176,641,1847,119,221
8,8,0.122702,0.597448,0.304809,0.239392,0.008003,596,1885,81,266
8,8,0.103960,0.658933,0.304809,0.267327,0.007844,662,1872,94,200
8,8,0.115629,0.620650,0.304809,0.247878,0.008530,618,1883,83,244
8,8,0.100424,0.670534,0.304809,0.257426,0.007725,653,1891,75,209
8,8,0.104314,0.657773,0.304809,0.257779,0.008239,648,1885,81,214
8,8,0.116690,0.617169,0.304809,0.257426,0.007763,630,1868,98,232
8,8,0.092999,0.694896,0.304809,0.259194,0.007972,666,1899,67,196
8,8,0.088048,0.711137,0.304809,0.268388,0.007202,686,1893,73,176
8,8,0.112447,0.631090,0.304809,0.264498,0.007775,646,1864,102,216
8,8,0.084158,0.723898,0.304809,0.279349,0.007341,707,1883,83,155
8,8,0.129774,0.574246,0.304809,0.240099,0.025416,587,1874,92,275
8,8,0.085219,0.720418,0.304809,0.303041,0.013041,739,1848,118,123
8,8,0.125530,0.588167,0.304809,0.223833,0.012429,570,1903,63,292
8,8,0.084158,0.723898,0.304809,0.285007,0.012446,715,1875,91,147
8,8,0.131542,0.568445,0.304809,0.251061,0.012866,600,1856,110,262
8,8,0.103607,0.660093,0.304809,0.237270,0.011721,620,1915,51,242
8,8,0.113154,0.628770,0.304809,0.224187,0.010329,588,1920,46,274
8,8,0.066124,0.783063,0.304809,0.293140,0.010106,752,1889,77,110
8,8,0.175035,0.425754,0.304809,0.252122,0.011598,540,1793,173,322
8,8,0.100071,0.671694,0.304809,0.300919,0.009440,715,1830,136,147
8,8,0.108557,0.643852,0.304809,0.252829,0.009408,635,1886,80,227
8,8,0.077086,0.747100,0.304809,0.273692,0.008473,709,1901,65,153
8,8,0.103960,0.658933,0.304809,0.284300,0.008618,686,1848,118,176
8,8,0.109264,0.641531,0.304809,0.267680,0.008819,655,1864,102,207
8,8,0.067893,0.777262,0.304809,0.287129,0.007147,741,1895,71,121
8,8,0.133663,0.561485,0.304809,0.229137,0.007733,566,1884,82,296
8,8,0.098303,0.677494,0.304809,0.280764,0.007166,689,1861,105,173
8,8,0.103607,0.660093,0.304809,0.255658,0.007224,646,1889,77,216
8,8,0.115983,0.619490,0.304809,0.280057,0.007209,663,1837,129,199
8,8,0.077793,0.744780,0.304809,0.308345,0.006958,757,1851,115,105
8,8,0.110679,0.636891,0.304809,0.259901,0.020231,642,1873,93,220
8,8,0.139321,0.542923,0.304809,0.281471,0.007202,632,1802,164,230
8,8,0.078501,0.742459,0.304809,0.278642,0.007767,714,1892,74,148
8,8,0.106789,0.649652,0.304809,0.258133,0.007707,645,1881,85,217
8,8,0.088048,0.711137,0.304809,0.300919,0.007453,732,1847,119,130
8,8,0.079915,0.737819,0.304809,0.292079,0.007560,731,1871,95,131
8,8,0.119165,0.609049,0.304809,0.236563,0.007250,597,1894,72,265
8,8,0.080622,0.735499,0.304809,0.272277,0.007406,702,1898,68,160
8,8,0.069661,0.771462,0.304809,0.294554,0.007448,749,1882,84,113
8,8,0.064710,0.787703,0.304809,0.288897,0.007285,748,1897,69,114
8,8,0.072136,0.763341,0.304809,0.310467,0.007096,768,1856,110,94
8,8,0.082390,0.729698,0.304809,0.279703,0.007956,710,1885,81,152
8,8,0.109972,0.639211,0.304809,0.274752,0.008337,664,1853,113,198
8,8,0.086987,0.714617,0.304809,0.277935,0.007306,701,1881,85,161
8,8,0.109972,0.639211,0.304809,0.273338,0.007108,662,1855,111,200
8,8,0.068246,0.776102,0.304809,0.288897,0.007812,743,1892,74,119
8,8,0.126238,0.585847,0.304809,0.245757,0.007473,600,1871,95,262
8,8,0.082390,0.729698,0.304809,0.278289,0.007295,708,1887,79,154
8,8,0.085573,0.719258,0.304809,0.293494,0.007648,725,1861,105,137
8,8,0.105728,0.653132,0.304809,0.259194,0.007757,648,1881,85,214
8,8,0.126238,0.585847,0.304809,0.298091,0.007656,674,1797,169,188
8,8,0.081330,0.733179,0.304809,0.272984,0.007281,702,1896,70,160
8,8,0.115629,0.620650,0.304809,0.230198,0.007517,593,1908,58,269
8,8,0.082390,0.729698,0.304809,0.291018,0.007383,726,1869,97,136
8,8,0.117751,0.613689,0.304809,0.259901,0.006960,632,1863,103,230
8,8,0.129066,0.576566,0.304809,0.222419,0.007585,563,1900,66,299
8,8,0.074611,0.755220,0.304809,0.305870,0.007162,758,1859,107,104
8,8,0.092999,0.694896,0.304809,0.262730,0.007257,671,1894,72,191
8,8,0.112093,0.632251,0.304809,0.255658,0.007623,634,1877,89,228
8,8,0.075672,0.751740,0.304809,0.273692,0.008035,711,1903,63,151
8,8,0.103607,0.660093,0.304809,0.268388,0.007383,664,1871,95,198
8,8,0.109618,0.640371,0.304809,0.305516,0.008006,708,1810,156,154
8,8,0.076733,0.748260,0.304809,0.289604,0.007565,732,1879,87,130
8,8,0.072489,0.762181,0.304809,0.271216,0.007525,712,1911,55,150
8,8,0.082037,0.730858,0.304809,0.270156,0.007400,697,1899,67,165
8,8,0.094059,0.691415,0.304809,0.276521,0.007446,689,1873,93,173
8,8,0.064356,0.788863,0.304809,0.299151,0.007171,763,1883,83,99
8,8,0.080622,0.735499,0.304809,0.286421,0.007661,722,1878,88,140
8,8,0.084866,0.721578,0.304809,0.280057,0.007816,707,1881,85,155
8,8,0.129420,0.575406,0.304809,0.258840,0.007521,614,1848,118,248
16,16,0.049859,0.836427,0.304809,0.295969,0.011620,779,1908,58,83
16,16,0.051273,0.831787,0.304809,0.295969,0.011470,777,1906,60,85
16,16,0.056223,0.815545,0.304809,0.299505,0.011727,775,1894,72,87
16,16,0.053041,0.825986,0.304809,0.292786,0.011679,770,1908,58,92
16,16,0.051273,0.831787,0.304809,0.303748,0.011462,788,1895,71,74
16,16,0.049859,0.836427,0.304809,0.302334,0.010625,788,1899,67,74
16,16,0.058345,0.808585,0.304809,0.283239,0.017673,749,1914,52,113
16,16,0.061881,0.796984,0.304809,0.278289,0.010825,737,1916,50,125
16,16,0.045262,0.851508,0.304809,0.291372,0.012231,779,1921,45,83
16,16,0.070721,0.767981,0.304809,0.277228,0.023914,723,1905,61,139
16,16,0.057992,0.809745,0.304809,0.287836,0.012007,756,1908,58,106
16,16,0.059406,0.805104,0.304809,0.292786,0.011684,761,1899,67,101
16,16,0.056577,0.814385,0.304809,0.314710,0.011693,796,1872,94,66
16,16,0.057992,0.809745,0.304809,0.298444,0.011527,771,1893,73,91
16,16,0.070014,0.770302,0.304809,0.275106,0.010348,721,1909,57,141
16,16,0.075672,0.751740,0.304809,0.275106,0.011966,713,1901,65,149
16,16,0.059760,0.803944,0.304809,0.295969,0.011477,765,1894,72,97
16,16,0.054102,0.822506,0.304809,0.287482,0.011205,761,1914,52,101
16,16,0.067539,0.778422,0.304809,0.300919,0.011586,761,1876,90,101
16,16,0.048798,0.839907,0.304809,0.302687,0.011053,790,1900,66,72
16,16,0.062942,0.793503,0.304809,0.279349,0.011409,737,1913,53,125
16,16,0.058345,0.808585,0.304809,0.302334,0.013955,776,1887,79,86
16,16,0.055516,0.817865,0.304809,0.287482,0.010946,759,1912,54,103
16,16,0.052334,0.828306,0.304809,0.292786,0.011867,771,1909,57,91
16,16,0.052334,0.828306,0.304809,0.289250,0.010930,766,1914,52,96
16,16,0.043847,0.856148,0.304809,0.305516,0.011204,801,1903,63,61
16,16,0.048444,0.841067,0.304809,0.306577,0.010849,796,1895,71,66
16,16,0.061881,0.796984,0.304809,0.273338,0.010691,730,1923,43,132
16,16,0.049505,0.837587,0.304809,0.292079,0.011135,774,1914,52,88
16,16,0.063296,0.792343,0.304809,0.280410,0.011312,738,1911,55,124
16,16,0.036068,0.881671,0.304809,0.300566,0.010743,805,1921,45,57
16,16,0.070014,0.770302,0.304809,0.288543,0.010725,740,1890,76,122
16,16,0.051273,0.831787,0.304809,0.307992,0.011910,794,1889,77,68
16,16,0.051273,0.831787,0.304809,0.303041,0.011538,787,1896,70,75
16,16,0.057992,0.809745,0.304809,0.277228,0.012097,741,1923,43,121
16,16,0.082390,0.729698,0.304809,0.276167,0.011609,705,1890,76,157
16,16,0.054809,0.820186,0.304809,0.301627,0.011022,780,1893,73,82
16,16,0.051273,0.831787,0.304809,0.292433,0.010692,772,1911,55,90
16,16,0.057992,0.809745,0.304809,0.290665,0.010933,760,1904,62,102
16,16,0.049859,0.836427,0.304809,0.288190,0.010274,768,1919,47,94
16,16,0.113861,0.626450,0.304809,0.231259,0.011945,597,1909,57,265
16,16,0.051627,0.830626,0.304809,0.304809,0.010685,789,1893,73,73
16,16,0.044908,0.852668,0.304809,0.313649,0.011448,811,1890,76,51
16,16,0.054809,0.820186,0.304809,0.303748,0.010977,783,1890,76,79
16,16,0.043847,0.856148,0.304809,0.289958,0.011796,779,1925,41,83
16,16,0.044201,0.854988,0.304809,0.297383,0.010998,789,1914,52,73
16,16,0.068600,0.774942,0.304809,0.282178,0.010851,733,1901,65,129
16,16,0.056577,0.814385,0.304809,0.288543,0.010741,759,1909,57,103
16,16,0.054455,0.821346,0.304809,0.282885,0.010671,754,1920,46,108
16,16,0.070721,0.767981,0.304809,0.274399,0.010298,719,1909,57,143
16,16,0.057992,0.809745,0.304809,0.282178,0.010365,748,1916,50,114
16,16,0.054102,0.822506,0.304809,0.286775,0.011380,760,1915,51,102
16,16,0.048444,0.841067,0.304809,0.299505,0.011290,786,1905,61,76
16,16,0.083451,0.726218,0.304809,0.285007,0.011192,716,1876,90,146
16,16,0.046322,0.848028,0.304809,0.309406,0.011288,803,1894,72,59
16,16,0.047737,0.843387,0.304809,0.288897,0.010894,772,1921,45,90
16,16,0.049859,0.836427,0.304809,0.295262,0.010136,778,1909,57,84
16,16,0.043847,0.856148,0.304809,0.301980,0.022362,796,1908,58,66
16,16,0.044908,0.852668,0.304809,0.306577,0.028945,801,1900,66,61
16,16,0.074611,0.755220,0.304809,0.303041,0.010827,754,1863,103,108
16,16,0.047030,0.845708,0.304809,0.288190,0.011843,772,1923,43,90
16,16,0.059760,0.803944,0.304809,0.279703,0.012617,742,1917,49,120
16,16,0.057992,0.809745,0.304809,0.282885,0.012341,749,1915,51,113
16,16,0.079915,0.737819,0.304809,0.280057,0.011826,714,1888,78,148
16,16,0.061174,0.799304,0.304809,0.287482,0.011740,751,1904,62,111
16,16,0.049505,0.837587,0.304809,0.298444,0.011834,783,1905,61,79
16,16,0.059760,0.803944,0.304809,0.307284,0.010770,781,1878,88,81
16,16,0.045262,0.851508,0.304809,0.292079,0.011549,780,1920,46,82
16,16,0.062942,0.793503,0.304809,0.306931,0.011809,776,1874,92,86
16,16,0.050919,0.832947,0.304809,0.294908,0.010530,776,1908,58,86
16,16,0.048444,0.841067,0.304809,0.298091,0.011128,784,1907,59,78
16,16,0.068246,0.776102,0.304809,0.276874,0.012235,726,1909,57,136
16,16,0.057284,0.812065,0.304809,0.288543,0.012148,758,1908,58,104
16,16,0.045969,0.849188,0.304809,0.297030,0.011291,786,1912,54,76
16,16,0.040311,0.867749,0.304809,0.309760,0.012684,812,1902,64,50
16,16,0.068246,0.776102,0.304809,0.283946,0.011436,736,1899,67,126
16,16,0.056223,0.815545,0.304809,0.287482,0.011639,758,1911,55,104
16,16,0.044908,0.852668,0.304809,0.305870,0.011580,800,1901,65,62
16,16,0.059052,0.806265,0.304809,0.293847,0.011433,763,1898,68,99
16,16,0.070721,0.767981,0.304809,0.304102,0.011836,761,1867,99,101
16,16,0.060113,0.802784,0.304809,0.289958,0.010962,756,1902,64,106
16,16,0.095827,0.685615,0.304809,0.288897,0.012370,704,1853,113,158
16,16,0.043494,0.857309,0.304809,0.285361,0.011939,773,1932,34,89
16,16,0.041372,0.864269,0.304809,0.305163,0.011654,804,1907,59,58
16,16,0.041018,0.865429,0.304809,0.305516,0.012317,805,1907,59,57
16,16,0.054455,0.821346,0.304809,0.288543,0.012140,762,1912,54,100
16,16,0.051627,0.830626,0.304809,0.278642,0.012142,752,1930,36,110
16,16,0.070014,0.770302,0.304809,0.293494,0.012468,747,1883,83,115
16,16,0.046322,0.848028,0.304809,0.305163,0.012067,797,1900,66,65
16,16,0.057992,0.809745,0.304809,0.289958,0.011708,759,1905,61,103
16,16,0.050212,0.835267,0.304809,0.298444,0.012364,782,1904,62,80
16,16,0.060467,0.801624,0.304809,0.283946,0.011232,747,1910,56,115
16,16,0.055163,0.819026,0.304809,0.294908,0.012072,770,1902,64,92
16,16,0.052334,0.828306,0.304809,0.295615,0.011703,775,1905,61,87
16,16,0.066124,0.783063,0.304809,0.293140,0.011169,752,1889,77,110
16,16,0.057992,0.809745,0.304809,0.296322,0.011643,768,1896,70,94
16,16,0.062942,0.793503,0.304809,0.290665,0.011099,753,1897,69,109
16,16,0.043847,0.856148,0.304809,0.304809,0.011179,800,1904,62,62
16,16,0.062235,0.795824,0.304809,0.278642,0.011366,737,1915,51,125
16,16,0.051980,0.829466,0.304809,0.306577,0.011503,791,1890,76,71
28,28,0.030764,0.899072,0.304809,0.291726,0.015793,800,1941,25,62
28,28,0.037129,0.878190,0.304809,0.297383,0.014276,799,1924,42,63
28,28,0.030764,0.899072,0.304809,0.300919,0.016161,813,1928,38,49
28,28,0.029349,0.903712,0.304809,0.302334,0.078353,817,1928,38,45
28,28,0.043494,0.857309,0.304809,0.289604,0.068225,779,1926,40,83
28,28,0.042786,0.859629,0.304809,0.284653,0.070608,773,1934,32,89
28,28,0.028642,0.906032,0.304809,0.308699,0.066640,827,1920,46,35
28,28,0.065771,0.784223,0.304809,0.290665,0.073321,749,1893,73,113
28,28,0.027935,0.908353,0.304809,0.295969,0.069952,810,1939,27,52
28,28,0.030764,0.899072,0.304809,0.299505,0.067843,811,1930,36,51
28,28,0.032532,0.893271,0.304809,0.294908,0.076586,802,1934,32,60
28,28,0.031117,0.897912,0.304809,0.305516,0.060868,819,1921,45,43
28,28,0.029703,0.902552,0.304809,0.297737,0.058294,810,1934,32,52
28,28,0.032532,0.893271,0.304809,0.304102,0.058351,815,1921,45,47
28,28,0.029703,0.902552,0.304809,0.307638,0.060339,824,1920,46,38
28,28,0.038897,0.872390,0.304809,0.301980,0.057819,803,1915,51,59
28,28,0.040311,0.867749,0.304809,0.288543,0.056284,782,1932,34,80
28,28,0.038190,0.874710,0.304809,0.287836,0.053404,784,1936,30,78
28,28,0.036068,0.881671,0.304809,0.297737,0.053679,801,1925,41,61
28,28,0.033239,0.890951,0.304809,0.294201,0.056887,800,1934,32,62
28,28,0.031825,0.895592,0.304809,0.301980,0.058528,813,1925,41,49
28,28,0.032178,0.894432,0.304809,0.300212,0.056377,810,1927,39,52
28,28,0.034300,0.887471,0.304809,0.297383,0.055805,803,1928,38,59
28,28,0.028289,0.907193,0.304809,0.308345,0.054971,827,1921,45,35
28,28,0.031471,0.896752,0.304809,0.300212,0.055912,811,1928,38,51
28,28,0.031117,0.897912,0.304809,0.317539,0.080009,836,1904,62,26
28,28,0.047737,0.843387,0.304809,0.293847,0.053572,779,1914,52,83
28,28,0.026167,0.914153,0.304809,0.297737,0.058059,815,1939,27,47
28,28,0.039604,0.870070,0.304809,0.286421,0.056992,780,1936,30,82
28,28,0.031471,0.896752,0.304809,0.305870,0.056124,819,1920,46,43
28,28,0.042786,0.859629,0.304809,0.293847,0.056940,786,1921,45,76
28,28,0.028289,0.907193,0.304809,0.298444,0.057192,813,1935,31,49
28,28,0.036421,0.880510,0.304809,0.283946,0.054160,781,1944,22,81
28,28,0.030764,0.899072,0.304809,0.298091,0.058822,809,1932,34,53
28,28,0.050566,0.834107,0.304809,0.285361,0.054533,763,1922,44,99
28,28,0.046676,0.846868,0.304809,0.299151,0.057616,788,1908,58,74
28,28,0.031825,0.895592,0.304809,0.297030,0.053046,806,1932,34,56
28,28,0.027228,0.910673,0.304809,0.305163,0.055914,824,1927,39,38
28,28,0.023338,0.923434,0.304809,0.301273,0.057455,824,1938,28,38
28,28,0.023338,0.923434,0.304809,0.301980,0.052889,825,1937,29,37
28,28,0.033946,0.888631,0.304809,0.298444,0.057637,805,1927,39,57
28,28,0.033593,0.889791,0.304809,0.300212,0.058275,808,1925,41,54
28,28,0.033593,0.889791,0.304809,0.300919,0.062992,809,1924,42,53
28,28,0.036068,0.881671,0.304809,0.307638,0.053349,815,1911,55,47
28,28,0.023692,0.922274,0.304809,0.298798,0.055848,820,1941,25,42
28,28,0.033593,0.889791,0.304809,0.303041,0.079996,812,1921,45,50
28,28,0.030057,0.901392,0.304809,0.305163,0.053069,820,1923,43,42
28,28,0.027581,0.909513,0.304809,0.307638,0.054970,827,1923,43,35
28,28,0.050212,0.835267,0.304809,0.287836,0.060796,767,1919,47,95
28,28,0.029703,0.902552,0.304809,0.299151,0.060740,812,1932,34,50
28,28,0.038543,0.873550,0.304809,0.305870,0.056492,809,1910,56,53
28,28,0.025460,0.916473,0.304809,0.298444,0.054164,817,1939,27,45
28,28,0.048798,0.839907,0.304809,0.286421,0.054334,767,1923,43,95
28,28,0.027935,0.908353,0.304809,0.298091,0.052978,813,1936,30,49
28,28,0.028289,0.907193,0.304809,0.307638,0.056429,826,1922,44,36
28,28,0.039250,0.871230,0.304809,0.296676,0.056510,795,1922,44,67
28,28,0.039250,0.871230,0.304809,0.294554,0.058696,792,1925,41,70
28,28,0.031471,0.896752,0.304809,0.304455,0.053474,817,1922,44,45
28,28,0.025813,0.915313,0.304809,0.307992,0.052890,830,1925,41,32
28,28,0.030410,0.900232,0.304809,0.297737,0.066421,809,1933,33,53
28,28,0.034300,0.887471,0.304809,0.298091,0.055436,804,1927,39,58
28,28,0.035714,0.882831,0.304809,0.292433,0.055861,794,1933,33,68
28,28,0.028996,0.904872,0.304809,0.299859,0.054182,814,1932,34,48
28,28,0.030764,0.899072,0.304809,0.302334,0.054742,815,1926,40,47
28,28,0.028996,0.904872,0.304809,0.303395,0.061596,819,1927,39,43
28,28,0.046322,0.848028,0.304809,0.288190,0.052027,773,1924,42,89
28,28,0.029703,0.902552,0.304809,0.303395,0.059109,818,1926,40,44
28,28,0.034653,0.886311,0.304809,0.301980,0.057575,809,1921,45,53
28,28,0.023338,0.923434,0.304809,0.305516,0.057587,830,1932,34,32
28,28,0.028289,0.907193,0.304809,0.298444,0.058793,813,1935,31,49
28,28,0.031117,0.897912,0.304809,0.293494,0.053300,802,1938,28,60
28,28,0.034300,0.887471,0.304809,0.295969,0.054261,801,1930,36,61
28,28,0.025813,0.915313,0.304809,0.302334,0.056791,822,1933,33,40
28,28,0.026874,0.911833,0.304809,0.301273,0.055395,819,1933,33,43
28,28,0.043140,0.858469,0.304809,0.295615,0.054059,788,1918,48,74
28,28,0.036068,0.881671,0.304809,0.303395,0.058772,809,1917,49,53
28,28,0.026874,0.911833,0.304809,0.299859,0.056411,817,1935,31,45
28,28,0.032885,0.892111,0.304809,0.300919,0.056308,810,1925,41,52
28,28,0.038190,0.874710,0.304809,0.297030,0.053892,797,1923,43,65
28,28,0.037129,0.878190,0.304809,0.296676,0.054799,798,1925,41,64
28,28,0.030764,0.899072,0.304809,0.302334,0.054408,815,1926,40,47
28,28,0.027581,0.909513,0.304809,0.303395,0.055711,821,1929,37,41
28,28,0.033593,0.889791,0.304809,0.298798,0.053603,806,1927,39,56
28,28,0.031471,0.896752,0.304809,0.300919,0.055811,812,1927,39,50
28,28,0.038897,0.872390,0.304809,0.297030,0.051518,796,1922,44,66
28,28,0.033946,0.888631,0.304809,0.301273,0.050986,809,1923,43,53
28,28,0.036421,0.880510,0.304809,0.281825,0.072803,778,1947,19,84
28,28,0.026167,0.914153,0.304809,0.308345,0.028688,830,1924,42,32
28,28,0.042786,0.859629,0.304809,0.289604,0.027140,780,1927,39,82
28,28,0.030057,0.901392,0.304809,0.296676,0.024095,808,1935,31,54
28,28,0.038543,0.873550,0.304809,0.291726,0.031861,789,1930,36,73
28,28,0.022277,0.926914,0.304809,0.305870,0.024193,832,1933,33,30
28,28,0.029703,0.902552,0.304809,0.304102,0.020555,819,1925,41,43
28,28,0.027581,0.909513,0.304809,0.294201,0.019979,808,1942,24,54
28,28,0.036421,0.880510,0.304809,0.295262,0.018602,797,1928,38,65
28,28,0.044554,0.853828,0.304809,0.299859,0.019493,792,1910,56,70
28,28,0.037129,0.878190,0.304809,0.299505,0.015520,802,1921,45,60
28,28,0.023692,0.922274,0.304809,0.299505,0.014773,821,1940,26,41
28,28,0.031117,0.897912,0.304809,0.304102,0.014558,817,1923,43,45
28,28,0.032178,0.894432,0.304809,0.301627,0.015073,812,1925,41,50
