5,0.09123055162659123,0.7006960556844548
5,0.09123055162659123,0.7006960556844548
5,0.08486562942008487,0.7215777262180973
5,0.09229137199434229,0.697215777262181
5,0.15558698727015557,0.4895591647331786
5,0.13896746817538896,0.5440835266821346
5,0.14214992927864215,0.5336426914153132
5,0.17220650636492218,0.4350348027842228
5,0.12411598302687411,0.5928074245939675
5,0.15664780763790664,0.4860788863109049
5,0.08521923620933522,0.7204176334106729
5,0.11527581329561527,0.6218097447795823
5,0.1396746817538897,0.5417633410672853
5,0.10785007072135784,0.6461716937354989
5,0.10926449787835926,0.6415313225058004
5,0.12517680339462517,0.5893271461716938
5,0.10926449787835926,0.6415313225058004
5,0.10926449787835926,0.6415313225058004
5,0.128005657708628,0.580046403712297
5,0.11704384724186706,0.6160092807424593
5,0.09299858557284299,0.6948955916473318
5,0.10785007072135785,0.6461716937354989
5,0.09936350777934935,0.6740139211136891
5,0.14108910891089108,0.537122969837587
5,0.15275813295615276,0.4988399071925753
5,0.08804809052333805,0.7111368909512761
5,0.10785007072135784,0.6461716937354989
5,0.11527581329561527,0.6218097447795823
5,0.1181046676096181,0.6125290023201856
5,0.10961810466760961,0.6403712296983759
5,0.1410891089108911,0.537122969837587
5,0.1311881188118812,0.5696055684454756
5,0.1845827439886846,0.39443155452436185
5,0.17079207920792078,0.4396751740139211
5,0.12906647807637905,0.5765661252900232
5,0.1760961810466761,0.42227378190255216
5,0.13543140028288542,0.5556844547563805
5,0.13861386138613863,0.5452436194895591
5,0.1333097595473833,0.5626450116009281
5,0.10466760961810467,0.6566125290023201
5,0.13083451202263086,0.5707656612529002
5,0.07779349363507779,0.7447795823665893
5,0.09052333804809053,0.703016241299304
5,0.09087694483734088,0.7018561484918793
5,0.10007072135785007,0.6716937354988399
5,0.157001414427157,0.4849187935034802
5,0.12659123055162658,0.5846867749419954
5,0.13719943422913722,0.5498839907192574
5,0.11704384724186703,0.6160092807424594
5,0.12623762376237624,0.58584686774942
5,0.12199434229137199,0.5997679814385151
5,0.12305516265912306,0.5962877030162412
5,0.1753889674681754,0.4245939675174013
5,0.12199434229137199,0.5997679814385151
5,0.09476661951909476,0.6890951276102089
5,0.1028995756718529,0.6624129930394431
5,0.11775106082036776,0.6136890951276102
5,0.11492220650636492,0.622969837587007
5,0.11951909476661951,0.6078886310904872
5,0.12270155586987269,0.5974477958236659
5,0.11845827439886845,0.611368909512761
5,0.12199434229137199,0.5997679814385151
5,0.12588401697312587,0.5870069605568445
5,0.11704384724186703,0.6160092807424594
5,0.11421499292786422,0.6252900232018561
5,0.12977369165487979,0.574245939675174
5,0.0891089108910891,0.7076566125290022
5,0.1181046676096181,0.6125290023201856
5,0.11173974540311174,0.6334106728538282
5,0.1357850070721358,0.5545243619489558
5,0.15134370579915135,0.5034802784222737
5,0.08663366336633663,0.7157772621809745
5,0.13437057991513437,0.5591647331786542
5,0.12871287128712872,0.5777262180974477
5,0.1828147100424328,0.40023201856148494
5,0.13613861386138615,0.5533642691415313
5,0.12800565770862798,0.580046403712297
5,0.09016973125884017,0.7041763341067284
5,0.10183875530410183,0.665893271461717
5,0.13684582743988685,0.5510440835266821
5,0.13613861386138615,0.5533642691415313
5,0.11138613861386137,0.6345707656612529
5,0.1311881188118812,0.5696055684454756
5,0.1396746817538897,0.5417633410672853
5,0.10820367751060819,0.6450116009280742
5,0.14179632248939178,0.5348027842227379
5,0.08698727015558698,0.7146171693735499
5,0.11775106082036776,0.6136890951276102
5,0.08804809052333805,0.7111368909512761
5,0.16725601131541726,0.45127610208816704
5,0.08663366336633663,0.7157772621809745
5,0.16089108910891087,0.4721577726218098
5,0.1333097595473833,0.5626450116009281
5,0.12800565770862798,0.580046403712297
5,0.15664780763790664,0.4860788863109049
5,0.10572842998585572,0.6531322505800464
5,0.1562942008486563,0.48723897911832936
5,0.1562942008486563,0.48723897911832936
5,0.1113861386138614,0.6345707656612528
5,0.09052333804809053,0.703016241299304
10,0.09405940594059406,0.691415313225058
10,0.09123055162659123,0.7006960556844548
10,0.09087694483734088,0.7018561484918793
10,0.10396039603960397,0.6589327146171693
10,0.08026874115983026,0.7366589327146171
10,0.06223479490806223,0.7958236658932715
10,0.08203677510608204,0.7308584686774942
10,0.06471004243281471,0.7877030162412992
10,0.07920792079207921,0.740139211136891
10,0.09087694483734088,0.7018561484918793
10,0.10749646393210749,0.6473317865429234
10,0.07072135785007072,0.7679814385150812
10,0.08875530410183875,0.7088167053364269
10,0.0739038189533239,0.7575406032482599
10,0.07284299858557283,0.7610208816705337
10,0.08981612446958981,0.7053364269141531
10,0.06471004243281471,0.7877030162412992
10,0.064002828854314,0.7900232018561485
10,0.0830975954738331,0.7273781902552204
10,0.09512022630834512,0.6879350348027842
10,0.06577086280056577,0.7842227378190255
10,0.07213578500707213,0.7633410672853829
10,0.08734087694483735,0.7134570765661252
10,0.07072135785007072,0.7679814385150812
10,0.10077793493635077,0.6693735498839908
10,0.0678925035360679,0.777262180974478
10,0.08062234794908063,0.7354988399071924
10,0.08345120226308345,0.7262180974477959
10,0.06117397454031117,0.7993039443155452
10,0.08981612446958982,0.7053364269141531
10,0.09405940594059406,0.691415313225058
10,0.08203677510608204,0.7308584686774942
10,0.06824611032531824,0.7761020881670534
10,0.09335219236209336,0.6937354988399071
10,0.08062234794908063,0.7354988399071924
10,0.11067892503536068,0.6368909512761021
10,0.09900990099009901,0.6751740139211136
10,0.0876944837340877,0.7122969837587007
10,0.06471004243281471,0.7877030162412992
10,0.10007072135785007,0.6716937354988399
10,0.06011315417256011,0.802784222737819
10,0.09476661951909476,0.6890951276102089
10,0.07885431400282886,0.7412993039443155
10,0.06895332390381895,0.7737819025522041
10,0.07355021216407355,0.7587006960556845
10,0.07991513437057991,0.7378190255220418
10,0.09547383309759547,0.6867749419953596
10,0.07284299858557285,0.7610208816705336
10,0.07142857142857142,0.765661252900232
10,0.057284299858557285,0.8120649651972158
10,0.06753889674681754,0.7784222737819025
10,0.10820367751060819,0.6450116009280742
10,0.0731966053748232,0.759860788863109
10,0.07213578500707213,0.7633410672853829
10,0.10961810466760961,0.6403712296983759
10,0.08946251768033947,0.7064965197215777
10,0.09759547383309759,0.679814385150812
10,0.09688826025459688,0.6821345707656612
10,0.09936350777934937,0.6740139211136891
10,0.0884016973125884,0.7099767981438515
10,0.08804809052333805,0.7111368909512761
10,0.09087694483734088,0.7018561484918793
10,0.10007072135785008,0.6716937354988398
10,0.07673267326732673,0.7482598607888631
10,0.07637906647807638,0.7494199535962877
10,0.064002828854314,0.7900232018561485
10,0.06683168316831684,0.7807424593967517
10,0.07673267326732673,0.7482598607888631
10,0.09016973125884017,0.7041763341067284
10,0.08132956152758133,0.7331786542923433
10,0.07956152758132956,0.7389791183294663
10,0.06294200848656295,0.7935034802784222
10,0.10608203677510608,0.6519721577726219
10,0.07355021216407355,0.7587006960556845
10,0.09936350777934935,0.6740139211136891
10,0.09087694483734088,0.7018561484918793
10,0.08981612446958981,0.7053364269141531
10,0.06753889674681754,0.7784222737819025
10,0.08345120226308346,0.7262180974477958
10,0.086987270155587,0.7146171693735499
10,0.06223479490806223,0.7958236658932715
10,0.12411598302687411,0.5928074245939675
10,0.09547383309759547,0.6867749419953596
10,0.11350777934936351,0.6276102088167053
10,0.08946251768033947,0.7064965197215777
10,0.06930693069306931,0.7726218097447796
10,0.09441301272984441,0.6902552204176333
10,0.06117397454031118,0.7993039443155452
10,0.060113154172560114,0.802784222737819
10,0.10183875530410183,0.665893271461717
10,0.10077793493635079,0.6693735498839907
10,0.0884016973125884,0.7099767981438515
10,0.09971711456859972,0.6728538283062644
10,0.08981612446958982,0.7053364269141531
10,0.10926449787835926,0.6415313225058004
10,0.10431400282885431,0.6577726218097448
10,0.08451202263083452,0.722737819025522
10,0.10007072135785007,0.6716937354988399
10,0.0739038189533239,0.7575406032482599
10,0.07567185289957568,0.7517401392111369
25,0.06647807637906647,0.7819025522041764
25,0.040311173974540315,0.8677494199535962
25,0.07355021216407355,0.7587006960556845
25,0.0739038189533239,0.7575406032482599
25,0.07743988684582744,0.7459396751740139
25,0.060820367751060825,0.8004640371229699
25,0.08097595473833097,0.734338747099768
25,0.06082036775106082,0.8004640371229699
25,0.051626591230551626,0.8306264501160092
25,0.046322489391796326,0.8480278422273781
25,0.042432814710042434,0.8607888631090487
25,0.04066478076379067,0.8665893271461717
25,0.07531824611032532,0.7529002320185615
25,0.054455445544554455,0.8213457076566125
25,0.05516265912305516,0.8190255220417634
25,0.07673267326732673,0.7482598607888631
25,0.0724893917963225,0.7621809744779582
25,0.07779349363507779,0.7447795823665893
25,0.07213578500707214,0.7633410672853828
25,0.05339462517680339,0.8248259860788862
25,0.03712871287128713,0.8781902552204176
25,0.048797736916548796,0.839907192575406
25,0.05975954738330976,0.8039443155452436
25,0.050919377652050915,0.8329466357308585
25,0.06895332390381896,0.7737819025522041
25,0.08274398868458274,0.728538283062645
25,0.051626591230551626,0.8306264501160092
25,0.05374823196605375,0.8236658932714617
25,0.07461103253182462,0.7552204176334106
25,0.0731966053748232,0.759860788863109
25,0.05304101838755304,0.8259860788863109
25,0.07708628005657708,0.7470997679814385
25,0.07036775106082037,0.7691415313225058
25,0.07036775106082037,0.7691415313225058
25,0.0541018387553041,0.8225058004640371
25,0.04314002828854314,0.8584686774941995
25,0.039957567185289956,0.8689095127610209
25,0.059759547383309755,0.8039443155452436
25,0.05622347949080622,0.8155452436194895
25,0.07142857142857144,0.765661252900232
25,0.04243281471004243,0.8607888631090488
25,0.0442008486562942,0.8549883990719258
25,0.07956152758132956,0.7389791183294663
25,0.054101838755304096,0.8225058004640371
25,0.05586987270155587,0.8167053364269141
25,0.07496463932107496,0.7540603248259861
25,0.0724893917963225,0.7621809744779582
25,0.07072135785007072,0.7679814385150812
25,0.03854314002828855,0.8735498839907192
25,0.04985855728429986,0.8364269141531322
25,0.06188118811881188,0.796983758700696
25,0.07178217821782178,0.7645011600928074
25,0.06966053748231965,0.771461716937355
25,0.06188118811881188,0.796983758700696
25,0.06541725601131541,0.7853828306264501
25,0.0739038189533239,0.7575406032482599
25,0.047736916548797734,0.8433874709976799
25,0.04455445544554455,0.8538283062645011
25,0.03925035360678925,0.87122969837587
25,0.07142857142857142,0.765661252900232
25,0.04985855728429986,0.8364269141531322
25,0.04667609618104668,0.8468677494199536
25,0.045615275813295615,0.8503480278422274
25,0.07072135785007072,0.7679814385150812
25,0.07496463932107496,0.7540603248259861
25,0.060113154172560114,0.802784222737819
25,0.07213578500707214,0.7633410672853828
25,0.0724893917963225,0.7621809744779582
25,0.07708628005657708,0.7470997679814385
25,0.03818953323903819,0.8747099767981439
25,0.05091937765205092,0.8329466357308585
25,0.043140028288543145,0.8584686774941995
25,0.056577086280056574,0.814385150812065
25,0.06506364922206506,0.7865429234338747
25,0.07355021216407355,0.7587006960556845
25,0.07213578500707214,0.7633410672853828
25,0.04809052333804809,0.8422273781902552
25,0.07743988684582744,0.7459396751740139
25,0.04526166902404526,0.851508120649652
25,0.06789250353606789,0.777262180974478
25,0.08168316831683169,0.7320185614849188
25,0.044908062234794904,0.8526682134570766
25,0.05834512022630834,0.808584686774942
25,0.07142857142857142,0.765661252900232
25,0.07213578500707214,0.7633410672853828
25,0.048090523338048086,0.8422273781902552
25,0.07496463932107497,0.7540603248259861
25,0.05586987270155587,0.8167053364269141
25,0.042079207920792075,0.8619489559164734
25,0.0746110325318246,0.7552204176334106
25,0.07425742574257427,0.7563805104408352
25,0.05233380480905233,0.8283062645011601
25,0.0442008486562942,0.8549883990719258
25,0.048444130127298445,0.8410672853828306
25,0.07425742574257427,0.7563805104408352
25,0.07531824611032531,0.7529002320185615
25,0.08062234794908062,0.7354988399071926
25,0.07531824611032532,0.7529002320185615
25,0.051626591230551626,0.8306264501160092
25,0.038896746817538894,0.8723897911832946
