5,0.1319543973941368,0.38453357642054087
5,0.13224755700325733,0.3831662108781525
5,0.13609120521172638,0.3652385293223944
5,0.13713355048859935,0.36037678517168026
5,0.13355048859934854,0.37708903068975985
5,0.13433224755700326,0.3734427225767243
5,0.13319218241042347,0.37876025524156787
5,0.1322801302931596,0.38301428137344273
5,0.13667752442996742,0.3625037982376178
5,0.13325732899022802,0.3784563962321482
5,0.1317915309446254,0.38529322394408994
5,0.13201954397394136,0.3842297174111212
5,0.13289902280130295,0.3801276207839561
5,0.13762214983713356,0.35809784260103306
5,0.13498371335504886,0.3704041324825281
5,0.131628664495114,0.386052871467639
5,0.13462540716612378,0.37207535703433603
5,0.1357328990228013,0.3669097538742023
5,0.13286644951140064,0.3802795502886661
5,0.13426710097719868,0.37374658158614404
5,0.13449511400651465,0.37268307505317533
5,0.13009771986970683,0.39319355818900026
5,0.13231270358306188,0.38286235186873296
5,0.13732899022801304,0.3594652081434214
5,0.1301302931596091,0.3930416286842905
5,0.1319543973941368,0.38453357642054087
5,0.13400651465798047,0.3749620176238224
5,0.13325732899022802,0.3784563962321482
5,0.13332247557003257,0.3781525372227287
5,0.13465798045602606,0.37192342752962626
5,0.13726384364820848,0.35976906715284096
5,0.137557003257329,0.3584017016104527
5,0.1334527687296417,0.37754481920388927
5,0.135114006514658,0.3697964144636887
5,0.12912052117263845,0.39775144333029466
5,0.13117263843648208,0.38817988453357644
5,0.1303257328990228,0.39213005165603154
5,0.13325732899022802,0.3784563962321482
5,0.13058631921824104,0.39091461561835306
5,0.14583061889250815,0.3198116074141598
5,0.1336156351791531,0.3767851716803403
5,0.13302931596091205,0.37951990276511693
5,0.13371335504885995,0.3763293831662108
5,0.1336156351791531,0.3767851716803403
5,0.1281758957654723,0.4021573989668794
5,0.12928338762214983,0.3969917958067457
5,0.1332899022801303,0.37830446672743845
5,0.13426710097719868,0.37374658158614404
5,0.13205211726384364,0.38407778790641145
5,0.13315960912052116,0.37891218474627775
5,0.13325732899022802,0.3784563962321482
5,0.13469055374592834,0.3717714980249164
5,0.13153094462540715,0.38650865998176853
5,0.1321498371335505,0.3836219993922819
5,0.1298371335504886,0.39440899422667886
5,0.12912052117263845,0.39775144333029466
5,0.13622149837133551,0.3646308113035551
5,0.1354071661237785,0.36842904892130046
5,0.14928338762214982,0.3037070799149195
5,0.13071661237785015,0.39030689759951387
5,0.13465798045602606,0.37192342752962626
5,0.13159609120521173,0.38620480097234877
5,0.13306188925081433,0.37936797326040717
5,0.12749185667752444,0.40534791856578545
5,0.1361889250814332,0.364782740808265
5,0.13130293159609122,0.387572166514737
5,0.13449511400651465,0.37268307505317533
5,0.13560260586319217,0.3675174718930416
5,0.12677524429967427,0.40869036766940137
5,0.13371335504885995,0.3763293831662108
5,0.13192182410423453,0.38468550592525064
5,0.13058631921824104,0.39091461561835306
5,0.1363843648208469,0.36387116378000606
5,0.130814332247557,0.38985110908538434
5,0.13071661237785015,0.39030689759951387
5,0.1313355048859935,0.38742023701002726
5,0.13234527687296418,0.382710422364023
5,0.15061889250814334,0.297477970221817
5,0.13107491856677525,0.38863567304770585
5,0.1326058631921824,0.3814949863263446
5,0.1357328990228013,0.3669097538742023
5,0.13130293159609122,0.387572166514737
5,0.13315960912052116,0.37891218474627775
5,0.1322801302931596,0.38301428137344273
5,0.1336156351791531,0.3767851716803403
5,0.12843648208469055,0.4009419629292008
5,0.1357328990228013,0.3669097538742023
5,0.1316612377850163,0.3859009419629291
5,0.13273615635179153,0.3808872683075053
5,0.1306840390879479,0.3904588271042235
5,0.1319543973941368,0.38453357642054087
5,0.13348534201954398,0.3773928896991795
5,0.13188925081433225,0.3848374354299604
5,0.13570032573289903,0.3670616833789121
5,0.13263843648208468,0.38134305682163483
5,0.1336156351791531,0.3767851716803403
5,0.14700325732899022,0.31434214524460646
5,0.13420195439739413,0.3740504405955637
5,0.1362540716612378,0.36447888179884524
5,0.13143322475570032,0.38696444849589784
10,0.12302931596091206,0.42616226071103
10,0.12110749185667752,0.4351261014889092
10,0.12537459283387622,0.41522333637192343
10,0.1252768729641694,0.41567912488605274
10,0.12530944625407167,0.415527195381343
10,0.12120521172638438,0.43467031297477965
10,0.12566775244299674,0.41385597082953507
10,0.12586319218241043,0.4129443938012761
10,0.12058631921824105,0.43755697356426615
10,0.12169381107491856,0.43239137040413245
10,0.12351791530944625,0.4238833181403828
10,0.12680781758957654,0.4085384381646916
10,0.12260586319218242,0.4281373442722576
10,0.12677524429967427,0.40869036766940137
10,0.12570032573289902,0.4137040413248253
10,0.12469055374592834,0.4184138559708295
10,0.12003257328990229,0.440139775144333
10,0.12133550488599348,0.43406259495594046
10,0.11980456026058632,0.4412032816773017
10,0.11889250814332247,0.4454573078091765
10,0.12071661237785017,0.43694925554542685
10,0.12185667752442997,0.4316317228805834
10,0.12439739413680781,0.41978122151321784
10,0.12237785016286645,0.4292008508052263
10,0.12114006514657981,0.4349741719841993
10,0.11547231270358307,0.461409905803707
10,0.12361563517915311,0.4234275296262533
10,0.12482084690553746,0.4178061379519902
10,0.12055374592833877,0.4377089030689759
10,0.121628664495114,0.4326952294135521
10,0.12039087947882737,0.438468550592525
10,0.12042345276872965,0.4383166210878152
10,0.12035830618892507,0.43862048009723487
10,0.11846905537459283,0.44743239137040414
10,0.12172638436482083,0.4322394408994227
10,0.12811074918566775,0.40246125797629895
10,0.12224755700325733,0.4298085688240656
10,0.11996742671009772,0.44044363415375265
10,0.12475570032573291,0.4181099969614098
10,0.12185667752442997,0.4316317228805834
10,0.1196742671009772,0.4418109996961409
10,0.12149837133550488,0.4333029474323914
10,0.12198697068403909,0.4310240048617441
10,0.12993485342019545,0.3939532057125493
10,0.11837133550488599,0.44788817988453355
10,0.12107491856677524,0.43527803099361895
10,0.12387622149837134,0.4222120935885748
10,0.12413680781758957,0.42099665755089644
10,0.12260586319218242,0.4281373442722576
10,0.1237785016286645,0.42266788210270434
10,0.1278827361563518,0.40352476450926766
10,0.12371335504885994,0.4229717411121239
10,0.12241042345276873,0.42904892130051653
10,0.12283387622149836,0.427073837739289
10,0.12302931596091204,0.42616226071103014
10,0.12602605863192182,0.41218474627772717
10,0.12420195439739415,0.4206927985414767
10,0.12315960912052117,0.42555454269219084
10,0.11752442996742671,0.45183834700698877
10,0.12175895765472314,0.4320875113947128
10,0.12315960912052117,0.42555454269219084
10,0.12765472312703585,0.40458827104223627
10,0.12612377850162865,0.41172895776359775
10,0.12517915309446254,0.41613491340018227
10,0.12342019543973941,0.42433910665451235
10,0.12094462540716613,0.43588574901245813
10,0.12364820846905537,0.4232756001215435
10,0.14058631921824105,0.34427225767243996
10,0.11706840390879478,0.4539653600729262
10,0.12315960912052118,0.42555454269219073
10,0.12596091205211726,0.4124886052871467
10,0.12394136807817589,0.4219082345791553
10,0.12563517915309447,0.41400790033424484
10,0.12465798045602605,0.41856578547553935
10,0.1244299674267101,0.41962929200850796
10,0.12237785016286645,0.4292008508052263
10,0.1204885993485342,0.43801276207839557
10,0.12599348534201954,0.41233667578243693
10,0.121628664495114,0.4326952294135521
10,0.11912052117263844,0.44439380127620776
10,0.12058631921824105,0.43755697356426615
10,0.12706840390879479,0.407323002127013
10,0.1239413680781759,0.42190823457915516
10,0.12120521172638438,0.43467031297477965
10,0.12478827361563519,0.41795806745670006
10,0.11912052117263844,0.44439380127620776
10,0.12351791530944625,0.4238833181403828
10,0.12286644951140066,0.4269219082345791
10,0.12335504885993485,0.4246429656639319
10,0.12664495114006513,0.40929808568824066
10,0.11840390879478827,0.4477362503798238
10,0.12579804560260585,0.4132482528106959
10,0.12413680781758957,0.42099665755089644
10,0.12381107491856677,0.42251595259799457
10,0.1314657980456026,0.38681251899118807
10,0.12423452768729641,0.4205408690367669
10,0.13553745928338762,0.3678213309024613
10,0.12745928338762214,0.40549984807049533
10,0.12397394136807818,0.4217563050744454
10,0.12550488599348533,0.41461561835308414
25,0.10205211726384364,0.5240048617441507
25,0.09947882736156352,0.536007292616226
25,0.09719869706840391,0.5466423579459131
25,0.10550488599348534,0.5079003342449103
25,0.10563517915309446,0.5072926162260711
25,0.09400651465798046,0.5615314494074749
25,0.10319218241042345,0.5186873290793073
25,0.09990228013029316,0.5340322090549985
25,0.09960912052117264,0.5353995745973867
25,0.10136807817589577,0.5271953813430568
25,0.09713355048859934,0.5469462169553327
25,0.10879478827361563,0.4925554542692191
25,0.10175895765472312,0.5253722272865391
25,0.09661237785016287,0.5493770890306897
25,0.10648208469055374,0.5033424491036159
25,0.09332247557003256,0.564721969006381
25,0.10973941368078176,0.48814949863263446
25,0.10358306188925082,0.5168641750227894
25,0.09921824104234528,0.5372227286539046
25,0.1037785016286645,0.5159525979945305
25,0.10153094462540717,0.5264357338195077
25,0.10579804560260586,0.506532968702522
25,0.1022801302931596,0.522941355211182
25,0.10403908794788275,0.5147371619568519
25,0.09824104234527686,0.541780613795199
25,0.10094462540716612,0.5291704649042844
25,0.10208469055374593,0.5238529322394408
25,0.09863192182410424,0.5399574597386811
25,0.09824104234527686,0.541780613795199
25,0.09859934853420196,0.540109389243391
25,0.09850162866449512,0.5405651777575204
25,0.10312703583061889,0.5189911880887268
25,0.09605863192182411,0.5519598906107566
25,0.10837133550488601,0.49453053783044654
25,0.10387622149837134,0.5154968094804011
25,0.10003257328990228,0.5334244910361592
25,0.1070684039087948,0.5006077180188392
25,0.10205211726384364,0.5240048617441507
25,0.10094462540716612,0.5291704649042844
25,0.10345276872964168,0.5174718930416287
25,0.10322475570032574,0.5185353995745974
25,0.10094462540716612,0.5291704649042844
25,0.10338762214983713,0.5177757520510483
25,0.09273615635179153,0.5674567000911577
25,0.10657980456026059,0.5028866605894864
25,0.10439739413680782,0.513065937405044
25,0.106742671009772,0.5021270130659373
25,0.1011400651465798,0.5282588878760255
25,0.10221498371335505,0.5232452142206017
25,0.09947882736156352,0.536007292616226
25,0.09579804560260587,0.5531753266484352
25,0.10716612377850163,0.5001519295047099
25,0.09843648208469055,0.5408690367669402
25,0.10029315960912052,0.5322090549984806
25,0.10397394136807817,0.5150410209662717
25,0.10986970684039088,0.48754178061379516
25,0.09977198697068404,0.5346399270738378
25,0.10133550488599348,0.5273473108477666
25,0.10846905537459284,0.49407474931631723
25,0.09462540716612378,0.5586447888179884
25,0.09931596091205212,0.5367669401397751
25,0.10511400651465798,0.5097234883014281
25,0.10791530944625408,0.4966575508963841
25,0.09788273615635179,0.5434518383470069
25,0.10469055374592834,0.5116985718626557
25,0.0955700325732899,0.5542388331814039
25,0.10361563517915309,0.5167122455180796
25,0.10338762214983713,0.5177757520510483
25,0.10087947882736156,0.5294743239137041
25,0.10140065146579805,0.527043451838347
25,0.10058631921824104,0.5308416894560923
25,0.1004885993485342,0.5312974779702218
25,0.09289902280130294,0.5666970525676085
25,0.10495114006514658,0.5104831358249772
25,0.09879478827361562,0.5391978122151322
25,0.09566775244299675,0.5537830446672743
25,0.09671009771986971,0.5489213005165603
25,0.10273615635179154,0.5208143421452446
25,0.1070358306188925,0.5007596475235491
25,0.10332247557003257,0.518079611060468
25,0.10276872964169381,0.5206624126405348
25,0.10498371335504886,0.5103312063202674
25,0.10680781758957654,0.5018231540565178
25,0.09811074918566776,0.5423883318140382
25,0.1,0.5335764205408691
25,0.10508143322475569,0.509875417806138
25,0.1011400651465798,0.5282588878760255
25,0.10130293159609119,0.5274992403524765
25,0.09895765472312704,0.538438164691583
25,0.0995114006514658,0.5358553631115162
25,0.10052117263843648,0.531145548465512
25,0.09358306188925081,0.5635065329687026
25,0.10592833876221498,0.5059252506836828
25,0.10120521172638436,0.527955028866606
25,0.09814332247557003,0.5422364023093285
25,0.10159609120521172,0.526131874810088
25,0.09977198697068404,0.5346399270738378
25,0.10234527687296416,0.5226374962017624
25,0.09977198697068404,0.5346399270738378
25,0.0986970684039088,0.5396536007292616
50,0.0862214983713355,0.5978426010331206
50,0.07742671009771987,0.6388635673047706
50,0.07576547231270359,0.6466119720449711
50,0.08153094462540716,0.619720449711334
50,0.07563517915309446,0.6472196900638103
50,0.08459283387622149,0.6054390762686114
50,0.07781758957654723,0.6370404132482528
50,0.08234527687296417,0.6159222120935886
50,0.0790228013029316,0.6314190215739897
50,0.0798371335504886,0.6276207839562442
50,0.08400651465798045,0.608173807353388
50,0.08511400651465797,0.6030082041932543
50,0.08218241042345277,0.6166818596171376
50,0.07964169381107492,0.6285323609845033
50,0.08345276872964169,0.6107566089334548
50,0.07889250814332248,0.632026739592829
50,0.08371335504885993,0.6095411728957764
50,0.08094462540716613,0.6224551807961105
50,0.07462540716612379,0.6519295047098146
50,0.07716612377850163,0.640079003342449
50,0.07579804560260586,0.6464600425402613
50,0.07791530944625408,0.6365846247341234
50,0.07899022801302932,0.6315709510786994
50,0.08009771986970685,0.6264053479185657
50,0.08153094462540716,0.619720449711334
50,0.0762540716612378,0.6443330294743239
50,0.08713355048859936,0.5935885749012457
50,0.08462540716612378,0.6052871467639015
50,0.08315960912052117,0.6121239744758432
50,0.08306188925081433,0.6125797629899726
50,0.07931596091205212,0.6300516560316013
50,0.08,0.6268611364326953
50,0.07625407166123778,0.6443330294743239
50,0.08140065146579804,0.6203281677301732
50,0.08192182410423453,0.6178972956548161
50,0.07954397394136808,0.6289881494986326
50,0.0803257328990228,0.6253418413855971
50,0.08319218241042345,0.6119720449711334
50,0.08439739413680782,0.6063506532968703
50,0.0804885993485342,0.6245821938620479
50,0.0831270358306189,0.612275903980553
50,0.08654723127035831,0.5963233059860225
50,0.07485342019543974,0.6508659981768459
50,0.079185667752443,0.6306593740504406
50,0.07885993485342019,0.6321786690975388
50,0.07771986970684039,0.6374962017623822
50,0.08267100977198696,0.6144029170464904
50,0.07537459283387622,0.6484351261014889
50,0.0754071661237785,0.648283196596779
50,0.07899022801302932,0.6315709510786994
50,0.07977198697068404,0.627924642965664
50,0.08332247557003257,0.6113643269522941
50,0.08026058631921824,0.6256457003950167
50,0.07781758957654723,0.6370404132482528
50,0.08534201954397394,0.6019446976602856
50,0.08228013029315961,0.6162260711030081
50,0.08205211726384365,0.6172895776359768
50,0.08964169381107492,0.5818900030385901
50,0.07814332247557004,0.6355211182011546
50,0.08260586319218241,0.6147067760559101
50,0.07885993485342019,0.6321786690975388
50,0.08162866449511401,0.6192646611972045
50,0.07931596091205212,0.6300516560316013
50,0.08042345276872964,0.6248860528714677
50,0.07879478827361563,0.6324825281069584
50,0.0855700325732899,0.6008811911273169
50,0.0804885993485342,0.6245821938620479
50,0.08400651465798045,0.608173807353388
50,0.07726384364820847,0.6396232148283196
50,0.08719869706840391,0.5932847158918262
50,0.0749185667752443,0.6505621391674263
50,0.07905537459283388,0.6312670920692798
50,0.08566775244299674,0.6004254026131874
50,0.07843648208469056,0.6341537526587663
50,0.08521172638436482,0.6025524156791249
50,0.08153094462540716,0.619720449711334
50,0.0804885993485342,0.6245821938620479
50,0.08892508143322475,0.5852324521422061
50,0.07472312703583062,0.6514737161956852
50,0.0849185667752443,0.6039197812215131
50,0.07530944625407165,0.6487389851109086
50,0.07863192182410424,0.6332421756305074
50,0.07397394136807818,0.6549680948040109
50,0.0880456026058632,0.589334548769371
50,0.08469055374592835,0.6049832877544818
50,0.08514657980456025,0.6028562746885445
50,0.08140065146579804,0.6203281677301732
50,0.0821498371335505,0.6168337891218474
50,0.07100977198697069,0.6687936797326041
50,0.08423452768729642,0.6071103008204193
50,0.07716612377850163,0.640079003342449
50,0.07915309446254071,0.6308113035551504
50,0.07843648208469055,0.6341537526587664
50,0.08042345276872964,0.6248860528714677
50,0.07684039087947883,0.6415982983895472
50,0.08517915309446253,0.6027043451838348
50,0.08553745928338763,0.6010331206320267
50,0.0803257328990228,0.6253418413855971
50,0.08335504885993486,0.6112123974475843
50,0.07644951140065145,0.6434214524460651
75,0.07221498371335505,0.6631722880583408
75,0.07436482084690554,0.6531449407474932
75,0.07009771986970684,0.6730477058644788
75,0.060293159609120524,0.7187784867821331
75,0.06758957654723127,0.6847462777271346
75,0.06732899022801303,0.6859617137648131
75,0.06299674267100977,0.7061683378912185
75,0.06993485342019544,0.673807353388028
75,0.069185667752443,0.6773017319963537
75,0.07156351791530945,0.6662108781525372
75,0.06257328990228013,0.708143421452446
75,0.06895765472312704,0.6783652385293224
75,0.06710097719869706,0.6870252202977818
75,0.07514657980456026,0.6494986326344576
75,0.06221498371335505,0.709814646004254
75,0.06960912052117264,0.6753266484351261
75,0.058762214983713354,0.7259191735034944
75,0.06302931596091205,0.7060164083865086
75,0.0767100977198697,0.6422060164083865
75,0.0657328990228013,0.6934062594955941
75,0.06700325732899023,0.6874810088119112
75,0.0676872964169381,0.6842904892130052
75,0.06892508143322476,0.6785171680340322
75,0.058045602605863195,0.7292616226071102
75,0.0668729641693811,0.6880887268307505
75,0.06563517915309446,0.6938620480097235
75,0.0668729641693811,0.6880887268307505
75,0.06413680781758957,0.700850805226375
75,0.06970684039087949,0.6748708599209966
75,0.07045602605863192,0.6713764813126709
75,0.07117263843648208,0.668034032209055
75,0.06436482084690553,0.6997872986934063
75,0.07224755700325733,0.6630203585536312
75,0.06495114006514659,0.6970525676086295
75,0.07013029315960911,0.6728957763597692
75,0.0668729641693811,0.6880887268307505
75,0.06358306188925082,0.7034336068064417
75,0.06703583061889251,0.6873290793072014
75,0.06827361563517916,0.6815557581282286
75,0.06094462540716612,0.7157398966879368
75,0.07315960912052118,0.6587663324217563
75,0.0698371335504886,0.6742631419021574
75,0.06980456026058632,0.6744150714068672
75,0.07185667752442997,0.6648435126101488
75,0.07087947882736156,0.6694013977514433
75,0.05947882736156351,0.7225767243998784
75,0.0655700325732899,0.694165907019143
75,0.0732899022801303,0.658158614402917
75,0.06794788273615635,0.6830750531753267
75,0.06690553745928339,0.6879367973260406
75,0.0713029315960912,0.6674263141902157
75,0.06211726384364821,0.7102704345183835
75,0.06302931596091205,0.7060164083865086
75,0.06895765472312704,0.6783652385293224
75,0.0652442996742671,0.6956852020662412
75,0.06462540716612378,0.6985718626557278
75,0.07149837133550489,0.6665147371619569
75,0.06677524429967427,0.6885445153448799
75,0.06651465798045603,0.6897599513825585
75,0.0752442996742671,0.6490428441203282
75,0.06905537459283388,0.677909450015193
75,0.07205211726384365,0.66393193558189
75,0.06498371335504886,0.6969006381039198
75,0.06758957654723127,0.6847462777271346
75,0.07035830618892508,0.6718322698268003
75,0.06061889250814332,0.7172591917350349
75,0.06537459283387623,0.6950774840474019
75,0.06136807817589576,0.7137648131267091
75,0.07198697068403909,0.6642357945913095
75,0.06322475570032574,0.7051048313582498
75,0.0634527687296417,0.704041324825281
75,0.06680781758957655,0.6883925858401702
75,0.07061889250814332,0.6706168337891218
75,0.06550488599348533,0.6944697660285628
75,0.06364820846905538,0.7031297477970222
75,0.06537459283387623,0.6950774840474019
75,0.06433224755700326,0.699939228198116
75,0.06977198697068404,0.674567000911577
75,0.06941368078175895,0.676238225463385
75,0.06986970684039087,0.6741112123974475
75,0.06094462540716612,0.7157398966879368
75,0.07312703583061889,0.6589182619264662
75,0.06846905537459283,0.6806441810999696
75,0.07433224755700325,0.653296870252203
75,0.06322475570032574,0.7051048313582498
75,0.06410423452768729,0.7010027347310848
75,0.06742671009771987,0.6855059252506837
75,0.06765472312703583,0.6844424187177149
75,0.062117263843648206,0.7102704345183835
75,0.061563517915309444,0.7128532360984503
75,0.06615635179153095,0.6914311759343663
75,0.06641693811074918,0.6902157398966879
75,0.06648208469055375,0.6899118808872683
75,0.06527687296416938,0.6955332725615314
75,0.0627687296416938,0.7072318444241872
75,0.06332247557003257,0.7046490428441203
75,0.0636156351791531,0.703281677301732
75,0.06781758957654724,0.6836827711941659
75,0.06814332247557003,0.6821634761470677
75,0.07237785016286645,0.6624126405347919
100,0.05583061889250814,0.7395928289273777
100,0.05794788273615635,0.7297174111212397
100,0.05332247557003257,0.7512914007900334
100,0.05368078175895765,0.7496201762382255
100,0.05866449511400652,0.7263749620176239
100,0.05762214983713355,0.7312367061683379
100,0.05837133550488599,0.7277423275600121
100,0.05358306188925081,0.7500759647523549
100,0.056091205211726385,0.7383773928896992
100,0.06325732899022801,0.7049529018535399
100,0.050912052117263844,0.7625341841385597
100,0.05423452768729641,0.7470373746581587
100,0.05723127035830619,0.7330598602248557
100,0.054201954397394135,0.7471893041628684
100,0.05123778501628665,0.7610148890914615
100,0.056807817589576544,0.7350349437860833
100,0.05798045602605863,0.72956548161653
100,0.05302931596091205,0.7526587663324218
100,0.052671009771986965,0.7543299908842297
100,0.051628664495114,0.7591917350349437
100,0.05977198697068404,0.7212093588574902
100,0.06123778501628664,0.7143725311455484
100,0.052149837133550495,0.7567608629595868
100,0.057752442996742676,0.7306289881494986
100,0.057231270358306184,0.7330598602248557
100,0.0555700325732899,0.7408082649650563
100,0.054267100977198696,0.7468854451534488
100,0.05514657980456026,0.7427833485262838
100,0.05648208469055374,0.7365542388331814
100,0.0636156351791531,0.703281677301732
100,0.05241042345276873,0.7555454269219082
100,0.052019543973941366,0.757368580978426
100,0.057980456026058634,0.7295654816165299
100,0.05504885993485342,0.7432391370404132
100,0.060423452768729645,0.7181707687632938
100,0.05807817589576547,0.7291096931024005
100,0.0549185667752443,0.7438468550592525
100,0.0586970684039088,0.726223032512914
100,0.05315960912052117,0.7520510483135825
100,0.05775244299674267,0.7306289881494986
100,0.057491856677524426,0.7318444241871771
100,0.0634527687296417,0.704041324825281
100,0.048729641693811075,0.7727134609541173
100,0.06250814332247558,0.7084472804618657
100,0.06045602605863192,0.718018839258584
100,0.056807817589576544,0.7350349437860833
100,0.05703583061889251,0.7339714372531145
100,0.0626058631921824,0.7079914919477363
100,0.05358306188925081,0.7500759647523549
100,0.06390879478827362,0.7019143117593436
100,0.05045602605863192,0.7646611972044971
100,0.059511400651465804,0.7224247948951685
100,0.05697068403908795,0.7342752962625342
100,0.061335504885993486,0.713916742631419
100,0.054332247557003256,0.7465815861440291
100,0.054820846905537464,0.7443026435733819
100,0.05879478827361564,0.7257672439987846
100,0.057687296416938115,0.7309328471589183
100,0.05710097719869707,0.7336675782436949
100,0.05970684039087948,0.7215132178669097
100,0.05511400651465798,0.7429352780309936
100,0.0550814332247557,0.7430872075357033
100,0.056449511400651464,0.7367061683378913
100,0.053648208469055374,0.7497721057429353
100,0.04928338762214984,0.7701306593740505
100,0.05869706840390879,0.726223032512914
100,0.05478827361563517,0.7444545730780918
100,0.056286644951140066,0.7374658158614402
100,0.05407166123778502,0.7477970221817076
100,0.05358306188925081,0.7500759647523549
100,0.0511400651465798,0.7614706776055911
100,0.058599348534201956,0.7266788210270434
100,0.05335504885993485,0.7511394712853237
100,0.06013029315960912,0.7195381343056821
100,0.056710097719869706,0.7354907323002127
100,0.053420195439739415,0.7508356122759039
100,0.052117263843648204,0.7569127924642965
100,0.05387622149837133,0.7487085992099666
100,0.05667752442996743,0.7356426618049225
100,0.05276872964169381,0.7538742023701003
100,0.05785016286644951,0.7301731996353691
100,0.06026058631921824,0.7189304162868428
100,0.06843648208469055,0.6807961106046794
100,0.059934853420195444,0.720449711333941
100,0.056221498371335506,0.73776967487086
100,0.05599348534201955,0.7388331814038286
100,0.0511400651465798,0.7614706776055911
100,0.060781758957654725,0.7164995442114859
100,0.05583061889250815,0.7395928289273777
100,0.05094462540716612,0.7623822546338499
100,0.05762214983713355,0.7312367061683379
100,0.0637785016286645,0.7025220297781829
100,0.05283387622149837,0.7535703433606806
100,0.059804560260586316,0.7210574293527803
100,0.05641693811074919,0.736858097842601
100,0.05302931596091205,0.7526587663324218
100,0.05397394136807818,0.748252810695837
100,0.053420195439739415,0.7508356122759039
100,0.05674267100977199,0.7353388027955028
100,0.04876221498371336,0.7725615314494074
