1,1,0.251991,0.100033,0.280000,0.028009,0.010061,1210,31104,0,10886
1,1,0.261852,0.064815,0.280000,0.026667,0.008950,968,30920,184,11128
1,1,0.251991,0.100033,0.280000,0.028009,0.008650,1210,31104,0,10886
1,1,0.253333,0.095238,0.280000,0.026667,0.013521,1152,31104,0,10944
1,1,0.251991,0.100033,0.280000,0.028009,0.008508,1210,31104,0,10886
1,1,0.253333,0.095238,0.280000,0.026667,0.008672,1152,31104,0,10944
1,1,0.253333,0.095238,0.280000,0.026667,0.010119,1152,31104,0,10944
1,1,0.251991,0.100033,0.280000,0.028009,0.009600,1210,31104,0,10886
1,1,0.251991,0.100033,0.280000,0.028009,0.007731,1210,31104,0,10886
1,1,0.259167,0.074405,0.280000,0.026667,0.008031,1026,30978,126,11070
1,1,0.251991,0.100033,0.280000,0.028009,0.008055,1210,31104,0,10886
1,1,0.251991,0.100033,0.280000,0.028009,0.008152,1210,31104,0,10886
1,1,0.253333,0.095238,0.280000,0.026667,0.008422,1152,31104,0,10944
1,1,0.253333,0.095238,0.280000,0.026667,0.008199,1152,31104,0,10944
1,1,0.251991,0.100033,0.280000,0.028009,0.008502,1210,31104,0,10886
1,1,0.253333,0.095238,0.280000,0.026667,0.008044,1152,31104,0,10944
1,1,0.251991,0.100033,0.280000,0.028009,0.008891,1210,31104,0,10886
1,1,0.253333,0.095238,0.280000,0.026667,0.011599,1152,31104,0,10944
1,1,0.251991,0.100033,0.280000,0.028009,0.007536,1210,31104,0,10886
1,1,0.253333,0.095238,0.280000,0.026667,0.007800,1152,31104,0,10944
1,1,0.253333,0.095238,0.280000,0.026667,0.007914,1152,31104,0,10944
1,1,0.259167,0.074405,0.280000,0.026667,0.007474,1026,30978,126,11070
1,1,0.251991,0.100033,0.280000,0.028009,0.007585,1210,31104,0,10886
1,1,0.251991,0.100033,0.280000,0.028009,0.007637,1210,31104,0,10886
1,1,0.251991,0.100033,0.280000,0.028009,0.012004,1210,31104,0,10886
1,1,0.253333,0.095238,0.280000,0.026667,0.008893,1152,31104,0,10944
1,1,0.253333,0.095238,0.280000,0.026667,0.008758,1152,31104,0,10944
1,1,0.253333,0.095238,0.280000,0.026667,0.012398,1152,31104,0,10944
1,1,0.253333,0.095238,0.280000,0.026667,0.007801,1152,31104,0,10944
1,1,0.253333,0.095238,0.280000,0.026667,0.007936,1152,31104,0,10944
1,1,0.253333,0.095238,0.280000,0.026667,0.007389,1152,31104,0,10944
1,1,0.261852,0.064815,0.280000,0.026667,0.008020,968,30920,184,11128
1,1,0.261852,0.064815,0.280000,0.026667,0.008355,968,30920,184,11128
1,1,0.261852,0.064815,0.280000,0.026667,0.007934,968,30920,184,11128
1,1,0.253333,0.095238,0.280000,0.026667,0.008850,1152,31104,0,10944
1,1,0.253333,0.095238,0.280000,0.026667,0.007799,1152,31104,0,10944
1,1,0.253333,0.095238,0.280000,0.026667,0.007554,1152,31104,0,10944
1,1,0.253333,0.095238,0.280000,0.026667,0.007816,1152,31104,0,10944
1,1,0.259167,0.074405,0.280000,0.026667,0.007859,1026,30978,126,11070
1,1,0.251991,0.100033,0.280000,0.028009,0.008368,1210,31104,0,10886
1,1,0.253333,0.095238,0.280000,0.026667,0.007765,1152,31104,0,10944
1,1,0.259167,0.074405,0.280000,0.026667,0.007857,1026,30978,126,11070
1,1,0.251991,0.100033,0.280000,0.028009,0.007821,1210,31104,0,10886
1,1,0.253333,0.095238,0.280000,0.026667,0.007526,1152,31104,0,10944
1,1,0.251991,0.100033,0.280000,0.028009,0.007384,1210,31104,0,10886
1,1,0.253333,0.095238,0.280000,0.026667,0.007971,1152,31104,0,10944
1,1,0.251991,0.100033,0.280000,0.028009,0.007877,1210,31104,0,10886
1,1,0.253333,0.095238,0.280000,0.026667,0.008114,1152,31104,0,10944
1,1,0.251991,0.100033,0.280000,0.028009,0.007801,1210,31104,0,10886
1,1,0.259167,0.074405,0.280000,0.026667,0.007939,1026,30978,126,11070
1,1,0.253333,0.095238,0.280000,0.026667,0.007147,1152,31104,0,10944
1,1,0.263333,0.059524,0.280000,0.020000,0.007327,792,31032,72,11304
1,1,0.251991,0.100033,0.280000,0.028009,0.007743,1210,31104,0,10886
1,1,0.253333,0.095238,0.280000,0.026667,0.008840,1152,31104,0,10944
1,1,0.261852,0.064815,0.280000,0.026667,0.007356,968,30920,184,11128
1,1,0.253333,0.095238,0.280000,0.026667,0.007634,1152,31104,0,10944
1,1,0.259167,0.074405,0.280000,0.026667,0.007672,1026,30978,126,11070
1,1,0.251991,0.100033,0.280000,0.028009,0.007899,1210,31104,0,10886
1,1,0.253333,0.095238,0.280000,0.026667,0.007986,1152,31104,0,10944
1,1,0.253333,0.095238,0.280000,0.026667,0.007652,1152,31104,0,10944
1,1,0.251991,0.100033,0.280000,0.028009,0.007742,1210,31104,0,10886
1,1,0.261852,0.064815,0.280000,0.026667,0.007461,968,30920,184,11128
1,1,0.253333,0.095238,0.280000,0.026667,0.008623,1152,31104,0,10944
1,1,0.251991,0.100033,0.280000,0.028009,0.007579,1210,31104,0,10886
1,1,0.262963,0.060847,0.280000,0.026667,0.007667,944,30896,208,11152
1,1,0.251991,0.100033,0.280000,0.028009,0.007893,1210,31104,0,10886
1,1,0.251991,0.100033,0.280000,0.028009,0.007426,1210,31104,0,10886
1,1,0.253333,0.095238,0.280000,0.026667,0.007217,1152,31104,0,10944
1,1,0.251991,0.100033,0.280000,0.028009,0.007993,1210,31104,0,10886
1,1,0.262963,0.060847,0.280000,0.026667,0.007236,944,30896,208,11152
1,1,0.263333,0.059524,0.280000,0.020000,0.008492,792,31032,72,11304
1,1,0.263333,0.059524,0.280000,0.020000,0.008618,792,31032,72,11304
1,1,0.253333,0.095238,0.280000,0.026667,0.007665,1152,31104,0,10944
1,1,0.251991,0.100033,0.280000,0.028009,0.011790,1210,31104,0,10886
1,1,0.251991,0.100033,0.280000,0.028009,0.007154,1210,31104,0,10886
1,1,0.261852,0.064815,0.280000,0.026667,0.007193,968,30920,184,11128
1,1,0.261852,0.064815,0.280000,0.026667,0.006908,968,30920,184,11128
1,1,0.251991,0.100033,0.280000,0.028009,0.007098,1210,31104,0,10886
1,1,0.263333,0.059524,0.280000,0.020000,0.006903,792,31032,72,11304
1,1,0.253333,0.095238,0.280000,0.026667,0.007337,1152,31104,0,10944
1,1,0.253333,0.095238,0.280000,0.026667,0.008873,1152,31104,0,10944
1,1,0.253333,0.095238,0.280000,0.026667,0.007346,1152,31104,0,10944
1,1,0.263333,0.059524,0.280000,0.020000,0.008388,792,31032,72,11304
1,1,0.253333,0.095238,0.280000,0.026667,0.008124,1152,31104,0,10944
1,1,0.253333,0.095238,0.280000,0.026667,0.007864,1152,31104,0,10944
1,1,0.262963,0.060847,0.280000,0.026667,0.007588,944,30896,208,11152
1,1,0.253333,0.095238,0.280000,0.026667,0.007796,1152,31104,0,10944
1,1,0.251991,0.100033,0.280000,0.028009,0.007647,1210,31104,0,10886
1,1,0.251991,0.100033,0.280000,0.028009,0.007715,1210,31104,0,10886
1,1,0.253333,0.095238,0.280000,0.026667,0.009735,1152,31104,0,10944
1,1,0.251991,0.100033,0.280000,0.028009,0.007891,1210,31104,0,10886
1,1,0.251991,0.100033,0.280000,0.028009,0.007726,1210,31104,0,10886
1,1,0.253333,0.095238,0.280000,0.026667,0.007749,1152,31104,0,10944
1,1,0.251991,0.100033,0.280000,0.028009,0.007746,1210,31104,0,10886
1,1,0.251991,0.100033,0.280000,0.028009,0.007142,1210,31104,0,10886
1,1,0.253333,0.095238,0.280000,0.026667,0.008268,1152,31104,0,10944
1,1,0.259167,0.074405,0.280000,0.026667,0.008450,1026,30978,126,11070
1,1,0.251991,0.100033,0.280000,0.028009,0.008564,1210,31104,0,10886
1,1,0.253333,0.095238,0.280000,0.026667,0.008037,1152,31104,0,10944
1,1,0.251991,0.100033,0.280000,0.028009,0.007232,1210,31104,0,10886
2,2,0.236806,0.154266,0.280000,0.053333,0.012707,2085,30885,219,10011
2,2,0.238657,0.147652,0.280000,0.041343,0.012811,1786,31104,0,10310
2,2,0.232546,0.169478,0.280000,0.062361,0.013271,2372,30782,322,9724
2,2,0.238657,0.147652,0.280000,0.041343,0.012087,1786,31104,0,10310
2,2,0.241991,0.135747,0.280000,0.038009,0.011414,1642,31104,0,10454
2,2,0.240000,0.142857,0.280000,0.040000,0.013479,1728,31104,0,10368
2,2,0.245046,0.124835,0.280000,0.041065,0.011448,1642,30972,132,10454
2,2,0.241991,0.135747,0.280000,0.038009,0.012669,1642,31104,0,10454
2,2,0.240000,0.142857,0.280000,0.040000,0.012262,1728,31104,0,10368
2,2,0.236806,0.154266,0.280000,0.053333,0.011888,2085,30885,219,10011
2,2,0.243333,0.130952,0.280000,0.036667,0.012781,1584,31104,0,10512
2,2,0.249954,0.107308,0.280000,0.048889,0.012160,1705,30697,407,10391
2,2,0.245787,0.122189,0.280000,0.041806,0.013055,1642,30940,164,10454
2,2,0.238889,0.146825,0.280000,0.053333,0.012548,2040,30840,264,10056
2,2,0.241667,0.136905,0.280000,0.043333,0.013481,1764,30996,108,10332
2,2,0.238657,0.147652,0.280000,0.041343,0.012195,1786,31104,0,10310
2,2,0.236806,0.154266,0.280000,0.053333,0.012216,2085,30885,219,10011
2,2,0.239583,0.144345,0.280000,0.052917,0.012211,2016,30834,270,10080
2,2,0.236944,0.153770,0.280000,0.048889,0.012436,1986,30978,126,10110
2,2,0.239583,0.144345,0.280000,0.052917,0.013075,2016,30834,270,10080
2,2,0.243657,0.129795,0.280000,0.039676,0.012027,1642,31032,72,10454
2,2,0.238426,0.148479,0.280000,0.053333,0.012723,2050,30850,254,10046
2,2,0.238657,0.147652,0.280000,0.041343,0.012852,1786,31104,0,10310
2,2,0.241991,0.135747,0.280000,0.038009,0.012022,1642,31104,0,10454
2,2,0.252755,0.097305,0.280000,0.061458,0.012142,1916,30365,739,10180
2,2,0.244491,0.126819,0.280000,0.040509,0.013219,1642,30996,108,10454
2,2,0.245185,0.124339,0.280000,0.043333,0.012455,1688,30920,184,10408
2,2,0.243333,0.130952,0.280000,0.036667,0.012491,1584,31104,0,10512
2,2,0.246667,0.119048,0.280000,0.041667,0.012737,1620,30924,180,10476
2,2,0.243333,0.130952,0.280000,0.036667,0.012238,1584,31104,0,10512
2,2,0.236806,0.154266,0.280000,0.053333,0.011635,2085,30885,219,10011
2,2,0.238889,0.146825,0.280000,0.053333,0.012306,2040,30840,264,10056
2,2,0.244259,0.127646,0.280000,0.043333,0.012949,1708,30940,164,10388
2,2,0.238426,0.148479,0.280000,0.053333,0.012624,2050,30850,254,10046
2,2,0.239630,0.144180,0.280000,0.048889,0.012842,1928,30920,184,10168
2,2,0.238426,0.148479,0.280000,0.053333,0.013521,2050,30850,254,10046
2,2,0.244259,0.127646,0.280000,0.043333,0.012516,1708,30940,164,10388
2,2,0.240000,0.142857,0.280000,0.040000,0.013021,1728,31104,0,10368
2,2,0.236806,0.154266,0.280000,0.053333,0.013009,2085,30885,219,10011
2,2,0.240000,0.142857,0.280000,0.040000,0.012599,1728,31104,0,10368
2,2,0.240000,0.142857,0.280000,0.040000,0.012695,1728,31104,0,10368
2,2,0.238657,0.147652,0.280000,0.041343,0.012792,1786,31104,0,10310
2,2,0.246065,0.121197,0.280000,0.048889,0.012403,1789,30781,323,10307
2,2,0.238426,0.148479,0.280000,0.053333,0.012582,2050,30850,254,10046
2,2,0.240000,0.142857,0.280000,0.040000,0.012410,1728,31104,0,10368
2,2,0.241991,0.135747,0.280000,0.038009,0.013774,1642,31104,0,10454
2,2,0.242130,0.135251,0.280000,0.053333,0.013218,1970,30770,334,10126
2,2,0.231111,0.174603,0.280000,0.048889,0.013056,2112,31104,0,9984
2,2,0.245833,0.122024,0.280000,0.040000,0.011909,1602,30978,126,10494
2,2,0.238889,0.146825,0.280000,0.053333,0.011946,2040,30840,264,10056
2,2,0.241991,0.135747,0.280000,0.038009,0.013003,1642,31104,0,10454
2,2,0.240000,0.142857,0.280000,0.040000,0.012861,1728,31104,0,10368
2,2,0.245833,0.122024,0.280000,0.040000,0.013263,1602,30978,126,10494
2,2,0.241667,0.136905,0.280000,0.043333,0.012255,1764,30996,108,10332
2,2,0.238241,0.149140,0.280000,0.054259,0.013100,2074,30834,270,10022
2,2,0.241991,0.135747,0.280000,0.038009,0.012114,1642,31104,0,10454
2,2,0.238657,0.147652,0.280000,0.041343,0.011644,1786,31104,0,10310
2,2,0.242130,0.135251,0.280000,0.043333,0.011031,1754,30986,118,10342
2,2,0.239583,0.144345,0.280000,0.055185,0.011690,2065,30785,319,10031
2,2,0.240000,0.142857,0.280000,0.043333,0.016259,1800,31032,72,10296
2,2,0.240000,0.142857,0.280000,0.040000,0.021026,1728,31104,0,10368
2,2,0.236944,0.153770,0.280000,0.048889,0.012124,1986,30978,126,10110
2,2,0.238657,0.147652,0.280000,0.041343,0.012621,1786,31104,0,10310
2,2,0.232546,0.169478,0.280000,0.062361,0.012624,2372,30782,322,9724
2,2,0.236806,0.154266,0.280000,0.053333,0.012609,2085,30885,219,10011
2,2,0.243843,0.129134,0.280000,0.044676,0.014418,1746,30920,184,10350
2,2,0.242130,0.135251,0.280000,0.043333,0.012008,1754,30986,118,10342
2,2,0.240000,0.142857,0.280000,0.040000,0.012679,1728,31104,0,10368
2,2,0.245417,0.123512,0.280000,0.052917,0.012340,1890,30708,396,10206
2,2,0.241991,0.135747,0.280000,0.038009,0.012592,1642,31104,0,10454
2,2,0.244769,0.125827,0.280000,0.047454,0.012766,1786,30840,264,10310
2,2,0.243333,0.130952,0.280000,0.036667,0.012739,1584,31104,0,10512
2,2,0.241991,0.135747,0.280000,0.038009,0.013553,1642,31104,0,10454
2,2,0.246944,0.118056,0.280000,0.048889,0.012548,1770,30762,342,10326
2,2,0.238889,0.146825,0.280000,0.053333,0.012333,2040,30840,264,10056
2,2,0.243657,0.129795,0.280000,0.039676,0.012312,1642,31032,72,10454
2,2,0.243333,0.130952,0.280000,0.036667,0.012325,1584,31104,0,10512
2,2,0.240000,0.142857,0.280000,0.040000,0.012705,1728,31104,0,10368
2,2,0.241991,0.135747,0.280000,0.038009,0.011997,1642,31104,0,10454
2,2,0.238241,0.149140,0.280000,0.054259,0.012829,2074,30834,270,10022
2,2,0.236806,0.154266,0.280000,0.053333,0.011607,2085,30885,219,10011
2,2,0.243333,0.130952,0.280000,0.036667,0.012761,1584,31104,0,10512
2,2,0.245833,0.122024,0.280000,0.040000,0.011894,1602,30978,126,10494
2,2,0.240000,0.142857,0.280000,0.040000,0.012232,1728,31104,0,10368
2,2,0.246667,0.119048,0.280000,0.043333,0.012570,1656,30888,216,10440
2,2,0.240000,0.142857,0.280000,0.040000,0.013864,1728,31104,0,10368
2,2,0.243333,0.130952,0.280000,0.048889,0.011733,1848,30840,264,10248
2,2,0.241875,0.136161,0.280000,0.071227,0.011519,2362,30389,715,9734
2,2,0.244769,0.125827,0.280000,0.047454,0.012974,1786,30840,264,10310
2,2,0.240000,0.142857,0.280000,0.043333,0.011898,1800,31032,72,10296
2,2,0.239583,0.144345,0.280000,0.052917,0.013751,2016,30834,270,10080
2,2,0.241019,0.139220,0.280000,0.053333,0.019647,1994,30794,310,10102
2,2,0.243333,0.130952,0.280000,0.036667,0.012501,1584,31104,0,10512
2,2,0.238657,0.147652,0.280000,0.041343,0.012467,1786,31104,0,10310
2,2,0.245231,0.124173,0.280000,0.041250,0.012442,1642,30964,140,10454
2,2,0.241991,0.135747,0.280000,0.038009,0.012498,1642,31104,0,10454
2,2,0.243333,0.130952,0.280000,0.036667,0.012801,1584,31104,0,10512
2,2,0.238889,0.146825,0.280000,0.053333,0.012189,2040,30840,264,10056
2,2,0.239583,0.144345,0.280000,0.052917,0.013193,2016,30834,270,10080
2,2,0.238657,0.147652,0.280000,0.041343,0.011878,1786,31104,0,10310
4,4,0.207361,0.259425,0.280000,0.085139,0.021821,3408,30834,270,8688
4,4,0.213472,0.237599,0.280000,0.076667,0.024060,3093,30885,219,9003
4,4,0.215324,0.230985,0.280000,0.064676,0.021580,2794,31104,0,9302
4,4,0.218657,0.219081,0.280000,0.061343,0.022666,2650,31104,0,9446
4,4,0.218426,0.219907,0.280000,0.073333,0.021896,2914,30850,254,9182
4,4,0.217870,0.221892,0.280000,0.073889,0.021676,2938,30850,254,9158
4,4,0.204444,0.269841,0.280000,0.075556,0.021870,3264,31104,0,8832
4,4,0.213611,0.237103,0.280000,0.072222,0.022909,2994,30978,126,9102
4,4,0.220000,0.214286,0.280000,0.060000,0.021506,2592,31104,0,9504
4,4,0.220093,0.213955,0.280000,0.074259,0.022177,2898,30794,310,9198
4,4,0.209213,0.252811,0.280000,0.085694,0.021788,3380,30782,322,8716
4,4,0.207778,0.257937,0.280000,0.072222,0.022616,3120,31104,0,8976
4,4,0.228750,0.183036,0.280000,0.064769,0.024987,2506,30812,292,9590
4,4,0.218935,0.218089,0.280000,0.079167,0.021126,3029,30713,391,9067
4,4,0.215810,0.229249,0.280000,0.092708,0.021283,3389,30488,616,8707
4,4,0.213981,0.235780,0.280000,0.090000,0.020487,3370,30586,518,8726
4,4,0.210648,0.247685,0.280000,0.093333,0.023207,3514,30586,518,8582
4,4,0.218657,0.219081,0.280000,0.061343,0.020589,2650,31104,0,9446
4,4,0.210278,0.249008,0.280000,0.075556,0.021787,3138,30978,126,8958
4,4,0.221713,0.208168,0.280000,0.093565,0.020309,3280,30342,762,8816
4,4,0.225440,0.194858,0.280000,0.094653,0.022040,3223,30238,866,8873
4,4,0.227315,0.188161,0.280000,0.076667,0.022160,2794,30586,518,9302
4,4,0.218426,0.219907,0.280000,0.073333,0.020738,2914,30850,254,9182
4,4,0.223241,0.202712,0.280000,0.072593,0.023293,2794,30762,342,9302
4,4,0.221898,0.207507,0.280000,0.071250,0.028264,2794,30820,284,9302
4,4,0.219583,0.215774,0.280000,0.072917,0.025292,2880,30834,270,9216
4,4,0.218102,0.221065,0.280000,0.074120,0.022170,2938,30840,264,9158
4,4,0.215324,0.230985,0.280000,0.064676,0.021745,2794,31104,0,9302
4,4,0.214722,0.233135,0.280000,0.084444,0.022940,3234,30690,414,8862
4,4,0.215324,0.230985,0.280000,0.064676,0.023337,2794,31104,0,9302
4,4,0.211736,0.243800,0.280000,0.084792,0.024476,3306,30747,357,8790
4,4,0.213472,0.237599,0.280000,0.076667,0.021351,3093,30885,219,9003
4,4,0.214907,0.232474,0.280000,0.077593,0.021877,3082,30834,270,9014
4,4,0.224398,0.198578,0.280000,0.067083,0.023028,2650,30856,248,9446
4,4,0.221065,0.210483,0.280000,0.070417,0.022351,2794,30856,248,9302
4,4,0.207361,0.259425,0.280000,0.085139,0.023513,3408,30834,270,8688
4,4,0.207986,0.257192,0.280000,0.101042,0.021327,3738,30477,627,8358
4,4,0.215093,0.231812,0.280000,0.076667,0.022617,3058,30850,254,9038
4,4,0.215648,0.229828,0.280000,0.080000,0.022595,3118,30766,338,8978
4,4,0.224884,0.196842,0.280000,0.074236,0.023729,2794,30691,413,9302
4,4,0.220556,0.212302,0.280000,0.109907,0.021963,3658,30014,1090,8438
4,4,0.223704,0.201058,0.280000,0.073056,0.021783,2794,30742,362,9302
4,4,0.215324,0.230985,0.280000,0.064676,0.022834,2794,31104,0,9302
4,4,0.221435,0.209160,0.280000,0.070787,0.021965,2794,30840,264,9302
4,4,0.217824,0.222057,0.280000,0.067176,0.022831,2794,30996,108,9302
4,4,0.207778,0.257937,0.280000,0.072222,0.022108,3120,31104,0,8976
4,4,0.208333,0.255952,0.280000,0.076667,0.027659,3204,30996,108,8892
4,4,0.218889,0.218254,0.280000,0.073333,0.023356,2904,30840,264,9192
4,4,0.213981,0.235780,0.280000,0.090000,0.022163,3370,30586,518,8726
4,4,0.218657,0.219081,0.280000,0.061343,0.022265,2650,31104,0,9446
4,4,0.215324,0.230985,0.280000,0.064676,0.023921,2794,31104,0,9302
4,4,0.213981,0.235780,0.280000,0.090000,0.022193,3370,30586,518,8726
4,4,0.218241,0.220569,0.280000,0.067593,0.023503,2794,30978,126,9302
4,4,0.221574,0.208664,0.280000,0.064259,0.022494,2650,30978,126,9446
4,4,0.218657,0.219081,0.280000,0.061343,0.022403,2650,31104,0,9446
4,4,0.215093,0.231812,0.280000,0.076667,0.024792,3058,30850,254,9038
4,4,0.214907,0.232474,0.280000,0.077593,0.028030,3082,30834,270,9014
4,4,0.221204,0.209987,0.280000,0.070556,0.024427,2794,30850,254,9302
4,4,0.221898,0.207507,0.280000,0.064583,0.023029,2650,30964,140,9446
4,4,0.218542,0.219494,0.280000,0.094560,0.023747,3370,30389,715,8726
4,4,0.216227,0.227761,0.280000,0.087755,0.022204,3273,30586,518,8823
4,4,0.213056,0.239087,0.280000,0.089583,0.023561,3381,30615,489,8715
4,4,0.213333,0.238095,0.280000,0.070000,0.022846,2952,31032,72,9144
4,4,0.213958,0.235863,0.280000,0.082569,0.024088,3210,30747,357,8886
4,4,0.207778,0.257937,0.280000,0.072222,0.022451,3120,31104,0,8976
4,4,0.216667,0.226190,0.280000,0.066667,0.022073,2808,31032,72,9288
4,4,0.211736,0.243800,0.280000,0.084792,0.022318,3306,30747,357,8790
4,4,0.218935,0.218089,0.280000,0.081620,0.022102,3082,30660,444,9014
4,4,0.213866,0.236194,0.280000,0.089792,0.023550,3368,30593,511,8728
4,4,0.213981,0.235780,0.280000,0.090000,0.021987,3370,30586,518,8726
4,4,0.222454,0.205522,0.280000,0.065139,0.021367,2650,30940,164,9446
4,4,0.220139,0.213790,0.280000,0.069491,0.021595,2794,30896,208,9302
4,4,0.218102,0.221065,0.280000,0.074120,0.023059,2938,30840,264,9158
4,4,0.227593,0.187169,0.280000,0.070278,0.021591,2650,30718,386,9446
4,4,0.214537,0.233796,0.280000,0.102176,0.022060,3621,30311,793,8475
4,4,0.221898,0.207507,0.280000,0.064583,0.021780,2650,30964,140,9446
4,4,0.218565,0.219411,0.280000,0.067917,0.021895,2794,30964,140,9302
4,4,0.211991,0.242890,0.280000,0.068009,0.021691,2938,31104,0,9158
4,4,0.229537,0.180225,0.280000,0.070741,0.023370,2618,30666,438,9478
4,4,0.215324,0.230985,0.280000,0.064676,0.024248,2794,31104,0,9302
4,4,0.205880,0.264716,0.280000,0.089028,0.023132,3524,30782,322,8572
4,4,0.217500,0.223214,0.280000,0.074444,0.022547,2958,30846,258,9138
4,4,0.208403,0.255704,0.280000,0.088125,0.023566,3450,30747,357,8646
4,4,0.208796,0.254299,0.280000,0.098611,0.023744,3668,30512,592,8428
4,4,0.211111,0.246032,0.280000,0.068889,0.022792,2976,31104,0,9120
4,4,0.216667,0.226190,0.280000,0.063333,0.023620,2736,31104,0,9360
4,4,0.211736,0.243800,0.280000,0.084792,0.021534,3306,30747,357,8790
4,4,0.215463,0.230489,0.280000,0.081111,0.021033,3146,30746,358,8950
4,4,0.211574,0.244378,0.280000,0.080926,0.021534,3226,30834,270,8870
4,4,0.222870,0.204034,0.280000,0.081111,0.022647,2986,30586,518,9110
4,4,0.214282,0.234706,0.280000,0.087106,0.022419,3301,30642,462,8795
4,4,0.212963,0.239418,0.280000,0.075556,0.022234,3080,30920,184,9016
4,4,0.215208,0.231399,0.280000,0.097894,0.022293,3514,30389,715,8582
4,4,0.219259,0.216931,0.280000,0.081111,0.022229,3064,30664,440,9032
4,4,0.219583,0.215774,0.280000,0.072917,0.022971,2880,30834,270,9216
4,4,0.222037,0.207011,0.280000,0.078056,0.021930,2938,30670,434,9158
4,4,0.222199,0.206432,0.280000,0.071551,0.022341,2794,30807,297,9302
4,4,0.210046,0.249835,0.280000,0.091528,0.021488,3488,30638,466,8608
4,4,0.223148,0.203042,0.280000,0.072500,0.024153,2794,30766,338,9302
4,4,0.211111,0.246032,0.280000,0.077222,0.022872,3156,30924,180,8940
8,8,0.173079,0.381862,0.280000,0.146088,0.042115,5465,30258,846,6631
8,8,0.168657,0.397652,0.280000,0.111343,0.041534,4810,31104,0,7286
8,8,0.173287,0.381118,0.280000,0.115972,0.041037,4810,30904,200,7286
8,8,0.170000,0.392857,0.280000,0.110000,0.042930,4752,31104,0,7344
8,8,0.165324,0.409557,0.280000,0.114676,0.040382,4954,31104,0,7142
8,8,0.171991,0.385747,0.280000,0.109444,0.043216,4697,31073,31,7399
8,8,0.178935,0.360946,0.280000,0.121389,0.041630,4805,30665,439,7291
8,8,0.182454,0.348380,0.280000,0.118472,0.040563,4666,30652,452,7430
8,8,0.170417,0.391369,0.280000,0.142870,0.041279,5453,30385,719,6643
8,8,0.175093,0.374669,0.280000,0.131111,0.040274,5098,30538,566,6998
8,8,0.177292,0.366815,0.280000,0.119977,0.040543,4810,30731,373,7286
8,8,0.168657,0.397652,0.280000,0.111343,0.040557,4810,31104,0,7286
8,8,0.165880,0.407573,0.280000,0.129028,0.040881,5252,30782,322,6844
8,8,0.163472,0.416171,0.280000,0.126667,0.041602,5253,30885,219,6843
8,8,0.166667,0.404762,0.280000,0.126667,0.040428,5184,30816,288,6912
8,8,0.180370,0.355820,0.280000,0.109722,0.041031,4522,30886,218,7574
8,8,0.171991,0.385747,0.280000,0.108009,0.041698,4666,31104,0,7430
8,8,0.177315,0.366733,0.280000,0.126667,0.043633,4954,30586,518,7142
8,8,0.179259,0.359788,0.280000,0.121944,0.039483,4810,30646,458,7286
8,8,0.166806,0.404266,0.280000,0.123333,0.040373,5109,30885,219,6987
8,8,0.170394,0.391452,0.280000,0.133588,0.042020,5253,30586,518,6843
8,8,0.166250,0.406250,0.280000,0.129583,0.042676,5256,30762,342,6840
8,8,0.176019,0.371362,0.280000,0.125370,0.039610,4954,30642,462,7142
8,8,0.168426,0.398479,0.280000,0.154583,0.041088,5749,30175,929,6347
8,8,0.175926,0.371693,0.280000,0.124444,0.040577,4936,30664,440,7160
8,8,0.168657,0.397652,0.280000,0.111343,0.038939,4810,31104,0,7286
8,8,0.170093,0.392526,0.280000,0.126991,0.043706,5117,30735,369,6979
8,8,0.175370,0.373677,0.280000,0.124722,0.042674,4954,30670,434,7142
8,8,0.176528,0.369544,0.280000,0.126991,0.043441,4978,30596,508,7118
8,8,0.174907,0.375331,0.280000,0.124259,0.040347,4954,30690,414,7142
8,8,0.178032,0.364170,0.280000,0.114051,0.038499,4666,30843,261,7430
8,8,0.173148,0.381614,0.280000,0.150000,0.045166,5548,30172,932,6548
8,8,0.164907,0.411045,0.280000,0.127593,0.043675,5242,30834,270,6854
8,8,0.164815,0.411376,0.280000,0.147778,0.041097,5680,30400,704,6416
8,8,0.169583,0.394345,0.280000,0.122917,0.042575,5040,30834,270,7056
8,8,0.166181,0.406498,0.280000,0.131736,0.043402,5304,30717,387,6792
8,8,0.164907,0.411045,0.280000,0.127593,0.043480,5242,30834,270,6854
8,8,0.183935,0.343089,0.280000,0.129120,0.044600,4864,30390,714,7232
8,8,0.166898,0.403935,0.280000,0.136250,0.043477,5386,30604,500,6710
8,8,0.168657,0.397652,0.280000,0.111343,0.041365,4810,31104,0,7286
8,8,0.168657,0.397652,0.280000,0.111343,0.039488,4810,31104,0,7286
8,8,0.180764,0.354415,0.280000,0.116782,0.041679,4666,30725,379,7430
8,8,0.175787,0.372189,0.280000,0.111806,0.042000,4666,30940,164,7430
8,8,0.168241,0.399140,0.280000,0.124259,0.042157,5098,30834,270,6998
8,8,0.177593,0.365741,0.280000,0.120139,0.041650,4807,30721,383,7289
8,8,0.176806,0.368552,0.280000,0.124306,0.040386,4914,30648,456,7182
8,8,0.188426,0.327050,0.280000,0.116713,0.044548,4499,30561,543,7597
8,8,0.170787,0.390046,0.280000,0.136389,0.042816,5305,30517,587,6791
8,8,0.173565,0.380126,0.280000,0.121065,0.045180,4914,30788,316,7182
8,8,0.158889,0.432540,0.280000,0.131111,0.040873,5448,30888,216,6648
8,8,0.172917,0.382440,0.280000,0.119583,0.040485,4896,30834,270,7200
8,8,0.160000,0.428571,0.280000,0.123333,0.041512,5256,31032,72,6840
8,8,0.174722,0.375992,0.280000,0.110741,0.043181,4666,30986,118,7430
8,8,0.164444,0.412698,0.280000,0.115556,0.042219,4992,31104,0,7104
8,8,0.171991,0.385747,0.280000,0.108009,0.041052,4666,31104,0,7430
8,8,0.168657,0.397652,0.280000,0.111343,0.042769,4810,31104,0,7286
8,8,0.181898,0.350364,0.280000,0.126250,0.045372,4846,30496,608,7250
8,8,0.168657,0.397652,0.280000,0.111343,0.040831,4810,31104,0,7286
8,8,0.167963,0.400132,0.280000,0.126667,0.041295,5156,30788,316,6940
8,8,0.173704,0.379630,0.280000,0.114815,0.041101,4776,30920,184,7320
8,8,0.178148,0.363757,0.280000,0.134167,0.039984,5098,30406,698,6998
8,8,0.170648,0.390542,0.280000,0.133333,0.040558,5242,30586,518,6854
8,8,0.165880,0.407573,0.280000,0.129028,0.040716,5252,30782,322,6844
8,8,0.166389,0.405754,0.280000,0.136250,0.042258,5397,30615,489,6699
8,8,0.163981,0.414352,0.280000,0.140000,0.042050,5530,30586,518,6566
8,8,0.170648,0.390542,0.280000,0.133333,0.049802,5242,30586,518,6854
8,8,0.179676,0.358300,0.280000,0.122361,0.040752,4810,30628,476,7286
8,8,0.182870,0.346892,0.280000,0.118889,0.044440,4666,30634,470,7430
8,8,0.177083,0.367560,0.280000,0.117917,0.044862,4770,30780,324,7326
8,8,0.180324,0.355985,0.280000,0.129676,0.045700,4954,30456,648,7142
8,8,0.167778,0.400794,0.280000,0.117130,0.044578,4954,30998,106,7142
8,8,0.166806,0.404266,0.280000,0.123333,0.044268,5109,30885,219,6987
8,8,0.173426,0.380622,0.280000,0.131019,0.040345,5132,30576,528,6964
8,8,0.171991,0.385747,0.280000,0.108009,0.039386,4666,31104,0,7430
8,8,0.169954,0.393022,0.280000,0.119306,0.043491,4954,30904,200,7142
8,8,0.182245,0.349124,0.280000,0.118264,0.041035,4666,30661,443,7430
8,8,0.180671,0.354745,0.280000,0.116690,0.041310,4666,30729,375,7430
8,8,0.169028,0.396329,0.280000,0.130741,0.042087,5221,30677,427,6875
8,8,0.168241,0.399140,0.280000,0.124259,0.040231,5098,30834,270,6998
8,8,0.175880,0.371858,0.280000,0.125231,0.045909,4954,30648,456,7142
8,8,0.171296,0.388228,0.280000,0.137778,0.045410,5324,30476,628,6772
8,8,0.173796,0.379299,0.280000,0.146065,0.046051,5449,30243,861,6647
8,8,0.177454,0.366237,0.280000,0.113472,0.044386,4666,30868,236,7430
8,8,0.169421,0.394924,0.280000,0.140486,0.042719,5423,30458,646,6673
8,8,0.181574,0.351521,0.280000,0.117593,0.051384,4666,30690,414,7430
8,8,0.167130,0.403108,0.280000,0.130000,0.040897,5246,30734,370,6850
8,8,0.164907,0.411045,0.280000,0.120926,0.044497,5098,30978,126,6998
8,8,0.179676,0.358300,0.280000,0.129028,0.043123,4954,30484,620,7142
8,8,0.170718,0.390294,0.280000,0.133403,0.040346,5242,30583,521,6854
8,8,0.178056,0.364087,0.280000,0.106528,0.041027,4503,31005,99,7593
8,8,0.171991,0.385747,0.280000,0.108009,0.040861,4666,31104,0,7430
8,8,0.160741,0.425926,0.280000,0.127778,0.038902,5336,30920,184,6760
8,8,0.172546,0.383763,0.280000,0.135694,0.040455,5252,30494,610,6844
8,8,0.198727,0.290261,0.280000,0.135949,0.044763,4692,29923,1181,7404
8,8,0.182269,0.349041,0.280000,0.136991,0.041270,5070,30256,848,7026
8,8,0.173472,0.380456,0.280000,0.116157,0.039466,4810,30896,208,7286
8,8,0.172824,0.382771,0.280000,0.115787,0.039043,4816,30918,186,7280
8,8,0.171250,0.388393,0.280000,0.147824,0.041214,5542,30260,844,6554
8,8,0.181065,0.353340,0.280000,0.117083,0.039296,4666,30712,392,7430
8,8,0.170556,0.390873,0.280000,0.131111,0.038880,5196,30636,468,6900
16,16,0.088380,0.684358,0.280000,0.226806,0.075301,9038,30344,760,3058
16,16,0.092106,0.671048,0.280000,0.219468,0.078585,8799,30422,682,3297
16,16,0.098819,0.647073,0.280000,0.221458,0.084497,8697,30234,870,3399
16,16,0.080000,0.714286,0.280000,0.214907,0.080869,8962,30782,322,3134
16,16,0.091968,0.671544,0.280000,0.221319,0.077102,8842,30385,719,3254
16,16,0.101667,0.636905,0.280000,0.217222,0.077946,8544,30264,840,3552
16,16,0.099931,0.643105,0.280000,0.233356,0.077399,8930,29953,1151,3166
16,16,0.090694,0.676091,0.280000,0.209583,0.075076,8616,30666,438,3480
16,16,0.094630,0.662037,0.280000,0.211204,0.073083,8566,30546,558,3530
16,16,0.080648,0.711971,0.280000,0.223333,0.078747,9130,30586,518,2966
16,16,0.097523,0.651703,0.280000,0.212338,0.076973,8528,30459,645,3568
16,16,0.097986,0.650050,0.280000,0.223588,0.077823,8761,30206,898,3335
16,16,0.089398,0.680721,0.280000,0.212083,0.075624,8698,30640,464,3398
16,16,0.105926,0.621693,0.280000,0.207917,0.081671,8251,30373,731,3845
16,16,0.076528,0.726687,0.280000,0.212083,0.076404,8976,30918,186,3120
16,16,0.093171,0.667245,0.280000,0.218264,0.074077,8750,30425,679,3346
16,16,0.097153,0.653026,0.280000,0.215995,0.074454,8615,30388,716,3481
16,16,0.099398,0.645007,0.280000,0.204861,0.076928,8326,30580,524,3770
16,16,0.091505,0.673198,0.280000,0.197384,0.081301,8335,30912,192,3761
16,16,0.087130,0.688823,0.280000,0.216759,0.079028,8848,30588,516,3248
16,16,0.097083,0.653274,0.280000,0.206157,0.075041,8404,30602,502,3692
16,16,0.102731,0.633102,0.280000,0.214537,0.079012,8463,30299,805,3633
16,16,0.093843,0.664848,0.280000,0.196111,0.082170,8257,30889,215,3839
16,16,0.094213,0.663525,0.280000,0.227361,0.079321,8924,30206,898,3172
16,16,0.092269,0.670470,0.280000,0.215231,0.076018,8704,30510,594,3392
16,16,0.103681,0.629712,0.280000,0.214514,0.079984,8442,30279,825,3654
16,16,0.103079,0.631862,0.280000,0.209838,0.077982,8354,30393,711,3742
16,16,0.087315,0.688161,0.280000,0.216667,0.075288,8842,30586,518,3254
16,16,0.097454,0.651951,0.280000,0.206620,0.077838,8406,30584,520,3690
16,16,0.086111,0.692460,0.280000,0.195463,0.077018,8410,31070,34,3686
16,16,0.090324,0.677414,0.280000,0.202778,0.075977,8477,30821,283,3619
16,16,0.078796,0.718585,0.280000,0.223333,0.077367,9170,30626,478,2926
16,16,0.086528,0.690972,0.280000,0.194537,0.075387,8381,31081,23,3715
16,16,0.083333,0.702381,0.280000,0.210463,0.075415,8794,30806,298,3302
16,16,0.090509,0.676753,0.280000,0.206528,0.075624,8554,30736,368,3542
16,16,0.096458,0.655506,0.280000,0.210162,0.079629,8504,30529,575,3592
16,16,0.078241,0.720569,0.280000,0.214259,0.077041,8986,30834,270,3110
16,16,0.078657,0.719081,0.280000,0.201343,0.075377,8698,31104,0,3398
16,16,0.090486,0.676835,0.280000,0.213171,0.076880,8698,30593,511,3398
16,16,0.094306,0.663194,0.280000,0.216991,0.076103,8698,30428,676,3398
16,16,0.081759,0.708003,0.280000,0.222222,0.077122,9082,30586,518,3014
16,16,0.088981,0.682209,0.280000,0.211667,0.076906,8698,30658,446,3398
16,16,0.104676,0.626157,0.280000,0.211806,0.076208,8362,30316,788,3734
16,16,0.087315,0.688161,0.280000,0.216667,0.082779,8842,30586,518,3254
16,16,0.093981,0.664352,0.280000,0.210000,0.081717,8554,30586,518,3542
16,16,0.101134,0.638806,0.280000,0.209792,0.077450,8395,30436,668,3701
16,16,0.103287,0.631118,0.280000,0.210602,0.078540,8366,30372,732,3730
16,16,0.088866,0.682622,0.280000,0.204884,0.075108,8554,30807,297,3542
16,16,0.093148,0.667328,0.280000,0.225880,0.082368,8915,30261,843,3181
16,16,0.087870,0.686177,0.280000,0.228843,0.079035,9093,30311,793,3003
16,16,0.089398,0.680721,0.280000,0.212083,0.078509,8698,30640,464,3398
16,16,0.097037,0.653439,0.280000,0.211667,0.080315,8524,30484,620,3572
16,16,0.090417,0.677083,0.280000,0.213380,0.077675,8704,30590,514,3392
16,16,0.085648,0.694114,0.280000,0.217083,0.081125,8887,30613,491,3209
16,16,0.100926,0.639550,0.280000,0.207824,0.083194,8357,30483,621,3739
16,16,0.096412,0.655671,0.280000,0.209560,0.078206,8492,30543,561,3604
16,16,0.090556,0.676587,0.280000,0.198565,0.077261,8381,30907,197,3715
16,16,0.101389,0.637897,0.280000,0.204861,0.077530,8283,30537,567,3813
16,16,0.092685,0.668981,0.280000,0.210278,0.078516,8588,30608,496,3508
16,16,0.076620,0.726356,0.280000,0.227269,0.076020,9302,30588,516,2794
16,16,0.092292,0.670387,0.280000,0.215255,0.082141,8704,30509,595,3392
16,16,0.088333,0.684524,0.280000,0.215463,0.085399,8794,30590,514,3302
16,16,0.087824,0.686343,0.280000,0.214954,0.079368,8794,30612,492,3302
16,16,0.102292,0.634673,0.280000,0.214051,0.078202,8462,30319,785,3634
16,16,0.100440,0.641286,0.280000,0.214236,0.074997,8506,30355,749,3590
16,16,0.082153,0.706597,0.280000,0.201181,0.075710,8619,31032,72,3477
16,16,0.093426,0.666336,0.280000,0.216667,0.080760,8710,30454,650,3386
16,16,0.097824,0.650628,0.280000,0.226389,0.084062,8825,30149,955,3271
16,16,0.089375,0.680804,0.280000,0.212060,0.080603,8698,30641,463,3398
16,16,0.083704,0.701058,0.280000,0.213056,0.076236,8842,30742,362,3254
16,16,0.086250,0.691964,0.280000,0.200926,0.079260,8525,30949,155,3571
16,16,0.093032,0.667741,0.280000,0.201829,0.072256,8398,30783,321,3698
16,16,0.107269,0.616898,0.280000,0.207731,0.075553,8218,30348,756,3878
16,16,0.096944,0.653770,0.280000,0.201204,0.077419,8300,30712,392,3796
16,16,0.103079,0.631862,0.280000,0.228218,0.075769,8751,29996,1108,3345
16,16,0.092963,0.667989,0.280000,0.206296,0.077367,8496,30688,416,3600
16,16,0.106620,0.619213,0.280000,0.218472,0.076643,8464,30130,974,3632
16,16,0.085694,0.693948,0.280000,0.216620,0.079797,8876,30622,482,3220
16,16,0.091319,0.673859,0.280000,0.229653,0.074560,9036,30219,885,3060
16,16,0.100185,0.642196,0.280000,0.209583,0.076151,8411,30461,643,3685
16,16,0.093889,0.664683,0.280000,0.202454,0.076441,8393,30751,353,3703
16,16,0.083750,0.700893,0.280000,0.226435,0.076033,9130,30452,652,2966
16,16,0.087130,0.688823,0.280000,0.223148,0.075411,8986,30450,654,3110
16,16,0.083981,0.700066,0.280000,0.206667,0.090008,8698,30874,230,3398
16,16,0.093935,0.664517,0.280000,0.194398,0.080964,8218,30924,180,3878
16,16,0.091481,0.673280,0.280000,0.220833,0.075366,8842,30406,698,3254
16,16,0.080694,0.711806,0.280000,0.211806,0.071784,8880,30834,270,3216
16,16,0.088519,0.683862,0.280000,0.208981,0.075198,8650,30726,378,3446
16,16,0.090648,0.676257,0.280000,0.213333,0.074643,8698,30586,518,3398
16,16,0.101875,0.636161,0.280000,0.221227,0.071375,8626,30173,931,3470
16,16,0.091296,0.673942,0.280000,0.205093,0.074109,8506,30750,354,3590
16,16,0.090023,0.678489,0.280000,0.212708,0.074131,8698,30613,491,3398
16,16,0.096273,0.656167,0.280000,0.219329,0.075987,8706,30335,769,3390
16,16,0.089421,0.680638,0.280000,0.223310,0.074038,8940,30397,707,3156
16,16,0.090648,0.676257,0.280000,0.206667,0.084211,8554,30730,374,3542
16,16,0.072593,0.740741,0.280000,0.216667,0.073299,9160,30904,200,2936
16,16,0.081574,0.708664,0.280000,0.210926,0.077488,8842,30834,270,3254
16,16,0.093426,0.666336,0.280000,0.222778,0.075609,8842,30322,782,3254
16,16,0.085093,0.696098,0.280000,0.218889,0.073965,8938,30586,518,3158
16,16,0.080718,0.711723,0.280000,0.227894,0.075791,9227,30486,618,2869
25,25,0.020880,0.925430,0.280000,0.297870,0.110506,12031,30267,837,65
25,25,0.024560,0.912285,0.280000,0.285162,0.112137,11677,30462,642,419
25,25,0.015324,0.945271,0.280000,0.295324,0.112899,12096,30442,662,0
25,25,0.017060,0.939071,0.280000,0.297060,0.111882,12096,30367,737,0
25,25,0.026667,0.904762,0.280000,0.286667,0.111507,11664,30384,720,432
25,25,0.020625,0.926339,0.280000,0.296458,0.109563,12006,30303,801,90
25,25,0.018657,0.933366,0.280000,0.278657,0.113741,11664,30730,374,432
25,25,0.004028,0.985615,0.280000,0.280833,0.112312,12027,30999,105,69
25,25,0.028611,0.897817,0.280000,0.288611,0.113368,11664,30300,804,432
25,25,0.021134,0.924521,0.280000,0.297940,0.115546,12027,30260,844,69
25,25,0.006019,0.978505,0.280000,0.286019,0.113746,12096,30844,260,0
25,25,0.012500,0.955357,0.280000,0.292500,0.114057,12096,30564,540,0
25,25,0.000000,1.000000,0.280000,0.280000,0.111624,12096,31104,0,0
25,25,0.008681,0.968998,0.280000,0.288681,0.111932,12096,30729,375,0
25,25,0.011991,0.957176,0.280000,0.291991,0.111022,12096,30586,518,0
25,25,0.015023,0.946346,0.280000,0.295023,0.107020,12096,30455,649,0
25,25,0.010741,0.961640,0.280000,0.290741,0.111999,12096,30640,464,0
25,25,0.035139,0.874504,0.280000,0.297361,0.116363,11712,29970,1134,384
25,25,0.000532,0.998099,0.280000,0.280532,0.109797,12096,31081,23,0
25,25,0.012500,0.955357,0.280000,0.289306,0.124865,12027,30633,471,69
25,25,0.011620,0.958499,0.280000,0.291620,0.115069,12096,30602,502,0
25,25,0.013819,0.950645,0.280000,0.293819,0.114191,12096,30507,597,0
25,25,0.018102,0.935351,0.280000,0.295093,0.114687,12031,30387,717,65
25,25,0.007801,0.972140,0.280000,0.287801,0.116060,12096,30767,337,0
25,25,0.011366,0.959408,0.280000,0.291366,0.111958,12096,30613,491,0
25,25,0.009838,0.964864,0.280000,0.289838,0.113100,12096,30679,425,0
25,25,0.015602,0.944279,0.280000,0.282963,0.111945,11823,30703,401,273
25,25,0.007338,0.973793,0.280000,0.284329,0.130224,12031,30852,252,65
25,25,0.019167,0.931548,0.280000,0.285926,0.111910,11810,30562,542,286
25,25,0.005440,0.980572,0.280000,0.285440,0.114759,12096,30869,235,0
25,25,0.012685,0.954696,0.280000,0.292685,0.112130,12096,30556,548,0
25,25,0.010625,0.962054,0.280000,0.290625,0.111554,12096,30645,459,0
25,25,0.015046,0.946263,0.280000,0.295046,0.112757,12096,30454,650,0
25,25,0.034282,0.877563,0.280000,0.294282,0.112225,11664,30055,1049,432
25,25,0.014537,0.948082,0.280000,0.291528,0.111943,12031,30541,563,65
25,25,0.007083,0.974702,0.280000,0.287083,0.122545,12096,30798,306,0
25,25,0.019537,0.930225,0.280000,0.287130,0.111578,11828,30528,576,268
25,25,0.016782,0.940063,0.280000,0.276782,0.115921,11664,30811,293,432
25,25,0.027917,0.900298,0.280000,0.292130,0.113064,11755,30239,865,341
25,25,0.002731,0.990245,0.280000,0.282731,0.115891,12096,30986,118,0
25,25,0.000694,0.997520,0.280000,0.280694,0.111080,12096,31074,30,0
25,24,0.011991,0.957176,0.280000,0.291991,0.105886,12096,30586,518,0
25,25,0.008958,0.968006,0.280000,0.288958,0.109126,12096,30717,387,0
25,25,0.016875,0.939732,0.280000,0.296875,0.114637,12096,30375,729,0
25,25,0.020023,0.928489,0.280000,0.295579,0.111485,12000,30335,769,96
25,25,0.012616,0.954944,0.280000,0.289606,0.107871,12031,30624,480,65
25,25,0.020301,0.927497,0.280000,0.297106,0.110599,12027,30296,808,69
25,25,0.023102,0.917493,0.280000,0.287037,0.114217,11749,30453,651,347
25,25,0.011968,0.957259,0.280000,0.291968,0.106324,12096,30587,517,0
25,25,0.016296,0.941799,0.280000,0.296296,0.106122,12096,30400,704,0
25,25,0.010278,0.963294,0.280000,0.290278,0.109345,12096,30660,444,0
25,25,0.011991,0.957176,0.280000,0.291991,0.110904,12096,30586,518,0
25,25,0.000764,0.997272,0.280000,0.280764,0.106907,12096,31071,33,0
25,25,0.025023,0.910632,0.280000,0.285023,0.109540,11664,30455,649,432
25,25,0.012593,0.955026,0.280000,0.292593,0.109827,12096,30560,544,0
25,25,0.005694,0.979663,0.280000,0.285694,0.110063,12096,30858,246,0
25,25,0.009630,0.965608,0.280000,0.289630,0.113745,12096,30688,416,0
25,25,0.010324,0.963128,0.280000,0.290324,0.112879,12096,30658,446,0
25,25,0.015046,0.946263,0.280000,0.295046,0.111340,12096,30454,650,0
25,24,0.013495,0.951802,0.280000,0.293495,0.111338,12096,30521,583,0
25,25,0.012060,0.956928,0.280000,0.292060,0.107976,12096,30583,521,0
25,25,0.016296,0.941799,0.280000,0.292130,0.112444,12006,30490,614,90
25,25,0.009468,0.966187,0.280000,0.286273,0.112101,12027,30764,340,69
25,25,0.011690,0.958251,0.280000,0.291690,0.113547,12096,30599,505,0
25,25,0.012222,0.956349,0.280000,0.292222,0.114029,12096,30576,528,0
25,25,0.014653,0.947669,0.280000,0.291644,0.114080,12031,30536,568,65
25,25,0.018866,0.932622,0.280000,0.298866,0.119896,12096,30289,815,0
25,25,0.022222,0.920635,0.280000,0.282222,0.113980,11664,30576,528,432
25,25,0.007801,0.972140,0.280000,0.287801,0.110224,12096,30767,337,0
25,25,0.012963,0.953704,0.280000,0.289954,0.113586,12031,30609,495,65
25,25,0.016412,0.941386,0.280000,0.293403,0.113301,12031,30460,644,65
25,25,0.014630,0.947751,0.280000,0.291435,0.111987,12027,30541,563,69
25,25,0.009931,0.964534,0.280000,0.286921,0.112961,12031,30740,364,65
25,25,0.010949,0.960896,0.280000,0.290949,0.110911,12096,30631,473,0
25,25,0.023565,0.915840,0.280000,0.295324,0.110858,11918,30264,840,178
25,25,0.023819,0.914931,0.280000,0.303819,0.112160,12096,30075,1029,0
25,25,0.016597,0.940724,0.280000,0.293588,0.115741,12031,30452,652,65
25,25,0.022315,0.920304,0.280000,0.299306,0.110880,12031,30205,899,65
25,25,0.018866,0.932622,0.280000,0.295856,0.112781,12031,30354,750,65
25,25,0.012569,0.955109,0.280000,0.292569,0.113752,12096,30561,543,0
25,25,0.010602,0.962136,0.280000,0.290602,0.112845,12096,30646,458,0
25,25,0.020046,0.928406,0.280000,0.297037,0.115372,12031,30303,801,65
25,25,0.016713,0.940311,0.280000,0.296713,0.116600,12096,30382,722,0
25,25,0.022014,0.921379,0.280000,0.302014,0.109480,12096,30153,951,0
25,25,0.016157,0.942295,0.280000,0.296157,0.111969,12096,30406,698,0
25,25,0.017431,0.937748,0.280000,0.297431,0.110279,12096,30351,753,0
25,25,0.011435,0.959160,0.280000,0.288241,0.113301,12027,30679,425,69
25,25,0.015579,0.944362,0.280000,0.295579,0.111483,12096,30431,673,0
25,25,0.010093,0.963955,0.280000,0.287083,0.107802,12031,30733,371,65
25,25,0.020139,0.928075,0.280000,0.297130,0.114297,12031,30299,805,65
25,25,0.011759,0.958003,0.280000,0.291759,0.117519,12096,30596,508,0
25,25,0.014468,0.948330,0.280000,0.294468,0.111646,12096,30479,625,0
25,25,0.019560,0.930142,0.280000,0.296551,0.109459,12031,30324,780,65
25,25,0.012685,0.954696,0.280000,0.292685,0.112716,12096,30556,548,0
25,25,0.015903,0.943204,0.280000,0.292894,0.115296,12031,30482,622,65
25,25,0.013912,0.950314,0.280000,0.290903,0.112906,12031,30568,536,65
25,25,0.018426,0.934193,0.280000,0.289537,0.113169,11904,30500,604,192
25,25,0.012569,0.955109,0.280000,0.292569,0.111651,12096,30561,543,0
25,25,0.010810,0.961392,0.280000,0.290810,0.107373,12096,30637,467,0
25,25,0.015000,0.946429,0.280000,0.294815,0.105934,12092,30460,644,4
