1,1,0.141408,0.241537,0.186441,0.102713,0.030726,8486,90143,3313,12931
1,1,0.141408,0.241537,0.186441,0.102713,0.030965,8486,90143,3313,12931
1,1,0.141408,0.241537,0.186441,0.102713,0.030330,8486,90143,3313,12931
1,1,0.141408,0.241537,0.186441,0.102713,0.032655,8486,90143,3313,12931
1,1,0.141408,0.241537,0.186441,0.102713,0.032625,8486,90143,3313,12931
1,1,0.141408,0.241537,0.186441,0.102713,0.027616,8486,90143,3313,12931
1,1,0.141408,0.241537,0.186441,0.102713,0.029100,8486,90143,3313,12931
1,1,0.141408,0.241537,0.186441,0.102713,0.030798,8486,90143,3313,12931
1,1,0.141408,0.241537,0.186441,0.102713,0.028688,8486,90143,3313,12931
1,1,0.141408,0.241537,0.186441,0.102713,0.029427,8486,90143,3313,12931
1,1,0.141408,0.241537,0.186441,0.102713,0.028331,8486,90143,3313,12931
1,1,0.141408,0.241537,0.186441,0.102713,0.031910,8486,90143,3313,12931
1,1,0.141408,0.241537,0.186441,0.102713,0.029512,8486,90143,3313,12931
1,1,0.141408,0.241537,0.186441,0.102713,0.032145,8486,90143,3313,12931
1,1,0.141408,0.241537,0.186441,0.102713,0.026685,8486,90143,3313,12931
1,1,0.141408,0.241537,0.186441,0.102713,0.028131,8486,90143,3313,12931
1,1,0.141408,0.241537,0.186441,0.102713,0.028077,8486,90143,3313,12931
1,1,0.141408,0.241537,0.186441,0.102713,0.026264,8486,90143,3313,12931
1,1,0.141408,0.241537,0.186441,0.102713,0.031805,8486,90143,3313,12931
1,1,0.141408,0.241537,0.186441,0.102713,0.025787,8486,90143,3313,12931
1,1,0.141408,0.241537,0.186441,0.102713,0.028433,8486,90143,3313,12931
1,1,0.141408,0.241537,0.186441,0.102713,0.029590,8486,90143,3313,12931
1,1,0.141408,0.241537,0.186441,0.102713,0.024634,8486,90143,3313,12931
1,1,0.141408,0.241537,0.186441,0.102713,0.029455,8486,90143,3313,12931
1,1,0.141408,0.241537,0.186441,0.102713,0.027442,8486,90143,3313,12931
1,1,0.141408,0.241537,0.186441,0.102713,0.028533,8486,90143,3313,12931
1,1,0.141408,0.241537,0.186441,0.102713,0.028646,8486,90143,3313,12931
1,1,0.141408,0.241537,0.186441,0.102713,0.031291,8486,90143,3313,12931
1,1,0.141408,0.241537,0.186441,0.102713,0.028599,8486,90143,3313,12931
1,1,0.141408,0.241537,0.186441,0.102713,0.027261,8486,90143,3313,12931
1,1,0.141408,0.241537,0.186441,0.102713,0.029479,8486,90143,3313,12931
1,1,0.141408,0.241537,0.186441,0.102713,0.028185,8486,90143,3313,12931
1,1,0.141408,0.241537,0.186441,0.102713,0.028898,8486,90143,3313,12931
1,1,0.141408,0.241537,0.186441,0.102713,0.026362,8486,90143,3313,12931
1,1,0.141408,0.241537,0.186441,0.102713,0.027424,8486,90143,3313,12931
1,1,0.141408,0.241537,0.186441,0.102713,0.025297,8486,90143,3313,12931
1,1,0.141408,0.241537,0.186441,0.102713,0.027044,8486,90143,3313,12931
1,1,0.141408,0.241537,0.186441,0.102713,0.031435,8486,90143,3313,12931
1,1,0.141408,0.241537,0.186441,0.102713,0.031316,8486,90143,3313,12931
1,1,0.141408,0.241537,0.186441,0.102713,0.031921,8486,90143,3313,12931
1,1,0.141408,0.241537,0.186441,0.102713,0.028058,8486,90143,3313,12931
1,1,0.141408,0.241537,0.186441,0.102713,0.026384,8486,90143,3313,12931
1,1,0.141408,0.241537,0.186441,0.102713,0.028306,8486,90143,3313,12931
1,1,0.141408,0.241537,0.186441,0.102713,0.027838,8486,90143,3313,12931
1,1,0.141408,0.241537,0.186441,0.102713,0.031404,8486,90143,3313,12931
1,1,0.141408,0.241537,0.186441,0.102713,0.032145,8486,90143,3313,12931
1,1,0.141408,0.241537,0.186441,0.102713,0.028481,8486,90143,3313,12931
1,1,0.141408,0.241537,0.186441,0.102713,0.028757,8486,90143,3313,12931
1,1,0.141408,0.241537,0.186441,0.102713,0.026937,8486,90143,3313,12931
1,1,0.141408,0.241537,0.186441,0.102713,0.027562,8486,90143,3313,12931
1,1,0.141408,0.241537,0.186441,0.102713,0.026962,8486,90143,3313,12931
1,1,0.141408,0.241537,0.186441,0.102713,0.027423,8486,90143,3313,12931
1,1,0.141408,0.241537,0.186441,0.102713,0.026472,8486,90143,3313,12931
1,1,0.141408,0.241537,0.186441,0.102713,0.039366,8486,90143,3313,12931
1,1,0.141408,0.241537,0.186441,0.102713,0.028798,8486,90143,3313,12931
1,1,0.141408,0.241537,0.186441,0.102713,0.032000,8486,90143,3313,12931
1,1,0.141408,0.241537,0.186441,0.102713,0.030668,8486,90143,3313,12931
1,1,0.141408,0.241537,0.186441,0.102713,0.034534,8486,90143,3313,12931
1,1,0.141408,0.241537,0.186441,0.102713,0.032486,8486,90143,3313,12931
1,1,0.141408,0.241537,0.186441,0.102713,0.028037,8486,90143,3313,12931
1,1,0.141408,0.241537,0.186441,0.102713,0.026588,8486,90143,3313,12931
1,1,0.141408,0.241537,0.186441,0.102713,0.030923,8486,90143,3313,12931
1,1,0.141408,0.241537,0.186441,0.102713,0.030077,8486,90143,3313,12931
1,1,0.141408,0.241537,0.186441,0.102713,0.030915,8486,90143,3313,12931
1,1,0.141408,0.241537,0.186441,0.102713,0.027199,8486,90143,3313,12931
1,1,0.141408,0.241537,0.186441,0.102713,0.027959,8486,90143,3313,12931
1,1,0.141408,0.241537,0.186441,0.102713,0.031450,8486,90143,3313,12931
1,1,0.141408,0.241537,0.186441,0.102713,0.025423,8486,90143,3313,12931
1,1,0.141408,0.241537,0.186441,0.102713,0.028392,8486,90143,3313,12931
1,1,0.141408,0.241537,0.186441,0.102713,0.026853,8486,90143,3313,12931
1,1,0.141434,0.241397,0.186441,0.098091,0.024086,8219,90407,3049,13198
1,1,0.141408,0.241537,0.186441,0.102713,0.025834,8486,90143,3313,12931
1,1,0.141408,0.241537,0.186441,0.102713,0.027847,8486,90143,3313,12931
1,1,0.141408,0.241537,0.186441,0.102713,0.029946,8486,90143,3313,12931
1,1,0.141408,0.241537,0.186441,0.102713,0.027847,8486,90143,3313,12931
1,1,0.141408,0.241537,0.186441,0.102713,0.025379,8486,90143,3313,12931
1,1,0.141408,0.241537,0.186441,0.102713,0.025876,8486,90143,3313,12931
1,1,0.141408,0.241537,0.186441,0.102713,0.025233,8486,90143,3313,12931
1,1,0.141408,0.241537,0.186441,0.102713,0.027017,8486,90143,3313,12931
1,1,0.141408,0.241537,0.186441,0.102713,0.025437,8486,90143,3313,12931
1,1,0.141408,0.241537,0.186441,0.102713,0.027523,8486,90143,3313,12931
1,1,0.141408,0.241537,0.186441,0.102713,0.026966,8486,90143,3313,12931
1,1,0.141408,0.241537,0.186441,0.102713,0.025827,8486,90143,3313,12931
1,1,0.141408,0.241537,0.186441,0.102713,0.026553,8486,90143,3313,12931
1,1,0.141408,0.241537,0.186441,0.102713,0.025747,8486,90143,3313,12931
1,1,0.141408,0.241537,0.186441,0.102713,0.030826,8486,90143,3313,12931
1,1,0.141408,0.241537,0.186441,0.102713,0.031336,8486,90143,3313,12931
1,1,0.141408,0.241537,0.186441,0.102713,0.030250,8486,90143,3313,12931
1,1,0.141408,0.241537,0.186441,0.102713,0.026118,8486,90143,3313,12931
1,1,0.141408,0.241537,0.186441,0.102713,0.026922,8486,90143,3313,12931
1,1,0.141408,0.241537,0.186441,0.102713,0.028863,8486,90143,3313,12931
1,1,0.141408,0.241537,0.186441,0.102713,0.026556,8486,90143,3313,12931
1,1,0.141408,0.241537,0.186441,0.102713,0.027776,8486,90143,3313,12931
1,1,0.141408,0.241537,0.186441,0.102713,0.028171,8486,90143,3313,12931
1,1,0.141408,0.241537,0.186441,0.102713,0.030140,8486,90143,3313,12931
1,1,0.141408,0.241537,0.186441,0.102713,0.028450,8486,90143,3313,12931
1,1,0.141408,0.241537,0.186441,0.102713,0.028253,8486,90143,3313,12931
1,1,0.141408,0.241537,0.186441,0.102713,0.028344,8486,90143,3313,12931
1,1,0.141408,0.241537,0.186441,0.102713,0.028378,8486,90143,3313,12931
1,1,0.141408,0.241537,0.186441,0.102713,0.030526,8486,90143,3313,12931
2,2,0.138422,0.257552,0.186441,0.109234,0.057806,9032,89940,3516,12385
2,2,0.138222,0.258626,0.186441,0.104733,0.053153,8785,90210,3246,12632
2,2,0.138814,0.255451,0.186441,0.102922,0.048942,8647,90280,3176,12770
2,2,0.138858,0.255218,0.186441,0.105734,0.056721,8806,90116,3340,12611
2,2,0.138805,0.255498,0.186441,0.101347,0.052091,8557,90371,3085,12860
2,2,0.138092,0.259327,0.186441,0.108085,0.047628,8985,90025,3431,12432
2,2,0.138431,0.257506,0.186441,0.108668,0.049412,8999,89972,3484,12418
2,2,0.138919,0.254891,0.186441,0.102348,0.048900,8608,90307,3149,12809
2,2,0.138109,0.259233,0.186441,0.109686,0.045512,9076,89932,3524,12341
2,2,0.138988,0.254517,0.186441,0.106962,0.050272,8869,90038,3418,12548
2,2,0.139110,0.253864,0.186441,0.105952,0.048778,8804,90089,3367,12613
2,2,0.138805,0.255498,0.186441,0.105595,0.046217,8801,90127,3329,12616
2,2,0.138214,0.258673,0.186441,0.105369,0.048347,8822,90174,3282,12595
2,2,0.138161,0.258953,0.186441,0.112542,0.046192,9237,89765,3691,12180
2,2,0.138631,0.256432,0.186441,0.111567,0.055858,9154,89794,3662,12263
2,2,0.138109,0.259233,0.186441,0.109686,0.042308,9076,89932,3524,12341
2,2,0.138762,0.255731,0.186441,0.105447,0.049513,8795,90138,3318,12622
2,2,0.138823,0.255405,0.186441,0.101416,0.045577,8560,90366,3090,12857
2,2,0.138762,0.255731,0.186441,0.105447,0.048382,8795,90138,3318,12622
2,2,0.138692,0.256105,0.186441,0.106439,0.044187,8856,90085,3371,12561
2,2,0.138092,0.259327,0.186441,0.106779,0.049925,8910,90100,3356,12507
2,2,0.138988,0.254517,0.186441,0.106962,0.046702,8869,90038,3418,12548
2,2,0.139067,0.254097,0.186441,0.110035,0.051793,9041,89857,3599,12376
2,2,0.138797,0.255545,0.186441,0.101669,0.049019,8576,90353,3103,12841
2,2,0.138988,0.254517,0.186441,0.106962,0.051838,8869,90038,3418,12548
2,2,0.138710,0.256012,0.186441,0.110061,0.050934,9063,89876,3580,12354
2,2,0.138701,0.256058,0.186441,0.105142,0.041844,8781,90159,3297,12636
2,2,0.138823,0.255405,0.186441,0.100824,0.047902,8526,90400,3056,12891
2,2,0.138884,0.255078,0.186441,0.102888,0.048158,8641,90278,3178,12776
2,2,0.138745,0.255825,0.186441,0.107937,0.051203,8939,89996,3460,12478
2,2,0.138805,0.255498,0.186441,0.105456,0.045445,8793,90135,3321,12624
2,2,0.138893,0.255031,0.186441,0.113569,0.049778,9254,89664,3792,12163
2,2,0.138657,0.256292,0.186441,0.109504,0.050412,9034,89911,3545,12383
2,2,0.138588,0.256665,0.186441,0.104542,0.046660,8753,90200,3256,12664
2,2,0.138936,0.254798,0.186441,0.103184,0.048113,8655,90258,3198,12762
2,2,0.138640,0.256385,0.186441,0.104489,0.047727,8747,90200,3256,12670
2,2,0.138257,0.258440,0.186441,0.106317,0.048828,8874,90117,3339,12543
2,2,0.138901,0.254984,0.186441,0.107623,0.052344,8912,90005,3451,12505
2,2,0.137813,0.260821,0.186441,0.106465,0.043949,8908,90134,3322,12509
2,2,0.138927,0.254844,0.186441,0.103123,0.050740,8652,90262,3194,12765
2,2,0.138997,0.254471,0.186441,0.105699,0.047955,8796,90110,3346,12621
2,2,0.138814,0.255451,0.186441,0.106021,0.057088,8825,90102,3354,12592
2,2,0.138736,0.255872,0.186441,0.103523,0.049659,8686,90250,3206,12731
2,2,0.138779,0.255638,0.186441,0.100833,0.048882,8529,90402,3054,12888
2,2,0.138945,0.254751,0.186441,0.102374,0.046833,8608,90304,3152,12809
2,2,0.139049,0.254191,0.186441,0.105212,0.046847,8765,90135,3321,12652
2,2,0.138962,0.254658,0.186441,0.105665,0.046840,8796,90114,3342,12621
2,2,0.138797,0.255545,0.186441,0.114640,0.049277,9321,89608,3848,12096
2,2,0.138840,0.255311,0.186441,0.107336,0.046189,8899,90025,3431,12518
2,2,0.139180,0.253490,0.186441,0.103601,0.045228,8665,90220,3236,12752
2,2,0.139023,0.254331,0.186441,0.107675,0.049189,8908,89995,3461,12509
2,2,0.138257,0.258440,0.186441,0.107919,0.046185,8966,90025,3431,12451
2,2,0.138640,0.256385,0.186441,0.112045,0.053248,9181,89766,3690,12236
2,2,0.138797,0.255545,0.186441,0.108128,0.042997,8947,89982,3474,12470
2,2,0.138222,0.258626,0.186441,0.107205,0.042313,8927,90068,3388,12490
2,2,0.138710,0.256012,0.186441,0.110061,0.045290,9063,89876,3580,12354
2,2,0.138945,0.254751,0.186441,0.105734,0.049287,8801,90111,3345,12616
2,2,0.139145,0.253677,0.186441,0.111036,0.052548,9094,89795,3661,12323
2,2,0.138971,0.254611,0.186441,0.102818,0.048012,8632,90277,3179,12785
2,2,0.138805,0.255498,0.186441,0.107910,0.049139,8934,89994,3462,12483
2,2,0.138666,0.256245,0.186441,0.111932,0.049552,9173,89771,3685,12244
2,2,0.138779,0.255638,0.186441,0.105673,0.049623,8807,90124,3332,12610
2,2,0.139145,0.253677,0.186441,0.110983,0.050385,9091,89798,3658,12326
2,2,0.137482,0.262595,0.186441,0.106605,0.049706,8935,90145,3311,12482
2,2,0.138057,0.259513,0.186441,0.107458,0.051789,8951,90063,3393,12466
2,2,0.137909,0.260307,0.186441,0.111488,0.045884,9191,89840,3616,12226
2,2,0.138161,0.258953,0.186441,0.112542,0.047877,9237,89765,3691,12180
2,2,0.139049,0.254191,0.186441,0.105212,0.048116,8765,90135,3321,12652
2,2,0.138779,0.255638,0.186441,0.100763,0.049749,8525,90406,3050,12892
2,2,0.137857,0.260587,0.186441,0.104907,0.049994,8816,90221,3235,12601
2,2,0.138832,0.255358,0.186441,0.103706,0.046802,8691,90234,3222,12726
2,2,0.138962,0.254658,0.186441,0.101364,0.051158,8549,90361,3095,12868
2,2,0.138292,0.258253,0.186441,0.108999,0.049737,9026,89961,3495,12391
2,2,0.138475,0.257272,0.186441,0.109303,0.047926,9033,89933,3523,12384
2,2,0.138623,0.256478,0.186441,0.104437,0.043430,8745,90204,3252,12672
2,2,0.138788,0.255591,0.186441,0.104672,0.043644,8749,90181,3275,12668
2,2,0.138788,0.255591,0.186441,0.102113,0.046311,8602,90328,3128,12815
2,2,0.138832,0.255358,0.186441,0.100589,0.046890,8512,90413,3043,12905
2,2,0.138066,0.259467,0.186441,0.106979,0.047485,8923,90090,3366,12494
2,2,0.139041,0.254237,0.186441,0.102870,0.049738,8631,90270,3186,12786
2,2,0.138762,0.255731,0.186441,0.105447,0.047316,8795,90138,3318,12622
2,2,0.138962,0.254658,0.186441,0.101799,0.045621,8574,90336,3120,12843
2,2,0.138597,0.256619,0.186441,0.107667,0.050444,8932,90020,3436,12485
2,2,0.138797,0.255545,0.186441,0.104594,0.041440,8744,90185,3271,12673
2,2,0.138762,0.255731,0.186441,0.105447,0.046081,8795,90138,3318,12622
2,2,0.138109,0.259233,0.186441,0.105247,0.045466,8821,90187,3269,12596
2,2,0.138797,0.255545,0.186441,0.108128,0.048288,8947,89982,3474,12470
2,2,0.138901,0.254984,0.186441,0.103775,0.053376,8691,90226,3230,12726
2,2,0.138762,0.255731,0.186441,0.105447,0.045819,8795,90138,3318,12622
2,2,0.138710,0.256012,0.186441,0.110061,0.047535,9063,89876,3580,12354
2,2,0.138745,0.255825,0.186441,0.107937,0.050668,8939,89996,3460,12478
2,2,0.138936,0.254798,0.186441,0.104820,0.050585,8749,90164,3292,12668
2,2,0.137456,0.262735,0.186441,0.106108,0.050658,8908,90175,3281,12509
2,2,0.138257,0.258440,0.186441,0.104576,0.045688,8774,90217,3239,12643
2,2,0.138788,0.255591,0.186441,0.103941,0.051188,8707,90223,3233,12710
2,2,0.138797,0.255545,0.186441,0.108128,0.055944,8947,89982,3474,12470
2,2,0.138797,0.255545,0.186441,0.106944,0.044665,8879,90050,3406,12538
2,2,0.138161,0.258953,0.186441,0.112542,0.048503,9237,89765,3691,12180
2,2,0.138884,0.255078,0.186441,0.107867,0.050386,8927,89992,3464,12490
2,2,0.138614,0.256525,0.186441,0.108450,0.052673,8976,89974,3482,12441
4,4,0.134540,0.278377,0.186441,0.117417,0.085919,9725,89693,3763,11692
4,4,0.135219,0.274735,0.186441,0.116459,0.087802,9631,89709,3747,11786
4,4,0.133504,0.283933,0.186441,0.117164,0.085868,9770,89767,3689,11647
4,4,0.134670,0.277677,0.186441,0.113020,0.093529,9465,89938,3518,11952
4,4,0.134705,0.277490,0.186441,0.109155,0.085179,9241,90158,3298,12176
4,4,0.135637,0.272494,0.186441,0.118722,0.086829,9737,89555,3901,11680
4,4,0.134862,0.276649,0.186441,0.109695,0.082623,9263,90118,3338,12154
4,4,0.134226,0.280058,0.186441,0.115919,0.085728,9657,89797,3659,11760
4,4,0.134401,0.279124,0.186441,0.110522,0.084774,9337,90097,3359,12080
4,4,0.133399,0.284494,0.186441,0.116398,0.091431,9732,89817,3639,11685
4,4,0.134218,0.280105,0.186441,0.117077,0.075650,9724,89731,3725,11693
4,4,0.134583,0.278144,0.186441,0.114065,0.084407,9530,89883,3573,11887
4,4,0.135628,0.272541,0.186441,0.116711,0.080911,9622,89671,3785,11795
4,4,0.133765,0.282533,0.186441,0.111749,0.086720,9444,90063,3393,11973
4,4,0.134479,0.278704,0.186441,0.117425,0.087734,9729,89696,3760,11688
4,4,0.135837,0.271420,0.186441,0.114117,0.081315,9461,89808,3648,11956
4,4,0.134775,0.277116,0.186441,0.114396,0.093953,9538,89853,3603,11879
4,4,0.135463,0.273428,0.186441,0.119819,0.080391,9810,89502,3954,11607
4,4,0.134235,0.280011,0.186441,0.117095,0.084254,9724,89729,3727,11693
4,4,0.134766,0.277163,0.186441,0.121473,0.082087,9945,89447,4009,11472
4,4,0.135846,0.271373,0.186441,0.109216,0.088258,9179,90089,3367,12238
4,4,0.135106,0.275342,0.186441,0.122335,0.090253,9975,89378,4078,11442
4,4,0.135680,0.272260,0.186441,0.109625,0.094951,9212,90075,3381,12205
4,4,0.134897,0.276463,0.186441,0.117216,0.087105,9693,89684,3772,11724
4,4,0.134000,0.281272,0.186441,0.119036,0.089465,9849,89631,3825,11568
4,4,0.135567,0.272867,0.186441,0.114997,0.089200,9527,89773,3683,11890
4,4,0.134096,0.280758,0.186441,0.108250,0.077963,9224,90245,3211,12193
4,4,0.133661,0.283093,0.186441,0.116572,0.101538,9727,89792,3664,11690
4,4,0.134226,0.280058,0.186441,0.116999,0.087992,9719,89735,3721,11698
4,4,0.135698,0.272167,0.186441,0.117234,0.094059,9648,89637,3819,11769
4,4,0.134723,0.277396,0.186441,0.116920,0.087617,9686,89711,3745,11731
4,4,0.136194,0.269506,0.186441,0.117016,0.087131,9607,89621,3835,11810
4,4,0.134261,0.279871,0.186441,0.114283,0.091802,9561,89889,3567,11856
4,4,0.133756,0.282579,0.186441,0.112768,0.085893,9503,90005,3451,11914
4,4,0.135968,0.270720,0.186441,0.110383,0.087177,9239,90015,3441,12178
4,4,0.135036,0.275716,0.186441,0.115911,0.075986,9610,89751,3705,11807
4,4,0.134627,0.277910,0.186441,0.114979,0.082307,9580,89828,3628,11837
4,4,0.134148,0.280478,0.186441,0.118870,0.086197,9831,89632,3824,11586
4,4,0.134566,0.278237,0.186441,0.122039,0.078484,9989,89426,4030,11428
4,4,0.133774,0.282486,0.186441,0.114701,0.088194,9613,89893,3563,11804
4,4,0.135097,0.275389,0.186441,0.117016,0.082785,9670,89684,3772,11747
4,4,0.135062,0.275575,0.186441,0.109443,0.077572,9237,90121,3335,12180
4,4,0.135950,0.270813,0.186441,0.107406,0.086234,9069,90187,3269,12348
4,4,0.135036,0.275716,0.186441,0.116729,0.082461,9657,89704,3752,11760
4,4,0.134070,0.280898,0.186441,0.124816,0.084074,10177,89295,4161,11240
4,4,0.133843,0.282112,0.186441,0.107231,0.083105,9180,90318,3138,12237
4,4,0.134958,0.276136,0.186441,0.123336,0.086214,10041,89329,4127,11376
4,4,0.134453,0.278844,0.186441,0.123719,0.087818,10092,89336,4120,11325
4,4,0.134296,0.279684,0.186441,0.119993,0.090314,9887,89559,3897,11530
4,4,0.134357,0.279358,0.186441,0.118383,0.088664,9791,89648,3808,11626
4,4,0.134914,0.276369,0.186441,0.116955,0.077885,9677,89698,3758,11740
4,4,0.133748,0.282626,0.186441,0.114309,0.084828,9592,89917,3539,11825
4,4,0.135376,0.273895,0.186441,0.106901,0.092555,9073,90249,3207,12344
4,4,0.135663,0.272354,0.186441,0.111662,0.075887,9330,89959,3497,12087
4,4,0.133069,0.286268,0.186441,0.114396,0.091704,9636,89951,3505,11781
4,4,0.132477,0.289443,0.186441,0.112533,0.076563,9563,90092,3364,11854
4,4,0.135027,0.275762,0.186441,0.125042,0.075405,10135,89227,4229,11282
4,4,0.134200,0.280198,0.186441,0.119898,0.082429,9887,89570,3886,11530
4,4,0.135976,0.270673,0.186441,0.116607,0.082820,9596,89657,3799,11821
4,4,0.135628,0.272541,0.186441,0.120768,0.084584,9855,89438,4018,11562
4,4,0.133722,0.282766,0.186441,0.117800,0.091892,9794,89718,3738,11623
4,4,0.134174,0.280338,0.186441,0.111689,0.087596,9417,90043,3413,12000
4,4,0.134923,0.276323,0.186441,0.120934,0.102290,9905,89469,3987,11512
4,4,0.135193,0.274875,0.186441,0.113734,0.081351,9476,89867,3589,11941
4,4,0.134139,0.280525,0.186441,0.121874,0.090884,10004,89460,3996,11413
4,4,0.135419,0.273661,0.186441,0.120315,0.089482,9841,89476,3980,11576
4,4,0.135141,0.275155,0.186441,0.116328,0.080668,9628,89721,3735,11789
4,4,0.133539,0.283747,0.186441,0.115684,0.087314,9683,89850,3606,11734
4,4,0.135437,0.273568,0.186441,0.118139,0.083564,9715,89600,3856,11702
4,4,0.135733,0.271980,0.186441,0.114709,0.085700,9501,89780,3676,11916
4,4,0.133826,0.282206,0.186441,0.118322,0.089489,9818,89682,3774,11599
4,4,0.133904,0.281785,0.186441,0.118209,0.087458,9807,89684,3772,11610
4,4,0.133800,0.282346,0.186441,0.113108,0.094479,9520,89983,3473,11897
4,4,0.136246,0.269225,0.186441,0.110452,0.074356,9227,89995,3461,12190
4,4,0.134984,0.275996,0.186441,0.116973,0.082517,9674,89693,3763,11743
4,4,0.135045,0.275669,0.186441,0.118078,0.088364,9734,89626,3830,11683
4,4,0.135097,0.275389,0.186441,0.110052,0.089988,9270,90084,3372,12147
4,4,0.134888,0.276509,0.186441,0.111567,0.085749,9369,90009,3447,12048
4,4,0.134514,0.278517,0.186441,0.112341,0.079218,9435,89986,3470,11982
4,4,0.133887,0.281879,0.186441,0.117478,0.090687,9766,89727,3729,11651
4,4,0.134192,0.280245,0.186441,0.112106,0.080143,9440,90018,3438,11977
4,4,0.134636,0.277863,0.186441,0.115562,0.082904,9613,89794,3662,11804
4,4,0.134845,0.276743,0.186441,0.122596,0.098217,10005,89378,4078,11412
4,4,0.134714,0.277443,0.186441,0.110818,0.082923,9336,90062,3394,12081
4,4,0.135201,0.274828,0.186441,0.107353,0.081843,9109,90233,3223,12308
4,4,0.135132,0.275202,0.186441,0.123632,0.085719,10048,89302,4154,11369
4,4,0.135506,0.273194,0.186441,0.112185,0.071506,9369,89938,3518,12048
4,4,0.135289,0.274361,0.186441,0.110139,0.079008,9264,90068,3388,12153
4,4,0.133582,0.283513,0.186441,0.119889,0.089249,9922,89606,3850,11495
4,4,0.135114,0.275295,0.186441,0.122292,0.081453,9972,89380,4076,11445
4,4,0.135080,0.275482,0.186441,0.113151,0.089976,9449,89907,3549,11968
4,4,0.134453,0.278844,0.186441,0.120324,0.094237,9897,89531,3925,11520
4,4,0.134314,0.279591,0.186441,0.108851,0.080491,9246,90198,3258,12171
4,4,0.135010,0.275856,0.186441,0.107823,0.091518,9147,90217,3239,12270
4,4,0.133191,0.285614,0.186441,0.121482,0.086840,10036,89537,3919,11381
4,4,0.133678,0.282999,0.186441,0.118331,0.084308,9827,89690,3766,11590
4,4,0.134340,0.279451,0.186441,0.118296,0.078321,9787,89654,3802,11630
4,4,0.134279,0.279778,0.186441,0.113726,0.093003,9528,89920,3536,11889
4,4,0.135454,0.273474,0.186441,0.113473,0.088252,9446,89867,3589,11971
4,4,0.135532,0.273054,0.186441,0.120690,0.074556,9856,89448,4008,11561
8,8,0.128986,0.308166,0.186441,0.120237,0.137730,10206,89850,3606,11211
8,8,0.129604,0.304851,0.186441,0.126218,0.130877,10514,89471,3985,10903
8,8,0.130196,0.301676,0.186441,0.132050,0.143804,10815,89102,4354,10602
8,8,0.129552,0.305131,0.186441,0.118644,0.141340,10082,89909,3547,11335
8,8,0.129317,0.306392,0.186441,0.124102,0.139878,10409,89609,3847,11008
8,8,0.128333,0.311668,0.186441,0.122648,0.147611,10382,89749,3707,11035
8,8,0.130475,0.300182,0.186441,0.120716,0.156852,10148,89737,3719,11269
8,8,0.129117,0.307466,0.186441,0.131754,0.162015,10860,89181,4275,10557
8,8,0.129691,0.304384,0.186441,0.130292,0.166210,10743,89232,4224,10674
8,8,0.130701,0.298968,0.186441,0.121134,0.155810,10159,89700,3756,11258
8,8,0.131241,0.296073,0.186441,0.130013,0.141313,10638,89159,4297,10779
8,8,0.129491,0.305458,0.186441,0.124363,0.154053,10414,89584,3872,11003
8,8,0.127706,0.315030,0.186441,0.130535,0.142799,10871,89332,4124,10546
8,8,0.128420,0.311201,0.186441,0.127489,0.180558,10655,89466,3990,10762
8,8,0.130161,0.301863,0.186441,0.128202,0.167853,10596,89325,4131,10821
8,8,0.129500,0.305412,0.186441,0.123084,0.148727,10340,89657,3799,11077
8,8,0.129334,0.306299,0.186441,0.115397,0.157811,9908,90108,3348,11509
8,8,0.128263,0.312042,0.186441,0.123693,0.146267,10446,89693,3763,10971
8,8,0.132285,0.290470,0.186441,0.121621,0.153180,10096,89581,3875,11321
8,8,0.129926,0.303124,0.186441,0.123336,0.144462,10330,89618,3838,11087
8,8,0.130457,0.300275,0.186441,0.123728,0.150857,10322,89565,3891,11095
8,8,0.129813,0.303731,0.186441,0.125956,0.137934,10487,89474,3982,10930
8,8,0.127271,0.317365,0.186441,0.130901,0.149862,10917,89336,4120,10500
8,8,0.129352,0.306205,0.186441,0.120620,0.144230,10207,89807,3649,11210
8,8,0.130910,0.297848,0.186441,0.128707,0.152633,10582,89253,4203,10835
8,8,0.130405,0.300556,0.186441,0.128255,0.143069,10585,89308,4148,10832
8,8,0.129282,0.306579,0.186441,0.130823,0.149637,10797,89225,4231,10620
8,8,0.127079,0.318392,0.186441,0.125330,0.171338,10608,89667,3789,10809
8,8,0.130797,0.298454,0.186441,0.123441,0.176174,10286,89562,3894,11131
8,8,0.128020,0.313349,0.186441,0.119393,0.157528,10213,89954,3502,11204
8,8,0.130884,0.297988,0.186441,0.117852,0.163982,9960,89878,3578,11457
8,8,0.129177,0.307139,0.186441,0.126313,0.177571,10544,89490,3966,10873
8,8,0.128429,0.311155,0.186441,0.122065,0.148987,10343,89777,3679,11074
8,8,0.130091,0.302237,0.186441,0.121360,0.151643,10207,89722,3734,11210
8,8,0.128977,0.308213,0.186441,0.123989,0.154831,10422,89635,3821,10995
8,8,0.131415,0.295139,0.186441,0.127419,0.147641,10479,89298,4158,10938
8,8,0.129430,0.305785,0.186441,0.126548,0.148054,10543,89462,3994,10874
8,8,0.129935,0.303077,0.186441,0.130414,0.136919,10736,89211,4245,10681
8,8,0.129273,0.306626,0.186441,0.124964,0.145104,10461,89562,3894,10956
8,8,0.131206,0.296260,0.186441,0.127471,0.139339,10494,89307,4149,10923
8,8,0.126052,0.323902,0.186441,0.124668,0.138915,10629,89764,3692,10788
8,8,0.127489,0.316197,0.186441,0.121038,0.133572,10338,89890,3566,11079
8,8,0.130535,0.299855,0.186441,0.115310,0.139716,9834,90044,3412,11583
8,8,0.130570,0.299668,0.186441,0.125669,0.132201,10427,89447,4009,10990
8,8,0.129595,0.304898,0.186441,0.124799,0.145573,10433,89553,3903,10984
8,8,0.132181,0.291030,0.186441,0.122039,0.156198,10126,89563,3893,11291
8,8,0.128768,0.309334,0.186441,0.126862,0.146806,10599,89482,3974,10818
8,8,0.129056,0.307793,0.186441,0.124259,0.150817,10433,89615,3841,10984
8,8,0.130248,0.301396,0.186441,0.126113,0.149173,10471,89440,4016,10946
8,8,0.130405,0.300556,0.186441,0.122840,0.142341,10274,89619,3837,11143
8,8,0.129517,0.305318,0.186441,0.128725,0.128368,10663,89332,4124,10754
8,8,0.129691,0.304384,0.186441,0.123676,0.133541,10363,89612,3844,11054
8,8,0.130065,0.302377,0.186441,0.130475,0.146299,10732,89200,4256,10685
8,8,0.128864,0.308820,0.186441,0.128612,0.137289,10694,89376,4080,10723
8,8,0.128603,0.310221,0.186441,0.128455,0.139085,10700,89400,4056,10717
8,8,0.127985,0.313536,0.186441,0.126897,0.148141,10646,89525,3931,10771
8,8,0.130727,0.298828,0.186441,0.125042,0.148327,10382,89474,3982,11035
8,8,0.129508,0.305365,0.186441,0.123023,0.138202,10336,89660,3796,11081
8,8,0.131624,0.294019,0.186441,0.125086,0.149312,10333,89420,4036,11084
8,8,0.130327,0.300976,0.186441,0.128281,0.144254,10591,89311,4145,10826
8,8,0.128429,0.311155,0.186441,0.126609,0.148185,10604,89516,3940,10813
8,8,0.128881,0.308727,0.186441,0.129830,0.159202,10763,89305,4151,10654
8,8,0.128942,0.308400,0.186441,0.127959,0.142432,10652,89409,4047,10765
8,8,0.129082,0.307653,0.186441,0.125312,0.144717,10492,89553,3903,10925
8,8,0.129761,0.304011,0.186441,0.131354,0.153578,10800,89167,4289,10617
8,8,0.127976,0.313583,0.186441,0.126540,0.156412,10626,89546,3910,10791
8,8,0.127254,0.317458,0.186441,0.126827,0.131454,10684,89571,3885,10733
8,8,0.128437,0.311108,0.186441,0.127941,0.151020,10680,89439,4017,10737
8,8,0.130309,0.301069,0.186441,0.126244,0.153955,10475,89429,4027,10942
8,8,0.128594,0.310268,0.186441,0.121447,0.135812,10298,89803,3653,11119
8,8,0.129177,0.307139,0.186441,0.126958,0.146578,10581,89453,4003,10836
8,8,0.129560,0.305085,0.186441,0.127393,0.134042,10584,89406,4050,10833
8,8,0.130771,0.298595,0.186441,0.126113,0.140937,10441,89410,4046,10976
8,8,0.127254,0.317458,0.186441,0.121691,0.131654,10389,89866,3590,11028
8,8,0.130596,0.299528,0.186441,0.124390,0.151479,10352,89519,3937,11065
8,8,0.130379,0.300696,0.186441,0.127584,0.133906,10548,89348,4108,10869
8,8,0.128742,0.309474,0.186441,0.130440,0.137451,10806,89278,4178,10611
8,8,0.130179,0.301770,0.186441,0.128707,0.132126,10624,89295,4161,10793
8,8,0.128429,0.311155,0.186441,0.132703,0.133980,10954,89166,4290,10463
8,8,0.126696,0.320446,0.186441,0.129003,0.147823,10841,89478,3978,10576
8,8,0.130170,0.301816,0.186441,0.124520,0.141550,10384,89536,3920,11033
8,8,0.131310,0.295700,0.186441,0.125556,0.144463,10378,89411,4045,11039
8,8,0.129177,0.307139,0.186441,0.126940,0.144639,10580,89454,4002,10837
8,8,0.128507,0.310734,0.186441,0.123728,0.138265,10434,89677,3779,10983
8,8,0.129665,0.304524,0.186441,0.123963,0.144393,10381,89597,3859,11036
8,8,0.129665,0.304524,0.186441,0.123771,0.139886,10370,89608,3848,11047
8,8,0.128255,0.312089,0.186441,0.128559,0.139237,10726,89414,4042,10691
8,8,0.130640,0.299295,0.186441,0.122605,0.138665,10247,89619,3837,11170
8,8,0.126844,0.319653,0.186441,0.125286,0.155960,10619,89683,3773,10798
8,8,0.129865,0.303451,0.186441,0.122718,0.134545,10298,89657,3799,11119
8,8,0.130779,0.298548,0.186441,0.124590,0.146120,10353,89497,3959,11064
8,8,0.129186,0.307092,0.186441,0.127280,0.147520,10599,89434,4022,10818
8,8,0.131171,0.296447,0.186441,0.127227,0.152672,10482,89323,4133,10935
8,8,0.131302,0.295746,0.186441,0.123841,0.147266,10280,89510,3946,11137
8,8,0.129987,0.302797,0.186441,0.132781,0.156137,10869,89072,4384,10548
8,8,0.128028,0.313303,0.186441,0.129325,0.138871,10783,89383,4073,10634
8,8,0.129856,0.303497,0.186441,0.121804,0.156064,10246,89710,3746,11171
8,8,0.130466,0.300229,0.186441,0.132738,0.146950,10839,89047,4409,10578
8,8,0.128350,0.311575,0.186441,0.130222,0.134555,10816,89313,4143,10601
8,8,0.130231,0.301489,0.186441,0.127315,0.140140,10541,89372,4084,10876
16,16,0.123937,0.335248,0.186441,0.131850,0.232069,11163,89473,3983,10254
16,16,0.120777,0.352197,0.186441,0.136768,0.272964,11627,89372,4084,9790
16,16,0.123301,0.338656,0.186441,0.135393,0.236661,11403,89306,4150,10014
16,16,0.120350,0.354485,0.186441,0.136760,0.247585,11651,89397,4059,9766
16,16,0.124520,0.332119,0.186441,0.131615,0.236220,11116,89453,4003,10301
16,16,0.122152,0.344820,0.186441,0.136525,0.257858,11534,89307,4149,9883
16,16,0.123258,0.338890,0.186441,0.134166,0.255173,11335,89379,4077,10082
16,16,0.120551,0.353411,0.186441,0.146013,0.253383,12171,88854,4602,9246
16,16,0.120516,0.353598,0.186441,0.141104,0.247782,11891,89138,4318,9526
16,16,0.121935,0.345987,0.186441,0.138257,0.252688,11646,89220,4236,9771
16,16,0.120725,0.352477,0.186441,0.141626,0.257034,11909,89096,4360,9508
16,16,0.118418,0.364850,0.186441,0.136725,0.267402,11760,89510,3946,9657
16,16,0.120315,0.354672,0.186441,0.135088,0.263681,11557,89495,3961,9860
16,16,0.118827,0.362656,0.186441,0.138527,0.264469,11840,89383,4073,9577
16,16,0.119506,0.359014,0.186441,0.142514,0.284505,12030,89115,4341,9387
16,16,0.122178,0.344679,0.186441,0.140137,0.304404,11740,89098,4358,9677
16,16,0.122222,0.344446,0.186441,0.142792,0.268473,11890,88943,4513,9527
16,16,0.119192,0.360695,0.186441,0.137239,0.287667,11745,89436,4020,9672
16,16,0.120455,0.353924,0.186441,0.144925,0.273144,12114,88922,4534,9303
16,16,0.123728,0.336368,0.186441,0.131188,0.275551,11137,89523,3933,10280
16,16,0.123911,0.335388,0.186441,0.144255,0.276905,11877,88762,4694,9540
16,16,0.124111,0.334314,0.186441,0.130335,0.280091,11066,89550,3906,10351
16,16,0.122100,0.345100,0.186441,0.136925,0.267211,11560,89287,4169,9857
16,16,0.121412,0.348788,0.186441,0.138257,0.285469,11676,89250,4206,9741
16,16,0.119784,0.357520,0.186441,0.140198,0.273737,11881,89232,4224,9536
16,16,0.121543,0.348088,0.186441,0.135097,0.237913,11487,89424,4032,9930
16,16,0.119697,0.357987,0.186441,0.138701,0.256306,11800,89323,4133,9617
16,16,0.124477,0.332353,0.186441,0.137369,0.258522,11449,89125,4331,9968
16,16,0.121203,0.349909,0.186441,0.138431,0.263968,11698,89252,4204,9719
16,16,0.122022,0.345520,0.186441,0.140468,0.256969,11768,89088,4368,9649
16,16,0.118879,0.362376,0.186441,0.142514,0.245331,12066,89151,4305,9351
16,16,0.119471,0.359201,0.186441,0.138771,0.251998,11817,89332,4124,9600
16,16,0.119959,0.356586,0.186441,0.139624,0.262018,11838,89255,4201,9579
16,16,0.122823,0.341224,0.186441,0.140399,0.247564,11718,89046,4410,9699
16,16,0.120594,0.353177,0.186441,0.137543,0.245332,11682,89338,4118,9735
16,16,0.122057,0.345333,0.186441,0.136812,0.258831,11556,89296,4160,9861
16,16,0.121195,0.349956,0.186441,0.139067,0.262482,11735,89216,4240,9682
16,16,0.123946,0.335201,0.186441,0.134714,0.252510,11327,89308,4148,10090
16,16,0.121830,0.346547,0.186441,0.132477,0.256181,11320,89558,3898,10097
16,16,0.121996,0.345660,0.186441,0.139780,0.244600,11730,89129,4327,9687
16,16,0.121595,0.347808,0.186441,0.138666,0.238445,11689,89216,4240,9728
16,16,0.121116,0.350376,0.186441,0.139807,0.248303,11782,89178,4278,9635
16,16,0.123023,0.340150,0.186441,0.133373,0.246590,11303,89438,4018,10114
16,16,0.121456,0.348555,0.186441,0.137743,0.246491,11644,89277,4179,9773
16,16,0.120263,0.354952,0.186441,0.140172,0.246176,11852,89206,4250,9565
16,16,0.123458,0.337816,0.186441,0.129787,0.255221,11072,89619,3837,10345
16,16,0.118130,0.366391,0.186441,0.141992,0.274917,12079,89224,4232,9338
16,16,0.122466,0.343139,0.186441,0.132729,0.234458,11298,89507,3949,10119
16,16,0.122466,0.343139,0.186441,0.130274,0.248255,11157,89648,3808,10260
16,16,0.121552,0.348041,0.186441,0.143985,0.239631,11997,88913,4543,9420
16,16,0.123763,0.336182,0.186441,0.140329,0.244494,11660,88996,4460,9757
16,16,0.121125,0.350329,0.186441,0.136786,0.246916,11608,89351,4105,9809
16,16,0.121578,0.347901,0.186441,0.135933,0.265083,11533,89374,4082,9884
16,16,0.119724,0.357847,0.186441,0.144055,0.263377,12106,89014,4442,9311
16,16,0.120089,0.355886,0.186441,0.139302,0.247660,11812,89266,4190,9605
16,16,0.121412,0.348788,0.186441,0.137212,0.242523,11616,89310,4146,9801
16,16,0.120733,0.352430,0.186441,0.133957,0.254739,11468,89536,3920,9949
16,16,0.121499,0.348321,0.186441,0.140886,0.247187,11822,89094,4362,9595
16,16,0.120498,0.353691,0.186441,0.136176,0.243800,11609,89422,4034,9808
16,16,0.121734,0.347061,0.186441,0.133443,0.255441,11381,89508,3948,10036
16,16,0.120507,0.353644,0.186441,0.139354,0.271089,11791,89239,4217,9626
16,16,0.121230,0.349769,0.186441,0.140686,0.240368,11826,89121,4335,9591
16,16,0.120176,0.355419,0.186441,0.144090,0.249820,12082,88986,4470,9335
16,16,0.121378,0.348975,0.186441,0.132181,0.252682,11329,89601,3855,10088
16,16,0.118278,0.365597,0.186441,0.142366,0.241508,12092,89194,4262,9325
16,16,0.123554,0.337302,0.186441,0.135541,0.234289,11397,89283,4173,10020
16,16,0.122222,0.344446,0.186441,0.131911,0.242248,11265,89568,3888,10152
16,16,0.120481,0.353784,0.186441,0.136403,0.238063,11623,89410,4046,9794
16,16,0.121569,0.347948,0.186441,0.139110,0.249323,11716,89192,4264,9701
16,16,0.121578,0.347901,0.186441,0.139101,0.263345,11715,89192,4264,9702
16,16,0.122648,0.342158,0.186441,0.142557,0.244255,11852,88932,4524,9565
16,16,0.121552,0.348041,0.186441,0.133870,0.238775,11416,89494,3962,10001
16,16,0.121038,0.350796,0.186441,0.139519,0.248056,11770,89199,4257,9647
16,16,0.122962,0.340477,0.186441,0.132773,0.231261,11272,89476,3980,10145
16,16,0.120324,0.354625,0.186441,0.137970,0.248983,11722,89329,4127,9695
16,16,0.121360,0.349068,0.186441,0.143480,0.246404,11979,88953,4503,9438
16,16,0.119549,0.358780,0.186441,0.132529,0.245568,11454,89686,3770,9963
16,16,0.124938,0.329878,0.186441,0.140668,0.248049,11612,88909,4547,9805
16,16,0.124590,0.331746,0.186441,0.132921,0.256710,11187,89374,4082,10230
16,16,0.122561,0.342625,0.186441,0.141043,0.258041,11770,89024,4432,9647
16,16,0.123711,0.336462,0.186441,0.136533,0.244319,11445,89217,4239,9972
16,16,0.123171,0.339357,0.186441,0.135854,0.249720,11437,89287,4169,9980
16,16,0.120429,0.354065,0.186441,0.141591,0.254008,11924,89115,4341,9493
16,16,0.124459,0.332446,0.186441,0.135715,0.243437,11355,89221,4235,10062
16,16,0.120794,0.352103,0.186441,0.131928,0.255422,11348,89649,3807,10069
16,16,0.119584,0.358594,0.186441,0.134531,0.239831,11567,89569,3887,9850
16,16,0.120925,0.351403,0.186441,0.134340,0.242359,11479,89503,3953,9938
16,16,0.121212,0.349862,0.186441,0.134697,0.245001,11483,89466,3990,9934
16,16,0.121177,0.350049,0.186441,0.137987,0.273357,11674,89279,4177,9743
16,16,0.121151,0.350189,0.186441,0.142523,0.267123,11936,89020,4436,9481
16,16,0.119898,0.356913,0.186441,0.137160,0.247936,11700,89400,4056,9717
16,16,0.122431,0.343325,0.186441,0.135027,0.247456,11432,89377,4079,9985
16,16,0.121238,0.349722,0.186441,0.135524,0.252214,11529,89417,4039,9888
16,16,0.119628,0.358360,0.186441,0.138927,0.250269,11817,89314,4142,9600
16,16,0.118496,0.364430,0.186441,0.130675,0.250599,11408,89853,3603,10009
16,16,0.121404,0.348835,0.186441,0.141400,0.248231,11857,89070,4386,9560
16,16,0.122692,0.341925,0.186441,0.132120,0.242974,11250,89529,3927,10167
16,16,0.121961,0.345847,0.186441,0.135132,0.252119,11465,89398,4058,9952
16,16,0.117112,0.371854,0.186441,0.134166,0.230451,11688,89732,3724,9729
16,16,0.122405,0.343465,0.186441,0.137456,0.245775,11573,89239,4217,9844
32,32,0.105046,0.436569,0.186441,0.158732,0.446448,13792,89014,4442,7625
32,32,0.104855,0.437596,0.186441,0.154466,0.438420,13558,89270,4186,7859
32,32,0.108537,0.417846,0.186441,0.152891,0.428647,13256,89149,4307,8161
32,32,0.108581,0.417612,0.186441,0.151646,0.427287,13182,89218,4238,8235
32,32,0.110531,0.407153,0.186441,0.158889,0.413931,13486,88690,4766,7931
32,32,0.107510,0.423355,0.186441,0.153274,0.424467,13337,89186,4270,8080
32,32,0.111889,0.399869,0.186441,0.154031,0.431120,13129,88891,4565,8288
32,32,0.109068,0.414997,0.186441,0.162858,0.423761,13798,88546,4910,7619
32,32,0.105003,0.436803,0.186441,0.159489,0.427911,13838,88973,4483,7579
32,32,0.107641,0.422655,0.186441,0.152534,0.442512,13287,89221,4235,8130
32,32,0.111958,0.399496,0.186441,0.166375,0.438556,13834,88178,5278,7583
32,32,0.110835,0.405519,0.186441,0.155189,0.413645,13256,88885,4571,8161
32,32,0.110409,0.407807,0.186441,0.150984,0.436062,13039,89151,4305,8378
32,32,0.110679,0.406359,0.186441,0.154057,0.422635,13200,88959,4497,8217
32,32,0.109564,0.412336,0.186441,0.153517,0.451290,13233,89054,4402,8184
32,32,0.114109,0.387963,0.186441,0.154771,0.424343,13044,88721,4735,8373
32,32,0.111584,0.401503,0.186441,0.153918,0.429232,13140,88915,4541,8277
32,32,0.113551,0.390951,0.186441,0.160064,0.415306,13380,88449,5007,8037
32,32,0.109268,0.413924,0.186441,0.157835,0.433133,13498,88823,4633,7919
32,32,0.109948,0.410282,0.186441,0.151428,0.422143,13091,89152,4304,8326
32,32,0.109260,0.413970,0.186441,0.155720,0.434229,13377,88945,4511,8040
32,32,0.108703,0.416958,0.186441,0.161343,0.426931,13732,88654,4802,7685
32,32,0.108015,0.420647,0.186441,0.149391,0.423107,13085,89380,4076,8332
32,32,0.113142,0.393146,0.186441,0.155737,0.432397,13155,88721,4735,8262
32,32,0.111819,0.400243,0.186441,0.153805,0.426288,13120,88908,4548,8297
32,32,0.107327,0.424336,0.186441,0.156625,0.442730,13540,89004,4452,7877
32,32,0.111549,0.401690,0.186441,0.155467,0.423443,13231,88828,4628,8186
32,32,0.109521,0.412569,0.186441,0.157217,0.420552,13448,88844,4612,7969
32,32,0.107101,0.425550,0.186441,0.157269,0.423106,13590,88980,4476,7827
32,32,0.111044,0.404398,0.186441,0.160099,0.418915,13526,88591,4865,7891
32,32,0.111436,0.402297,0.186441,0.158175,0.425198,13393,88679,4777,8024
32,32,0.110714,0.406173,0.186441,0.163546,0.446597,13743,88412,5044,7674
32,32,0.109747,0.411355,0.186441,0.154310,0.431966,13268,88998,4458,8149
32,32,0.109782,0.411169,0.186441,0.157513,0.431081,13450,88812,4644,7967
32,32,0.111166,0.403745,0.186441,0.162449,0.433385,13654,88449,5007,7763
32,32,0.110487,0.407387,0.186441,0.158967,0.430079,13493,88688,4768,7924
32,32,0.106056,0.431153,0.186441,0.155615,0.436712,13555,89135,4321,7862
32,32,0.109860,0.410748,0.186441,0.154266,0.437072,13259,88994,4462,8158
32,32,0.107867,0.421441,0.186441,0.152151,0.433721,13252,89230,4226,8165
32,32,0.109268,0.413924,0.186441,0.146518,0.428811,12848,89473,3983,8569
32,32,0.110409,0.407807,0.186441,0.155250,0.424230,13284,88906,4550,8133
32,32,0.105308,0.435168,0.186441,0.160595,0.431781,13884,88892,4564,7533
32,32,0.108372,0.418733,0.186441,0.155964,0.430672,13442,88982,4474,7975
32,32,0.107675,0.422468,0.186441,0.148129,0.438343,13032,89472,3984,8385
32,32,0.110722,0.406126,0.186441,0.157722,0.424083,13408,88746,4710,8009
32,32,0.107371,0.424102,0.186441,0.152647,0.434833,13309,89230,4226,8108
32,32,0.110844,0.405472,0.186441,0.152760,0.435422,13116,89024,4432,8301
32,32,0.107049,0.425830,0.186441,0.152464,0.419615,13317,89259,4197,8100
32,32,0.108938,0.415698,0.186441,0.148503,0.426112,12981,89378,4078,8436
32,32,0.109556,0.412383,0.186441,0.155685,0.411238,13358,88930,4526,8059
32,32,0.104481,0.439604,0.186441,0.156634,0.423141,13704,89167,4289,7713
32,32,0.110757,0.405939,0.186441,0.151176,0.415446,13030,89120,4336,8387
32,32,0.110200,0.408927,0.186441,0.161535,0.430575,13657,88557,4899,7760
32,32,0.110156,0.409161,0.186441,0.161787,0.429170,13674,88545,4911,7743
32,32,0.107362,0.424149,0.186441,0.154762,0.411925,13431,89109,4347,7986
32,32,0.110940,0.404959,0.186441,0.159071,0.420715,13473,88656,4800,7944
32,32,0.106709,0.427651,0.186441,0.156895,0.439210,13591,89024,4432,7826
32,32,0.109852,0.410795,0.186441,0.155406,0.446182,13325,88929,4527,8092
32,32,0.108868,0.416071,0.186441,0.154388,0.416337,13323,89044,4412,8094
32,32,0.109033,0.415184,0.186441,0.152673,0.439396,13215,89133,4323,8202
32,32,0.107745,0.422095,0.186441,0.154693,0.429836,13405,89091,4365,8012
32,32,0.108407,0.418546,0.186441,0.153195,0.419978,13281,89139,4317,8136
32,32,0.112011,0.399216,0.186441,0.154832,0.407326,13168,88838,4618,8249
32,32,0.109538,0.412476,0.186441,0.161465,0.434239,13691,88599,4857,7726
32,32,0.110365,0.408040,0.186441,0.156303,0.418437,13347,88848,4608,8070
32,32,0.111602,0.401410,0.186441,0.153639,0.428002,13123,88930,4526,8294
32,32,0.109295,0.413783,0.186441,0.153300,0.406041,13236,89082,4374,8181
32,32,0.109408,0.413176,0.186441,0.154858,0.436653,13319,88986,4470,8098
32,32,0.109538,0.412476,0.186441,0.150497,0.434471,13061,89229,4227,8356
32,32,0.109791,0.411122,0.186441,0.152647,0.424339,13170,89091,4365,8247
32,32,0.105586,0.433674,0.186441,0.154675,0.437208,13528,89216,4240,7889
32,32,0.111149,0.403838,0.186441,0.161979,0.425377,13628,88477,4979,7789
32,32,0.111567,0.401597,0.186441,0.155293,0.427092,13220,88837,4619,8197
32,32,0.109817,0.410982,0.186441,0.152377,0.412490,13153,89105,4351,8264
32,32,0.109878,0.410655,0.186441,0.150819,0.437499,13060,89191,4265,8357
32,32,0.108085,0.420274,0.186441,0.163755,0.439409,13906,88551,4905,7511
32,32,0.110008,0.409955,0.186441,0.157130,0.428997,13415,88821,4635,8002
32,32,0.110879,0.405286,0.186441,0.152743,0.443356,13113,89023,4433,8304
32,32,0.105342,0.434982,0.186441,0.156712,0.447847,13659,89113,4343,7758
32,32,0.112176,0.398328,0.186441,0.147894,0.422567,12760,89227,4229,8657
32,32,0.111184,0.403651,0.186441,0.160691,0.439334,13552,88549,4907,7865
32,32,0.109991,0.410048,0.186441,0.159446,0.435078,13549,88689,4767,7868
32,32,0.108311,0.419060,0.186441,0.158375,0.427670,13584,88847,4609,7833
32,32,0.104507,0.439464,0.186441,0.154832,0.420742,13599,89269,4187,7818
32,32,0.111349,0.402764,0.186441,0.157095,0.440974,13336,88746,4710,8081
32,32,0.108607,0.417472,0.186441,0.154318,0.437342,13334,89063,4393,8083
32,32,0.104263,0.440771,0.186441,0.158105,0.440767,13801,89095,4361,7616
32,32,0.104159,0.441332,0.186441,0.160560,0.423024,13948,88960,4496,7469
32,32,0.111105,0.404072,0.186441,0.154936,0.432956,13226,88884,4572,8191
32,32,0.108790,0.416492,0.186441,0.150444,0.424706,13101,89275,4181,8316
32,32,0.107884,0.421348,0.186441,0.158871,0.432926,13637,88843,4613,7780
32,32,0.109800,0.411075,0.186441,0.153265,0.423551,13205,89055,4401,8212
32,32,0.108798,0.416445,0.186441,0.163407,0.441896,13845,88530,4926,7572
32,32,0.110209,0.408881,0.186441,0.153866,0.427837,13216,88997,4459,8201
32,32,0.108494,0.418079,0.186441,0.162823,0.434348,13829,88581,4875,7588
32,32,0.107858,0.421488,0.186441,0.158166,0.435629,13598,88885,4571,7819
32,32,0.107963,0.420927,0.186441,0.156982,0.419274,13524,88947,4509,7893
32,32,0.105395,0.434701,0.186441,0.159602,0.422121,13822,88944,4512,7595
32,32,0.106640,0.428024,0.186441,0.152159,0.418604,13323,89300,4156,8094
32,32,0.109652,0.411869,0.186441,0.158566,0.426793,13518,88759,4697,7899
64,64,0.092354,0.504646,0.186441,0.180164,0.762223,15752,88512,4944,5665
64,64,0.093555,0.498202,0.186441,0.174871,0.768944,15379,88747,4709,6038
64,64,0.092206,0.505440,0.186441,0.180051,0.771628,15754,88527,4929,5663
64,64,0.088298,0.526404,0.186441,0.175759,0.760104,15732,88998,4458,5685
64,64,0.090465,0.514778,0.186441,0.179268,0.744643,15809,88672,4784,5608
64,64,0.093773,0.497035,0.186441,0.183620,0.764293,15869,88232,5224,5548
64,64,0.093390,0.499090,0.186441,0.180765,0.767061,15727,88418,5038,5690
64,64,0.090012,0.517206,0.186441,0.176430,0.763117,15672,88861,4595,5745
64,64,0.093808,0.496848,0.186441,0.183080,0.754030,15836,88261,5195,5581
64,64,0.089107,0.522062,0.186441,0.181914,0.780237,16039,88598,4858,5378
64,64,0.089656,0.519120,0.186441,0.177953,0.773790,15780,88794,4662,5637
64,64,0.088141,0.527245,0.186441,0.188399,0.762223,16467,88281,5175,4950
64,64,0.089925,0.517673,0.186441,0.189627,0.741807,16435,88108,5348,4982
64,64,0.091222,0.510716,0.186441,0.182340,0.767009,15942,88452,5004,5475
64,64,0.093799,0.496895,0.186441,0.182497,0.784574,15803,88295,5161,5614
64,64,0.090526,0.514451,0.186441,0.178441,0.763290,15758,88716,4740,5659
64,64,0.087183,0.532381,0.186441,0.177431,0.765507,15892,88966,4490,5525
64,64,0.092293,0.504973,0.186441,0.186510,0.777837,16120,88151,5305,5297
64,64,0.090178,0.516319,0.186441,0.187372,0.733997,16291,88223,5233,5126
64,64,0.086870,0.534062,0.186441,0.179694,0.772967,16040,88854,4602,5377
64,64,0.092084,0.506093,0.186441,0.185553,0.888621,16077,88218,5238,5340
64,64,0.088298,0.526404,0.186441,0.177257,0.837392,15818,88912,4544,5599
64,64,0.090665,0.513704,0.186441,0.182445,0.757040,15980,88478,4978,5437
64,64,0.092842,0.502031,0.186441,0.175394,0.809174,15450,88758,4698,5967
64,64,0.087862,0.528739,0.186441,0.179955,0.784894,15998,88782,4674,5419
64,64,0.091675,0.508288,0.186441,0.175759,0.764131,15538,88804,4652,5879
64,64,0.088454,0.525564,0.186441,0.181174,0.757267,16034,88678,4778,5383
64,64,0.091553,0.508941,0.186441,0.175690,0.779426,15541,88815,4641,5876
64,64,0.085982,0.538824,0.186441,0.179537,0.779986,16082,88914,4542,5335
64,64,0.092285,0.505019,0.186441,0.187755,0.753920,16192,88080,5376,5225
64,64,0.090247,0.515945,0.186441,0.187007,0.756451,16266,88240,5216,5151
64,64,0.085451,0.541673,0.186441,0.178780,0.762911,16069,88988,4468,5348
64,64,0.088733,0.524070,0.186441,0.181783,0.748829,16053,88627,4829,5364
64,64,0.092824,0.502124,0.186441,0.184882,0.777899,15996,88214,5242,5421
64,64,0.093216,0.500023,0.186441,0.175942,0.750733,15460,88705,4751,5957
64,64,0.092171,0.505626,0.186441,0.178832,0.759254,15686,88599,4857,5731
64,64,0.088280,0.526498,0.186441,0.183733,0.760076,16191,88541,4915,5226
64,64,0.087279,0.531867,0.186441,0.180782,0.768081,16079,88768,4688,5338
64,64,0.093347,0.499323,0.186441,0.178545,0.764860,15602,88548,4908,5815
64,64,0.094652,0.492319,0.186441,0.181505,0.761968,15697,88303,5153,5720
64,64,0.088968,0.522809,0.186441,0.176499,0.767046,15736,88917,4539,5681
64,64,0.092528,0.503712,0.186441,0.182567,0.775933,15880,88364,5092,5537
64,64,0.090065,0.516926,0.186441,0.178850,0.771064,15808,88719,4737,5609
64,64,0.094200,0.494747,0.186441,0.176630,0.762433,15443,88609,4847,5974
64,64,0.087575,0.530280,0.186441,0.181252,0.747051,16089,88724,4732,5328
64,64,0.097595,0.476537,0.186441,0.179659,0.770140,15422,88240,5216,5995
64,64,0.085808,0.539758,0.186441,0.180025,0.746115,16120,88896,4560,5297
64,64,0.093930,0.496195,0.186441,0.181914,0.758765,15762,88321,5135,5655
64,64,0.091214,0.510762,0.186441,0.181165,0.740218,15875,88520,4936,5542
64,64,0.085016,0.544007,0.186441,0.181426,0.751565,16246,88861,4595,5171
64,64,0.096655,0.481580,0.186441,0.180007,0.752290,15496,88274,5182,5921
64,64,0.090100,0.516739,0.186441,0.177265,0.776957,15715,88808,4648,5702
64,64,0.088402,0.525844,0.186441,0.175829,0.758976,15730,88988,4468,5687
64,64,0.092145,0.505766,0.186441,0.177796,0.762841,15628,88660,4796,5789
64,64,0.090100,0.516739,0.186441,0.177631,0.754514,15736,88787,4669,5681
64,64,0.088298,0.526404,0.186441,0.179955,0.747780,15973,88757,4699,5444
64,64,0.091310,0.510249,0.186441,0.174662,0.776311,15496,88888,4568,5921
64,64,0.088010,0.527945,0.186441,0.178397,0.752529,15900,88863,4593,5517
64,64,0.088559,0.525004,0.186441,0.177988,0.759236,15845,88855,4601,5572
64,64,0.092746,0.502545,0.186441,0.181444,0.770856,15803,88416,5040,5614
64,64,0.090744,0.513284,0.186441,0.181531,0.774974,15923,88526,4930,5494
64,64,0.091162,0.511043,0.186441,0.179685,0.754070,15793,88608,4848,5624
64,64,0.088550,0.525050,0.186441,0.182245,0.736297,16090,88611,4845,5327
64,64,0.090448,0.514871,0.186441,0.180922,0.741012,15905,88578,4878,5512
64,64,0.093512,0.498436,0.186441,0.179494,0.749796,15647,88484,4972,5770
64,64,0.089037,0.522435,0.186441,0.185152,0.760340,16229,88416,5040,5188
64,64,0.093468,0.498669,0.186441,0.176456,0.772951,15475,88661,4795,5942
64,64,0.087619,0.530046,0.186441,0.180756,0.753427,16058,88750,4706,5359
64,64,0.094409,0.493627,0.186441,0.178771,0.774960,15554,88474,4982,5863
64,64,0.086208,0.537610,0.186441,0.180982,0.774053,16152,88818,4638,5265
64,64,0.088228,0.526778,0.186441,0.185178,0.765025,16277,88461,4995,5140
64,64,0.089995,0.517299,0.186441,0.175960,0.743424,15646,88889,4567,5771
64,64,0.088811,0.523649,0.186441,0.176900,0.767066,15768,88903,4553,5649
64,64,0.091553,0.508941,0.186441,0.184830,0.775727,16066,88290,5166,5351
64,64,0.087610,0.530093,0.186441,0.182506,0.750374,16159,88650,4806,5258
64,64,0.090744,0.513284,0.186441,0.179738,0.774941,15820,88629,4827,5597
64,64,0.089795,0.518373,0.186441,0.180164,0.755081,15899,88659,4797,5518
64,64,0.091040,0.511696,0.186441,0.185622,0.760967,16141,88274,5182,5276
64,64,0.092728,0.502638,0.186441,0.181931,0.762484,15832,88389,5067,5585
64,64,0.088210,0.526871,0.186441,0.173096,0.780801,15584,89156,4300,5833
64,64,0.090657,0.513751,0.186441,0.182576,0.764254,15988,88471,4985,5429
64,64,0.088498,0.525330,0.186441,0.181061,0.755211,16025,88682,4774,5392
64,64,0.091693,0.508194,0.186441,0.174105,0.741023,15442,88898,4558,5975
64,64,0.093677,0.497549,0.186441,0.183925,0.765010,15892,88220,5236,5525
64,64,0.089969,0.517439,0.186441,0.175202,0.744215,15604,88934,4522,5813
64,64,0.091632,0.508521,0.186441,0.187450,0.763232,16212,88135,5321,5205
64,64,0.096036,0.484895,0.186441,0.179981,0.755021,15530,88311,5145,5887
64,64,0.089769,0.518513,0.186441,0.178101,0.766901,15782,88779,4677,5635
64,64,0.092302,0.504926,0.186441,0.181627,0.762631,15839,88431,5025,5578
64,64,0.089299,0.521035,0.186441,0.177875,0.750526,15796,88819,4637,5621
64,64,0.089925,0.517673,0.186441,0.179755,0.761568,15868,88675,4781,5549
64,64,0.089812,0.518280,0.186441,0.175968,0.774607,15657,88899,4557,5760
64,64,0.091910,0.507027,0.186441,0.175907,0.761265,15533,88782,4674,5884
64,64,0.089777,0.518467,0.186441,0.176647,0.765543,15698,88862,4594,5719
64,64,0.089560,0.519634,0.186441,0.181862,0.779973,16010,88575,4881,5407
64,64,0.092598,0.503338,0.186441,0.181487,0.752719,15814,88422,5034,5603
64,64,0.092276,0.505066,0.186441,0.182018,0.774429,15863,88410,5046,5554
64,64,0.087819,0.528972,0.186441,0.179616,0.766736,15981,88804,4652,5436
64,64,0.085782,0.539898,0.186441,0.177457,0.759677,15974,89045,4411,5443
64,64,0.093521,0.498389,0.186441,0.176195,0.764314,15457,88673,4783,5960
128,128,0.060005,0.678153,0.186441,0.214811,1.353776,19600,88380,5076,1817
128,128,0.057307,0.692627,0.186441,0.214115,1.332345,19715,88575,4881,1702
128,128,0.062042,0.667227,0.186441,0.207847,1.373079,19083,88663,4793,2334
128,128,0.065316,0.649671,0.186441,0.214446,1.346134,19274,88096,5360,2143
128,128,0.061503,0.670122,0.186441,0.209275,1.371422,19196,88612,4844,2221
128,128,0.065716,0.647523,0.186441,0.211956,1.352329,19108,88216,5240,2309
128,128,0.061816,0.668441,0.186441,0.207673,1.370571,19086,88686,4770,2331
128,128,0.062008,0.667414,0.186441,0.212339,1.369516,19343,88407,5049,2074
128,128,0.058395,0.686791,0.186441,0.213897,1.355724,19640,88525,4931,1777
128,128,0.060206,0.677079,0.186441,0.211895,1.376510,19421,88536,4920,1996
128,128,0.055975,0.699771,0.186441,0.212992,1.363556,19727,88716,4740,1690
128,128,0.060119,0.677546,0.186441,0.209840,1.397772,19308,88659,4797,2109
128,128,0.062356,0.665546,0.186441,0.213540,1.362913,19392,88318,5138,2025
128,128,0.070460,0.622076,0.186441,0.211721,1.348707,18822,87957,5499,2595
128,128,0.060597,0.674978,0.186441,0.212896,1.341231,19456,88456,5000,1961
128,128,0.060388,0.676098,0.186441,0.213296,1.337564,19491,88445,5011,1926
128,128,0.060415,0.675958,0.186441,0.209562,1.360599,19275,88658,4798,2142
128,128,0.062382,0.665406,0.186441,0.217275,1.337810,19605,88102,5354,1812
128,128,0.064506,0.654013,0.186441,0.212173,1.345874,19190,88273,5183,2227
128,128,0.054243,0.709063,0.186441,0.215351,1.358165,19962,88680,4776,1455
128,128,0.061912,0.667927,0.186441,0.210293,1.389312,19231,88530,4926,2186
128,128,0.061285,0.671289,0.186441,0.212226,1.320986,19378,88455,5001,2039
128,128,0.062678,0.663818,0.186441,0.217205,1.346557,19584,88089,5367,1833
128,128,0.058569,0.685857,0.186441,0.208448,1.362520,19317,88828,4628,2100
128,128,0.065472,0.648830,0.186441,0.223099,1.382768,19762,87590,5866,1655
128,128,0.063522,0.659289,0.186441,0.208909,1.328740,19059,88517,4939,2358
128,128,0.061085,0.672363,0.186441,0.212583,1.343664,19410,88446,5010,2007
128,128,0.063174,0.661157,0.186441,0.211207,1.347032,19211,88405,5051,2206
128,128,0.063374,0.660083,0.186441,0.216752,1.357256,19518,88075,5381,1899
128,128,0.063296,0.660503,0.186441,0.212913,1.341388,19302,88300,5156,2115
128,128,0.068606,0.632021,0.186441,0.216866,1.362856,19224,87768,5688,2193
128,128,0.062600,0.664239,0.186441,0.214463,1.332035,19431,88251,5205,1986
128,128,0.062365,0.665499,0.186441,0.212017,1.344082,19304,88405,5051,2113
128,128,0.063348,0.660223,0.186441,0.206785,1.332795,18947,88649,4807,2470
128,128,0.061851,0.668254,0.186441,0.212008,1.333613,19333,88435,5021,2084
128,128,0.055984,0.699725,0.186441,0.214602,1.346151,19819,88623,4833,1598
128,128,0.064732,0.652799,0.186441,0.213218,1.325350,19237,88200,5256,2180
128,128,0.059300,0.681935,0.186441,0.209510,1.352011,19336,88725,4731,2081
128,128,0.061024,0.672690,0.186441,0.214768,1.342588,19539,88324,5132,1878
128,128,0.059979,0.678293,0.186441,0.213862,1.345703,19547,88436,5020,1870
128,128,0.059596,0.680347,0.186441,0.211407,1.358765,19428,88599,4857,1989
128,128,0.061067,0.672456,0.186441,0.206837,1.342824,19081,88777,4679,2336
128,128,0.067274,0.639165,0.186441,0.215952,1.336897,19248,87897,5559,2169
128,128,0.065298,0.649764,0.186441,0.209013,1.356632,18963,88409,5047,2454
128,128,0.060554,0.675211,0.186441,0.211930,1.345568,19403,88514,4942,2014
128,128,0.063122,0.661437,0.186441,0.216239,1.301558,19503,88119,5337,1914
128,128,0.060597,0.674978,0.186441,0.213749,1.316599,19505,88407,5049,1912
128,128,0.061746,0.668814,0.186441,0.210354,1.364611,19244,88536,4920,2173
128,128,0.064758,0.652659,0.186441,0.219791,1.367193,19613,87821,5635,1804
128,128,0.063235,0.660830,0.186441,0.215307,1.318859,19443,88166,5290,1974
128,128,0.067274,0.639165,0.186441,0.215621,1.367784,19229,87916,5540,2188
128,128,0.062608,0.664192,0.186441,0.216039,1.371698,19521,88160,5296,1896
128,128,0.061381,0.670776,0.186441,0.214097,1.366146,19480,88342,5114,1937
128,128,0.063218,0.660924,0.186441,0.207229,1.350763,18980,88631,4825,2437
128,128,0.062391,0.665359,0.186441,0.212600,1.361194,19336,88370,5086,2081
128,128,0.063383,0.660036,0.186441,0.213906,1.350342,19354,88238,5218,2063
128,128,0.060615,0.674884,0.186441,0.210650,1.378580,19326,88584,4872,2091
128,128,0.058708,0.685110,0.186441,0.211338,1.388008,19475,88654,4802,1942
128,128,0.062626,0.664099,0.186441,0.211129,1.361026,19238,88441,5015,2179
128,128,0.064088,0.656254,0.186441,0.209370,1.361446,19053,88458,4998,2364
128,128,0.058151,0.688098,0.186441,0.212852,1.385127,19594,88599,4857,1823
128,128,0.063183,0.661110,0.186441,0.217170,1.381532,19553,88062,5394,1864
128,128,0.062016,0.667367,0.186441,0.211808,1.424009,19312,88437,5019,2105
128,128,0.065063,0.651025,0.186441,0.213740,1.377214,19248,88151,5305,2169
128,128,0.064332,0.654947,0.186441,0.213270,1.338350,19263,88220,5236,2154
128,128,0.062417,0.665219,0.186441,0.208256,1.318264,19085,88618,4838,2332
128,128,0.059144,0.682775,0.186441,0.209248,1.296464,19330,88749,4707,2087
128,128,0.060240,0.676892,0.186441,0.210833,1.317700,19358,88595,4861,2059
128,128,0.064184,0.655741,0.186441,0.218972,1.390277,19599,87901,5555,1818
128,128,0.063270,0.660643,0.186441,0.212052,1.348828,19254,88351,5105,2163
128,128,0.064010,0.656675,0.186441,0.214376,1.372353,19345,88175,5281,2072
128,128,0.064123,0.656068,0.186441,0.208413,1.356024,18996,88511,4945,2421
128,128,0.064750,0.652706,0.186441,0.218476,1.361051,19538,87897,5559,1879
128,128,0.061372,0.670822,0.186441,0.213253,1.426872,19432,88391,5065,1985
128,128,0.058082,0.688472,0.186441,0.206933,1.353958,19258,88943,4513,2159
128,128,0.062652,0.663959,0.186441,0.211259,1.401939,19244,88432,5024,2173
128,128,0.066439,0.643648,0.186441,0.218023,1.361611,19415,87826,5630,2002
128,128,0.067274,0.639165,0.186441,0.212487,1.405143,19049,88096,5360,2368
128,128,0.062182,0.666480,0.186441,0.204696,1.375359,18894,88836,4620,2523
128,128,0.061294,0.671242,0.186441,0.213662,1.328966,19460,88372,5084,1957
128,128,0.061285,0.671289,0.186441,0.210502,1.337021,19279,88554,4902,2138
128,128,0.062617,0.664145,0.186441,0.210894,1.365101,19225,88455,5001,2192
128,128,0.060327,0.676425,0.186441,0.211703,1.385236,19403,88540,4916,2014
128,128,0.064950,0.651632,0.186441,0.209396,1.361635,19005,88407,5049,2412
128,128,0.059239,0.682262,0.186441,0.211590,1.343804,19459,88609,4847,1958
128,128,0.059831,0.679087,0.186441,0.213523,1.355164,19536,88464,4992,1881
128,128,0.064758,0.652659,0.186441,0.213157,1.317306,19232,88202,5254,2185
128,128,0.067004,0.640613,0.186441,0.214550,1.297812,19183,87993,5463,2234
128,128,0.060441,0.675818,0.186441,0.214759,1.335760,19572,88358,5098,1845
128,128,0.062260,0.666060,0.186441,0.212765,1.305995,19353,88368,5088,2064
128,128,0.059744,0.679554,0.186441,0.212739,1.329158,19496,88514,4942,1921
128,128,0.059492,0.680908,0.186441,0.205871,1.339740,19116,88923,4533,2301
128,128,0.061581,0.669702,0.186441,0.210206,1.361713,19245,88554,4902,2172
128,128,0.060702,0.674418,0.186441,0.212426,1.343771,19423,88477,4979,1994
128,128,0.059971,0.678340,0.186441,0.207795,1.331128,19199,88785,4671,2218
128,128,0.062452,0.665032,0.186441,0.210746,1.337651,19226,88473,4983,2191
128,128,0.058787,0.684690,0.186441,0.210807,1.338131,19440,88680,4776,1977
128,128,0.062060,0.667134,0.186441,0.212426,1.322134,19345,88399,5057,2072
128,128,0.063044,0.661857,0.186441,0.214802,1.338894,19425,88206,5250,1992
128,128,0.061964,0.667647,0.186441,0.211738,1.353475,19311,88444,5012,2106
177,177,0.046390,0.751179,0.186441,0.227852,1.783697,21131,88413,5043,286
177,177,0.044971,0.758790,0.186441,0.224813,1.734036,21038,88669,4787,379
177,177,0.048384,0.740487,0.186441,0.227390,1.765361,20990,88325,5131,427
177,177,0.042534,0.771863,0.186441,0.225440,1.703341,21214,88773,4683,203
177,177,0.049002,0.737171,0.186441,0.229697,1.792981,21087,88157,5299,330
177,177,0.045189,0.757622,0.186441,0.227242,1.780817,21165,88517,4939,252
177,177,0.048967,0.737358,0.186441,0.231177,1.749202,21174,88074,5382,243
177,177,0.048662,0.738992,0.186441,0.230315,1.757487,21142,88141,5315,275
177,177,0.046904,0.748424,0.186441,0.229062,1.770587,21171,88314,5142,246
177,177,0.042821,0.770323,0.186441,0.220731,1.783501,20927,89027,4429,490
177,177,0.047975,0.742681,0.186441,0.230254,1.765797,21178,88184,5272,239
177,177,0.045363,0.756689,0.186441,0.227608,1.750699,21176,88486,4970,241
177,177,0.047104,0.747350,0.186441,0.225519,1.751824,20956,88506,4950,461
177,177,0.048854,0.737965,0.186441,0.228922,1.782528,21051,88210,5246,366
177,177,0.049159,0.736331,0.186441,0.232169,1.778726,21220,88006,5450,197
177,177,0.048288,0.741000,0.186441,0.231142,1.788230,21211,88115,5341,206
177,177,0.047391,0.745809,0.186441,0.227408,1.765623,21048,88381,5075,369
177,177,0.047452,0.745483,0.186441,0.230115,1.773179,21200,88222,5234,217
177,177,0.049690,0.733483,0.186441,0.228661,1.718785,20988,88177,5279,429
177,177,0.049315,0.735490,0.186441,0.231560,1.750130,21176,88032,5424,241
177,177,0.045372,0.756642,0.186441,0.226607,1.759458,21118,88543,4913,299
177,177,0.042917,0.769809,0.186441,0.226015,1.770841,21225,88718,4738,192
177,177,0.048010,0.742494,0.186441,0.227521,1.758648,21019,88339,5117,398
177,177,0.053973,0.710510,0.186441,0.232474,1.757093,20961,87712,5744,456
177,177,0.045180,0.757669,0.186441,0.224692,1.731382,21019,88664,4792,398
177,177,0.050142,0.731055,0.186441,0.232300,1.778369,21171,87942,5514,246
177,177,0.044423,0.761731,0.186441,0.228827,1.747247,21300,88470,4986,117
177,177,0.049281,0.735677,0.186441,0.228966,1.705873,21029,88183,5273,388
177,177,0.043683,0.765700,0.186441,0.226224,1.776112,21193,88662,4794,224
177,177,0.047052,0.747630,0.186441,0.228252,1.777965,21116,88352,5104,301
177,177,0.045433,0.756315,0.186441,0.226685,1.745543,21119,88535,4921,298
177,177,0.046399,0.751132,0.186441,0.229131,1.807494,21204,88339,5117,213
177,177,0.046695,0.749545,0.186441,0.227530,1.753856,21095,88414,5042,322
177,177,0.050038,0.731615,0.186441,0.229741,1.708399,21030,88095,5361,387
177,177,0.046190,0.752253,0.186441,0.228592,1.752648,21185,88382,5074,232
177,177,0.042943,0.769669,0.186441,0.225466,1.720705,21192,88748,4708,225
177,177,0.048184,0.741560,0.186441,0.231020,1.778259,21210,88128,5328,207
177,177,0.044031,0.763832,0.186441,0.225614,1.771663,21138,88677,4779,279
177,177,0.047983,0.742634,0.186441,0.227808,1.723431,21037,88324,5132,380
177,177,0.043674,0.765747,0.186441,0.229070,1.785789,21357,88499,4957,60
177,177,0.047618,0.744595,0.186441,0.226763,1.792590,20998,88405,5051,419
177,177,0.049420,0.734930,0.186441,0.230602,1.818258,21115,88081,5375,302
177,177,0.047896,0.743101,0.186441,0.227199,1.765932,21007,88364,5092,410
177,177,0.048697,0.738806,0.186441,0.228417,1.751663,21031,88248,5208,386
177,177,0.046390,0.751179,0.186441,0.226824,1.799739,21072,88472,4984,345
177,177,0.044597,0.760797,0.186441,0.224578,1.752977,21046,88704,4752,371
177,177,0.046608,0.750012,0.186441,0.228748,1.730277,21170,88349,5107,247
177,177,0.044867,0.759350,0.186441,0.227321,1.743871,21188,88531,4925,229
177,177,0.050491,0.729187,0.186441,0.231830,1.822576,21124,87949,5507,293
177,177,0.046373,0.751272,0.186441,0.229018,1.768098,21199,88347,5109,218
177,177,0.047644,0.744455,0.186441,0.229192,1.813264,21136,88264,5192,281
177,177,0.048689,0.738852,0.186441,0.228165,1.776619,21017,88263,5193,400
177,177,0.046652,0.749778,0.186441,0.227921,1.774535,21120,88394,5062,297
177,177,0.047879,0.743195,0.186441,0.232788,1.783473,21329,88044,5412,88
177,177,0.051561,0.723444,0.186441,0.230724,1.763881,20999,87951,5505,418
177,177,0.047400,0.745763,0.186441,0.230515,1.743136,21226,88202,5254,191
177,177,0.052658,0.717561,0.186441,0.231891,1.768196,21003,87821,5635,414
177,177,0.048149,0.741747,0.186441,0.227503,1.792595,21010,88332,5124,407
177,177,0.046991,0.747957,0.186441,0.228748,1.734380,21148,88327,5129,269
177,177,0.047505,0.745202,0.186441,0.227573,1.770434,21051,88365,5091,366
177,177,0.049681,0.733529,0.186441,0.228879,1.792762,21001,88165,5291,416
177,177,0.046634,0.749872,0.186441,0.226668,1.785921,21049,88467,4989,368
177,177,0.050508,0.729094,0.186441,0.233432,1.752210,21215,87856,5600,202
177,177,0.050830,0.727366,0.186441,0.235094,1.779774,21292,87742,5714,125
177,177,0.051344,0.724611,0.186441,0.232248,1.769232,21099,87876,5580,318
177,177,0.048741,0.738572,0.186441,0.229993,1.804738,21119,88155,5301,298
177,177,0.050386,0.729747,0.186441,0.231168,1.750042,21092,87993,5463,325
177,177,0.046678,0.749638,0.186441,0.227216,1.760016,21078,88433,5023,339
177,177,0.047870,0.743241,0.186441,0.229575,1.770173,21145,88229,5227,272
177,177,0.046321,0.751553,0.186441,0.226737,1.768048,21071,88481,4975,346
177,177,0.047844,0.743381,0.186441,0.228313,1.783041,21074,88303,5153,343
177,177,0.048880,0.737825,0.186441,0.226145,1.782047,20890,88368,5088,527
177,177,0.045398,0.756502,0.186441,0.225971,1.747653,21080,88578,4878,337
177,177,0.042717,0.770883,0.186441,0.227364,1.747662,21314,88652,4804,103
177,177,0.053120,0.715086,0.186441,0.231464,1.789484,20952,87819,5637,465
177,177,0.045328,0.756875,0.186441,0.226459,1.768787,21112,88554,4902,305
177,177,0.048123,0.741887,0.186441,0.225388,1.777062,20890,88455,5001,527
177,177,0.048201,0.741467,0.186441,0.225989,1.792224,20920,88416,5040,497
177,177,0.048053,0.742261,0.186441,0.227582,1.748903,21020,88333,5123,397
177,177,0.045354,0.756735,0.186441,0.227512,1.760680,21171,88492,4964,246
177,177,0.043352,0.767474,0.186441,0.226485,1.737546,21227,88666,4790,190
177,177,0.047635,0.744502,0.186441,0.226990,1.805078,21010,88391,5065,407
177,177,0.053320,0.714012,0.186441,0.231194,1.776334,20925,87823,5633,492
177,177,0.050987,0.726526,0.186441,0.229802,1.756015,20979,88037,5419,438
177,177,0.047539,0.745016,0.186441,0.229662,1.772934,21169,88243,5213,248
177,177,0.044606,0.760751,0.186441,0.226137,1.755463,21135,88614,4842,282
177,177,0.053651,0.712238,0.186441,0.231560,1.771379,20927,87783,5673,490
177,177,0.051013,0.726386,0.186441,0.233763,1.802336,21205,87808,5648,212
177,177,0.051030,0.726292,0.186441,0.228017,1.807452,20874,88137,5319,543
177,177,0.045581,0.755521,0.186441,0.229392,1.762858,21266,88371,5085,151
177,177,0.049542,0.734277,0.186441,0.228861,1.777400,21008,88174,5282,409
177,177,0.044562,0.760984,0.186441,0.228043,1.763223,21247,88507,4949,170
177,177,0.047026,0.747770,0.186441,0.229723,1.785705,21202,88269,5187,215
177,177,0.046094,0.752766,0.186441,0.228078,1.753495,21161,88417,5039,256
177,177,0.046234,0.752019,0.186441,0.228565,1.746036,21181,88381,5075,236
177,177,0.047496,0.745249,0.186441,0.228121,1.760182,21083,88334,5122,334
177,177,0.047226,0.746697,0.186441,0.228461,1.785736,21118,88330,5126,299
177,177,0.048131,0.741841,0.186441,0.230637,1.750428,21191,88153,5303,226
177,177,0.049751,0.733156,0.186441,0.228931,1.780397,21000,88158,5298,417
177,177,0.045833,0.754167,0.186441,0.226737,1.773781,21099,88509,4947,318
