5,0.19771825396825396,0.2618518518518519
5,0.19582231040564374,0.2689300411522634
5,0.19851190476190478,0.25888888888888884
5,0.19801587301587303,0.2607407407407406
5,0.20572089947089947,0.23197530864197524
5,0.22062389770723104,0.17633744855967082
5,0.2090167548500882,0.21967078189300404
5,0.21166776895943562,0.20977366255144037
5,0.20714285714285716,0.22666666666666657
5,0.21428571428571427,0.20000000000000007
5,0.2221230158730159,0.17074074074074064
5,0.202744708994709,0.2430864197530863
5,0.2220238095238095,0.1711111111111111
5,0.21960978835978837,0.18012345679012343
5,0.2039021164021164,0.23876543209876544
5,0.20236992945326276,0.244485596707819
5,0.21586199294532626,0.1941152263374486
5,0.20687830687830688,0.22765432098765426
5,0.21407627865961198,0.2007818930041152
5,0.21947751322751322,0.18061728395061727
5,0.20591931216931217,0.23123456790123453
5,0.20919312169312168,0.2190123456790124
5,0.20028108465608466,0.2522839506172839
5,0.19262566137566137,0.2808641975308642
5,0.1987985008818342,0.2578189300411523
5,0.2013282627865961,0.24837448559670783
5,0.2074074074074074,0.225679012345679
5,0.22056878306878305,0.17654320987654326
5,0.21878306878306877,0.18320987654320986
5,0.20992063492063492,0.2162962962962962
5,0.21725088183421518,0.1889300411522633
5,0.21878306878306877,0.18320987654320986
5,0.2169642857142857,0.19000000000000006
5,0.20519179894179895,0.2339506172839505
5,0.22574404761904762,0.15722222222222215
5,0.2177579365079365,0.187037037037037
5,0.20591931216931217,0.23123456790123453
5,0.22023809523809523,0.1777777777777778
5,0.20694444444444446,0.22740740740740728
5,0.21080246913580247,0.21300411522633744
5,0.22513778659611994,0.15948559670781892
5,0.21878306878306877,0.18320987654320986
5,0.19550264550264548,0.2701234567901235
5,0.21258818342151675,0.20633744855967073
5,0.1987985008818342,0.2578189300411523
5,0.1960648148148148,0.26802469135802476
5,0.2124889770723104,0.2067078189300411
5,0.21289682539682542,0.20518518518518514
5,0.21546516754850087,0.19559670781893002
5,0.21011904761904762,0.2155555555555555
5,0.2009920634920635,0.24962962962962953
5,0.2175567680776014,0.1877880658436214
5,0.19728835978835976,0.2634567901234569
5,0.22473544973544973,0.1609876543209876
5,0.20026455026455026,0.2523456790123457
5,0.20058421516754849,0.2511522633744856
5,0.22033730158730158,0.17740740740740746
5,0.21844135802469136,0.18448559670781894
5,0.21607142857142858,0.19333333333333325
5,0.21438492063492065,0.1996296296296296
5,0.2172040343915344,0.1891049382716049
5,0.21911375661375662,0.1819753086419753
5,0.19582231040564374,0.2689300411522634
5,0.215244708994709,0.1964197530864198
5,0.202744708994709,0.2430864197530863
5,0.2083994708994709,0.22197530864197534
5,0.19728835978835976,0.2634567901234569
5,0.21803350970017635,0.1860082304526749
5,0.21878306878306877,0.18320987654320986
5,0.21613756613756613,0.19308641975308638
5,0.21164021164021163,0.2098765432098766
5,0.20687830687830688,0.22765432098765426
5,0.1998015873015873,0.254074074074074
5,0.2193452380952381,0.1811111111111111
5,0.21340939153439153,0.20327160493827157
5,0.2217261904761905,0.17222222222222217
5,0.20687830687830688,0.22765432098765426
5,0.21164021164021163,0.2098765432098766
5,0.22080026455026455,0.17567901234567895
5,0.22368276014109348,0.16491769547325097
5,0.21257440476190476,0.20638888888888884
5,0.22175925925925927,0.17209876543209868
5,0.19811507936507938,0.26037037037037025
5,0.2154651675485009,0.19559670781893002
5,0.2178240740740741,0.18679012345679002
5,0.2130511463844797,0.20460905349794245
5,0.20714285714285716,0.22666666666666657
5,0.21590608465608466,0.19395061728395058
5,0.21259920634920637,0.2062962962962962
5,0.22380952380952382,0.1644444444444444
5,0.22025462962962963,0.177716049382716
5,0.21709656084656084,0.18950617283950622
5,0.1959215167548501,0.268559670781893
5,0.2158068783068783,0.19432098765432093
5,0.20297619047619048,0.24222222222222223
5,0.20985449735449735,0.21654320987654319
5,0.22242063492063494,0.16962962962962957
5,0.19206349206349208,0.28296296296296286
5,0.21397156084656083,0.20117283950617293
5,0.20535714285714285,0.2333333333333334
10,0.14989528218694886,0.44039094650205757
10,0.15188492063492065,0.4329629629629629
10,0.16451168430335095,0.3858230452674898
10,0.16200396825396826,0.3951851851851852
10,0.1789158950617284,0.3320473251028806
10,0.15493827160493825,0.4215637860082305
10,0.15691137566137567,0.4141975308641975
10,0.15610119047619048,0.41722222222222216
10,0.1560515873015873,0.41740740740740734
10,0.14657738095238096,0.4527777777777777
10,0.1628885582010582,0.39188271604938274
10,0.15211640211640212,0.4320987654320987
10,0.16906415343915343,0.36882716049382713
10,0.15793650793650793,0.4103703703703704
10,0.15833333333333333,0.40888888888888886
10,0.17007275132275132,0.3650617283950617
10,0.16545690035273367,0.3822942386831276
10,0.17982804232804234,0.3286419753086419
10,0.17512400793650792,0.3462037037037037
10,0.15049603174603174,0.4381481481481482
10,0.15609016754850089,0.4172633744855967
10,0.1750110229276896,0.34662551440329215
10,0.15555555555555556,0.4192592592592592
10,0.17219190917107585,0.35715020576131684
10,0.1576168430335097,0.4115637860082304
10,0.1515845458553792,0.43408436213991763
10,0.15750936948853617,0.4119650205761316
10,0.15592757936507937,0.41787037037037034
10,0.17624834656084656,0.3420061728395062
10,0.169130291005291,0.36858024691358027
10,0.15482804232804231,0.4219753086419753
10,0.14835482804232805,0.44614197530864197
10,0.14931382275132274,0.4425617283950618
10,0.15790343915343916,0.41049382716049376
10,0.14867724867724869,0.44493827160493826
10,0.17101521164021163,0.3615432098765432
10,0.16103946208112876,0.3987860082304526
10,0.1644042107583774,0.386224279835391
10,0.16199294532627864,0.39522633744855973
10,0.17709986772486772,0.3388271604938272
10,0.1542686287477954,0.42406378600823047
10,0.15307264109347443,0.4285288065843621
10,0.1767802028218695,0.34002057613168724
10,0.16655092592592594,0.3782098765432098
10,0.14830246913580247,0.4463374485596707
10,0.18058862433862435,0.32580246913580235
10,0.1492063492063492,0.442962962962963
10,0.15775462962962963,0.4110493827160494
10,0.15957616843033512,0.4042489711934155
10,0.16440145502645503,0.38623456790123456
10,0.16067019400352733,0.40016460905349793
10,0.14444444444444446,0.4607407407407407
10,0.17450396825396827,0.34851851851851845
10,0.1525628306878307,0.4304320987654321
10,0.1623291446208113,0.3939711934156378
10,0.16189098324514992,0.39560699588477366
10,0.14929453262786596,0.44263374485596707
10,0.17709160052910053,0.33885802469135795
10,0.15843253968253967,0.4085185185185185
10,0.14878196649029984,0.44454732510288053
10,0.16537698412698415,0.3825925925925925
10,0.14381613756613756,0.4630864197530864
10,0.15545083774250443,0.41965020576131684
10,0.18506944444444443,0.30907407407407417
10,0.15648699294532628,0.41578189300411517
10,0.17981977513227512,0.3286728395061729
10,0.1699404761904762,0.3655555555555555
10,0.15393518518518517,0.4253086419753087
10,0.14933862433862433,0.44246913580246916
10,0.14900518077601413,0.4437139917695473
10,0.17741402116402116,0.33765432098765435
10,0.15347222222222223,0.427037037037037
10,0.14639550264550266,0.45345679012345674
10,0.1482638888888889,0.4464814814814815
10,0.16187169312169314,0.3956790123456789
10,0.16473214285714285,0.385
10,0.1652391975308642,0.3831069958847737
10,0.1517361111111111,0.4335185185185185
10,0.16370701058201056,0.38882716049382726
10,0.15367614638447974,0.4262757201646089
10,0.16469356261022927,0.38514403292181065
10,0.15962852733686067,0.40405349794238676
10,0.15143849206349205,0.4346296296296297
10,0.13561507936507938,0.49370370370370364
10,0.1568231922398589,0.41452674897119335
10,0.1756172839506173,0.3443621399176954
10,0.14976851851851852,0.44086419753086414
10,0.164836860670194,0.3846090534979424
10,0.14444995590828924,0.4607201646090535
10,0.15817901234567902,0.40946502057613166
10,0.1687169312169312,0.3701234567901235
10,0.1482638888888889,0.4464814814814815
10,0.16689539241622575,0.37692386831275715
10,0.16553130511463843,0.3820164609053499
10,0.1650462962962963,0.38382716049382715
10,0.1590277777777778,0.40629629629629627
10,0.15894510582010582,0.40660493827160493
10,0.1564484126984127,0.4159259259259259
10,0.17171792328042326,0.35891975308641977
10,0.1612874779541446,0.39786008230452674
25,0.03229993386243386,0.8794135802469136
25,0.022001763668430332,0.9178600823045268
25,0.04995039682539683,0.8135185185185185
25,0.010747354497354498,0.9598765432098766
25,0.038979828042328045,0.8544753086419753
25,0.032341269841269844,0.8792592592592592
25,0.04196428571428572,0.8433333333333333
25,0.036254409171075835,0.8646502057613169
25,0.049964175485008824,0.8134670781893004
25,0.022646604938271607,0.9154526748971193
25,0.03154210758377425,0.8822427983539095
25,0.0558531746031746,0.7914814814814815
25,0.05290454144620811,0.8024897119341564
25,0.04675650352733686,0.8254423868312757
25,0.05492449294532628,0.7949485596707819
25,0.040294312169312174,0.8495679012345678
25,0.033754960317460315,0.8739814814814815
25,0.04152612433862434,0.8449691358024691
25,0.036003637566137565,0.8655864197530865
25,0.02745811287477954,0.8974897119341564
25,0.051259369488536155,0.8086316872427983
25,0.03312940917107584,0.8763168724279835
25,0.013332231040564375,0.9502263374485597
25,0.03521274250440917,0.8685390946502057
25,0.03810626102292769,0.8577366255144033
25,0.021064814814814814,0.921358024691358
25,0.03990299823633157,0.8510288065843621
25,0.02556768077601411,0.9045473251028806
25,0.03318452380952381,0.8761111111111111
25,0.047111992945326274,0.8241152263374486
25,0.03482142857142857,0.87
25,0.046750992063492064,0.825462962962963
25,0.04066633597883598,0.8481790123456789
25,0.03207671957671958,0.8802469135802469
25,0.04597111992945326,0.8283744855967078
25,0.02021604938271605,0.9245267489711935
25,0.03103505291005291,0.8841358024691358
25,0.04429012345679012,0.8346502057613169
25,0.037472442680776014,0.8601028806584362
25,0.044281856261022934,0.8346810699588477
25,0.046296296296296294,0.8271604938271605
25,0.03724647266313933,0.8609465020576131
25,0.0361331569664903,0.8651028806584362
25,0.036089065255731925,0.8652674897119341
25,0.028959986772486776,0.8918827160493827
25,0.04136904761904762,0.8455555555555556
25,0.045260141093474426,0.8310288065843621
25,0.028913139329805996,0.8920576131687243
25,0.033093584656084654,0.8764506172839506
25,0.03380731922398589,0.8737860082304527
25,0.0273478835978836,0.8979012345679012
25,0.029965828924162257,0.8881275720164609
25,0.03020833333333333,0.8872222222222222
25,0.0406194885361552,0.8483539094650205
25,0.06236221340388007,0.7671810699588477
25,0.03404431216931217,0.8729012345679013
25,0.036254409171075835,0.8646502057613169
25,0.03196649029982363,0.8806584362139918
25,0.031046075837742507,0.8840946502057613
25,0.04517195767195767,0.831358024691358
25,0.030307539682539682,0.8868518518518519
25,0.05017912257495591,0.8126646090534979
25,0.04376653439153439,0.836604938271605
25,0.030687830687830688,0.885432098765432
25,0.043468915343915344,0.837716049382716
25,0.046381723985890654,0.8268415637860083
25,0.038222001763668426,0.8573045267489712
25,0.04086474867724868,0.8474382716049382
25,0.02138447971781305,0.920164609053498
25,0.024614197530864197,0.9081069958847736
25,0.02922178130511464,0.8909053497942386
25,0.03675595238095238,0.8627777777777778
25,0.04067184744268078,0.8481584362139918
25,0.038698743386243385,0.8555246913580247
25,0.029265873015873016,0.8907407407407407
25,0.037163800705467376,0.8612551440329218
25,0.03915895061728395,0.8538065843621399
25,0.04420194003527336,0.8349794238683128
25,0.03161926807760141,0.8819547325102881
25,0.023985890652557317,0.9104526748971193
25,0.044174382716049385,0.8350823045267489
25,0.03267195767195767,0.8780246913580247
25,0.016749338624338625,0.9374691358024692
25,0.0400407848324515,0.8505144032921811
25,0.06439043209876544,0.7596090534979424
25,0.03161926807760141,0.8819547325102881
25,0.040426587301587304,0.8490740740740741
25,0.04259259259259259,0.8409876543209877
25,0.03036816578483245,0.8866255144032922
25,0.03552138447971781,0.8673868312757201
25,0.03357583774250441,0.8746502057613168
25,0.04252645502645502,0.8412345679012345
25,0.0357363315696649,0.8665843621399176
25,0.04964726631393298,0.8146502057613169
25,0.044857804232804235,0.8325308641975309
25,0.03533399470899471,0.8680864197530864
25,0.031927910052910055,0.8808024691358025
25,0.04314373897707231,0.8389300411522633
25,0.03685791446208113,0.8623971193415638
25,0.019174382716049383,0.9284156378600823
