1,1,0.318767,0.475378,0.607613,0.742125,0.150532,247433,79559,108787,44221
1,1,0.318767,0.475378,0.607613,0.742125,0.164762,247433,79559,108787,44221
1,1,0.318767,0.475378,0.607613,0.742125,0.152451,247433,79559,108787,44221
1,1,0.318767,0.475378,0.607613,0.742125,0.175246,247433,79559,108787,44221
1,1,0.318767,0.475378,0.607613,0.742125,0.157736,247433,79559,108787,44221
1,1,0.318767,0.475378,0.607613,0.742125,0.160168,247433,79559,108787,44221
1,1,0.318767,0.475378,0.607613,0.742125,0.154931,247433,79559,108787,44221
1,1,0.318767,0.475378,0.607613,0.742125,0.162273,247433,79559,108787,44221
1,1,0.318767,0.475378,0.607613,0.742125,0.161777,247433,79559,108787,44221
1,1,0.318767,0.475378,0.607613,0.742125,0.152409,247433,79559,108787,44221
1,1,0.318767,0.475378,0.607613,0.742125,0.173263,247433,79559,108787,44221
1,1,0.318767,0.475378,0.607613,0.742125,0.152576,247433,79559,108787,44221
1,1,0.318767,0.475378,0.607613,0.742125,0.151197,247433,79559,108787,44221
1,1,0.318767,0.475378,0.607613,0.742500,0.155616,247523,79469,108877,44131
1,1,0.318767,0.475378,0.607613,0.742125,0.155502,247433,79559,108787,44221
1,1,0.318767,0.475378,0.607613,0.742125,0.164946,247433,79559,108787,44221
1,1,0.318767,0.475378,0.607613,0.741750,0.159962,247343,79649,108697,44311
1,1,0.318767,0.475378,0.607613,0.742125,0.168483,247433,79559,108787,44221
1,1,0.318767,0.475378,0.607613,0.742125,0.173508,247433,79559,108787,44221
1,1,0.318767,0.475378,0.607613,0.742125,0.168406,247433,79559,108787,44221
1,1,0.318767,0.475378,0.607613,0.742125,0.166981,247433,79559,108787,44221
1,1,0.318767,0.475378,0.607613,0.742125,0.160993,247433,79559,108787,44221
1,1,0.318767,0.475378,0.607613,0.742125,0.156934,247433,79559,108787,44221
1,1,0.318767,0.475378,0.607613,0.742125,0.154286,247433,79559,108787,44221
1,1,0.318767,0.475378,0.607613,0.742125,0.160427,247433,79559,108787,44221
1,1,0.318767,0.475378,0.607613,0.742500,0.164473,247523,79469,108877,44131
1,1,0.318767,0.475378,0.607613,0.742125,0.139490,247433,79559,108787,44221
1,1,0.318767,0.475378,0.607613,0.742125,0.142063,247433,79559,108787,44221
1,1,0.318767,0.475378,0.607613,0.742125,0.160405,247433,79559,108787,44221
1,1,0.318767,0.475378,0.607613,0.742125,0.159910,247433,79559,108787,44221
1,1,0.318767,0.475378,0.607613,0.742125,0.156535,247433,79559,108787,44221
1,1,0.318767,0.475378,0.607613,0.742125,0.157218,247433,79559,108787,44221
1,1,0.318767,0.475378,0.607613,0.742125,0.158385,247433,79559,108787,44221
1,1,0.318767,0.475378,0.607613,0.742125,0.156512,247433,79559,108787,44221
1,1,0.318767,0.475378,0.607613,0.742125,0.171005,247433,79559,108787,44221
1,1,0.318767,0.475378,0.607613,0.742125,0.148804,247433,79559,108787,44221
1,1,0.318767,0.475378,0.607613,0.742125,0.162108,247433,79559,108787,44221
1,1,0.318767,0.475378,0.607613,0.742125,0.152187,247433,79559,108787,44221
1,1,0.318767,0.475378,0.607613,0.742125,0.156951,247433,79559,108787,44221
1,1,0.318767,0.475378,0.607613,0.742125,0.151129,247433,79559,108787,44221
1,1,0.318767,0.475378,0.607613,0.742125,0.151559,247433,79559,108787,44221
1,1,0.318767,0.475378,0.607613,0.742125,0.167508,247433,79559,108787,44221
1,1,0.318767,0.475378,0.607613,0.742500,0.163934,247523,79469,108877,44131
1,1,0.318767,0.475378,0.607613,0.742125,0.166066,247433,79559,108787,44221
1,1,0.318767,0.475378,0.607613,0.742500,0.159789,247523,79469,108877,44131
1,1,0.318767,0.475378,0.607613,0.742125,0.158092,247433,79559,108787,44221
1,1,0.318767,0.475378,0.607613,0.742125,0.154977,247433,79559,108787,44221
1,1,0.318767,0.475378,0.607613,0.742125,0.164334,247433,79559,108787,44221
1,1,0.318767,0.475378,0.607613,0.742125,0.150982,247433,79559,108787,44221
1,1,0.318767,0.475378,0.607613,0.742125,0.154938,247433,79559,108787,44221
1,1,0.318767,0.475378,0.607613,0.742125,0.144198,247433,79559,108787,44221
1,1,0.318767,0.475378,0.607613,0.742125,0.149199,247433,79559,108787,44221
1,1,0.318767,0.475378,0.607613,0.742125,0.168263,247433,79559,108787,44221
1,1,0.318767,0.475378,0.607613,0.742125,0.157649,247433,79559,108787,44221
1,1,0.318767,0.475378,0.607613,0.742125,0.151897,247433,79559,108787,44221
1,1,0.318767,0.475378,0.607613,0.742500,0.154297,247523,79469,108877,44131
1,1,0.318767,0.475378,0.607613,0.742125,0.161909,247433,79559,108787,44221
1,1,0.318767,0.475378,0.607613,0.742125,0.159708,247433,79559,108787,44221
1,1,0.318767,0.475378,0.607613,0.742125,0.154145,247433,79559,108787,44221
1,1,0.318767,0.475378,0.607613,0.742125,0.158558,247433,79559,108787,44221
1,1,0.318767,0.475378,0.607613,0.742125,0.159394,247433,79559,108787,44221
1,1,0.318767,0.475378,0.607613,0.742500,0.158833,247523,79469,108877,44131
1,1,0.318767,0.475378,0.607613,0.742125,0.168617,247433,79559,108787,44221
1,1,0.318767,0.475378,0.607613,0.742125,0.155629,247433,79559,108787,44221
1,1,0.318767,0.475378,0.607613,0.742125,0.143322,247433,79559,108787,44221
1,1,0.318767,0.475378,0.607613,0.742125,0.164245,247433,79559,108787,44221
1,1,0.318767,0.475378,0.607613,0.742125,0.151229,247433,79559,108787,44221
1,1,0.318767,0.475378,0.607613,0.742500,0.160976,247523,79469,108877,44131
1,1,0.318767,0.475378,0.607613,0.742125,0.159364,247433,79559,108787,44221
1,1,0.318767,0.475378,0.607613,0.742125,0.157938,247433,79559,108787,44221
1,1,0.318767,0.475378,0.607613,0.742125,0.162217,247433,79559,108787,44221
1,1,0.318767,0.475378,0.607613,0.742125,0.169152,247433,79559,108787,44221
1,1,0.318767,0.475378,0.607613,0.742125,0.165341,247433,79559,108787,44221
1,1,0.318767,0.475378,0.607613,0.742125,0.165875,247433,79559,108787,44221
1,1,0.318767,0.475378,0.607613,0.742125,0.153028,247433,79559,108787,44221
1,1,0.318767,0.475378,0.607613,0.742125,0.159000,247433,79559,108787,44221
1,1,0.318767,0.475378,0.607613,0.742125,0.158499,247433,79559,108787,44221
1,1,0.318767,0.475378,0.607613,0.742125,0.161142,247433,79559,108787,44221
1,1,0.318767,0.475378,0.607613,0.742500,0.166952,247523,79469,108877,44131
1,1,0.318767,0.475378,0.607613,0.742500,0.151077,247523,79469,108877,44131
1,1,0.318767,0.475378,0.607613,0.742125,0.151465,247433,79559,108787,44221
1,1,0.318767,0.475378,0.607613,0.742125,0.169918,247433,79559,108787,44221
1,1,0.318767,0.475378,0.607613,0.742125,0.153151,247433,79559,108787,44221
1,1,0.318767,0.475378,0.607613,0.742125,0.157653,247433,79559,108787,44221
1,1,0.318767,0.475378,0.607613,0.742125,0.159554,247433,79559,108787,44221
1,1,0.318767,0.475378,0.607613,0.742125,0.154550,247433,79559,108787,44221
1,1,0.318767,0.475378,0.607613,0.742125,0.154880,247433,79559,108787,44221
1,1,0.318767,0.475378,0.607613,0.742125,0.147600,247433,79559,108787,44221
1,1,0.318767,0.475378,0.607613,0.742125,0.161074,247433,79559,108787,44221
1,1,0.318767,0.475378,0.607613,0.742125,0.162902,247433,79559,108787,44221
1,1,0.318767,0.475378,0.607613,0.742125,0.147463,247433,79559,108787,44221
1,1,0.318767,0.475378,0.607613,0.742125,0.153451,247433,79559,108787,44221
1,1,0.318767,0.475378,0.607613,0.742500,0.160192,247523,79469,108877,44131
1,1,0.318767,0.475378,0.607613,0.742125,0.151918,247433,79559,108787,44221
1,1,0.318767,0.475378,0.607613,0.742125,0.155776,247433,79559,108787,44221
1,1,0.318767,0.475378,0.607613,0.742500,0.171582,247523,79469,108877,44131
1,1,0.318767,0.475378,0.607613,0.742125,0.146526,247433,79559,108787,44221
1,1,0.318767,0.475378,0.607613,0.742125,0.155624,247433,79559,108787,44221
1,1,0.318767,0.475378,0.607613,0.742125,0.153899,247433,79559,108787,44221
1,1,0.318767,0.475378,0.607613,0.742125,0.158001,247433,79559,108787,44221
2,2,0.310525,0.488942,0.607613,0.765408,0.389125,254999,75949,112397,36655
2,2,0.310519,0.488953,0.607613,0.764648,0.369920,254818,76133,112213,36836
2,2,0.310610,0.488802,0.607613,0.767040,0.390783,255370,75537,112809,36284
2,2,0.310567,0.488874,0.607613,0.765083,0.424304,254911,76017,112329,36743
2,2,0.310567,0.488874,0.607613,0.765083,0.441963,254911,76017,112329,36743
2,2,0.310606,0.488809,0.607613,0.766410,0.445473,255220,75689,112657,36434
2,2,0.310519,0.488953,0.607613,0.764648,0.471391,254818,76133,112213,36836
2,2,0.310635,0.488761,0.607613,0.766690,0.398443,255280,75615,112731,36374
2,2,0.310606,0.488809,0.607613,0.766410,0.421388,255220,75689,112657,36434
2,2,0.310635,0.488761,0.607613,0.766690,0.387565,255280,75615,112731,36374
2,2,0.310567,0.488874,0.607613,0.765083,0.390575,254911,76017,112329,36743
2,2,0.310525,0.488942,0.607613,0.765408,0.497221,254999,75949,112397,36655
2,2,0.310606,0.488809,0.607613,0.766410,0.455614,255220,75689,112657,36434
2,2,0.310567,0.488874,0.607613,0.765083,0.482961,254911,76017,112329,36743
2,2,0.310565,0.488877,0.607613,0.764348,0.463662,254735,76194,112152,36919
2,2,0.310519,0.488953,0.607613,0.764648,0.393622,254818,76133,112213,36836
2,2,0.310606,0.488809,0.607613,0.766410,0.517151,255220,75689,112657,36434
2,2,0.310519,0.488953,0.607613,0.764648,0.474574,254818,76133,112213,36836
2,2,0.310565,0.488877,0.607613,0.764348,0.358827,254735,76194,112152,36919
2,2,0.310635,0.488761,0.607613,0.766690,0.422467,255280,75615,112731,36374
2,2,0.310567,0.488874,0.607613,0.765083,0.480710,254911,76017,112329,36743
2,2,0.310508,0.488970,0.607613,0.765083,0.436005,254925,76031,112315,36729
2,2,0.310638,0.488757,0.607613,0.767138,0.426558,255387,75507,112839,36267
2,2,0.310606,0.488809,0.607613,0.766410,0.392028,255220,75689,112657,36434
2,2,0.310521,0.488949,0.607613,0.766238,0.450347,255199,75751,112595,36455
2,2,0.310565,0.488877,0.607613,0.764348,0.478315,254735,76194,112152,36919
2,2,0.310635,0.488761,0.607613,0.766690,0.431203,255280,75615,112731,36374
2,2,0.310519,0.488953,0.607613,0.764648,0.416078,254818,76133,112213,36836
2,2,0.310565,0.488877,0.607613,0.764348,0.377064,254735,76194,112152,36919
2,2,0.310567,0.488874,0.607613,0.765083,0.556165,254911,76017,112329,36743
2,2,0.310610,0.488802,0.607613,0.767040,0.392381,255370,75537,112809,36284
2,2,0.310567,0.488874,0.607613,0.765083,0.450570,254911,76017,112329,36743
2,2,0.310519,0.488953,0.607613,0.764648,0.450301,254818,76133,112213,36836
2,2,0.310602,0.488816,0.607613,0.766569,0.443741,255259,75652,112694,36395
2,2,0.310602,0.488816,0.607613,0.766569,0.436657,255259,75652,112694,36395
2,2,0.310565,0.488877,0.607613,0.764348,0.401658,254735,76194,112152,36919
2,2,0.310638,0.488757,0.607613,0.767138,0.492259,255387,75507,112839,36267
2,2,0.310606,0.488809,0.607613,0.766410,0.424976,255220,75689,112657,36434
2,2,0.310567,0.488874,0.607613,0.765083,0.409698,254911,76017,112329,36743
2,2,0.310525,0.488942,0.607613,0.765408,0.440049,254999,75949,112397,36655
2,2,0.310663,0.488716,0.607613,0.765300,0.445399,254940,75942,112404,36714
2,2,0.310558,0.488888,0.607613,0.765217,0.398160,254945,75987,112359,36709
2,2,0.310519,0.488953,0.607613,0.766656,0.510140,255300,75651,112695,36354
2,2,0.310740,0.488589,0.607613,0.766465,0.412649,255201,75644,112702,36453
2,2,0.310567,0.488874,0.607613,0.765083,0.440124,254911,76017,112329,36743
2,2,0.310567,0.488874,0.607613,0.765083,0.515637,254911,76017,112329,36743
2,2,0.310623,0.488781,0.607613,0.766515,0.435024,255241,75660,112686,36413
2,2,0.310565,0.488877,0.607613,0.764348,0.395409,254735,76194,112152,36919
2,2,0.310565,0.488877,0.607613,0.764348,0.483316,254735,76194,112152,36919
2,2,0.310567,0.488874,0.607613,0.765083,0.371920,254911,76017,112329,36743
2,2,0.310523,0.488946,0.607613,0.764944,0.531393,254888,76061,112285,36766
2,2,0.310519,0.488953,0.607613,0.766656,0.452873,255300,75651,112695,36354
2,2,0.310567,0.488874,0.607613,0.765083,0.410948,254911,76017,112329,36743
2,2,0.310567,0.488874,0.607613,0.765083,0.392814,254911,76017,112329,36743
2,2,0.310610,0.488802,0.607613,0.767040,0.395916,255370,75537,112809,36284
2,2,0.310567,0.488874,0.607613,0.765083,0.391696,254911,76017,112329,36743
2,2,0.310519,0.488953,0.607613,0.764648,0.412489,254818,76133,112213,36836
2,2,0.310635,0.488761,0.607613,0.766690,0.412125,255280,75615,112731,36374
2,2,0.310567,0.488874,0.607613,0.765083,0.429964,254911,76017,112329,36743
2,2,0.310567,0.488874,0.607613,0.765083,0.391820,254911,76017,112329,36743
2,2,0.310610,0.488802,0.607613,0.767040,0.461702,255370,75537,112809,36284
2,2,0.310694,0.488665,0.607613,0.766781,0.499523,255288,75579,112767,36366
2,2,0.310519,0.488953,0.607613,0.764648,0.443261,254818,76133,112213,36836
2,2,0.310635,0.488761,0.607613,0.766690,0.400720,255280,75615,112731,36374
2,2,0.310519,0.488953,0.607613,0.766656,0.432747,255300,75651,112695,36354
2,2,0.310638,0.488757,0.607613,0.767138,0.419912,255387,75507,112839,36267
2,2,0.310519,0.488953,0.607613,0.764648,0.397616,254818,76133,112213,36836
2,2,0.310567,0.488874,0.607613,0.765083,0.486442,254911,76017,112329,36743
2,2,0.310567,0.488874,0.607613,0.765083,0.404021,254911,76017,112329,36743
2,2,0.310558,0.488888,0.607613,0.765217,0.406985,254945,75987,112359,36709
2,2,0.310567,0.488874,0.607613,0.765083,0.425019,254911,76017,112329,36743
2,2,0.310719,0.488624,0.607613,0.766815,0.385154,255290,75565,112781,36364
2,2,0.310567,0.488874,0.607613,0.765083,0.423306,254911,76017,112329,36743
2,2,0.310525,0.488942,0.607613,0.765408,0.414271,254999,75949,112397,36655
2,2,0.310740,0.488589,0.607613,0.766465,0.480646,255201,75644,112702,36453
2,2,0.310510,0.488966,0.607613,0.764965,0.452775,254896,76059,112287,36758
2,2,0.310608,0.488805,0.607613,0.766046,0.455222,255132,75776,112570,36522
2,2,0.310519,0.488953,0.607613,0.764648,0.431204,254818,76133,112213,36836
2,2,0.310567,0.488874,0.607613,0.765083,0.431950,254911,76017,112329,36743
2,2,0.310567,0.488874,0.607613,0.765083,0.466223,254911,76017,112329,36743
2,2,0.310567,0.488874,0.607613,0.765083,0.447020,254911,76017,112329,36743
2,2,0.310519,0.488953,0.607613,0.766656,0.464023,255300,75651,112695,36354
2,2,0.310663,0.488716,0.607613,0.767163,0.418681,255387,75495,112851,36267
2,2,0.310610,0.488802,0.607613,0.767040,0.393964,255370,75537,112809,36284
2,2,0.310519,0.488953,0.607613,0.764648,0.433142,254818,76133,112213,36836
2,2,0.310567,0.488874,0.607613,0.765083,0.432596,254911,76017,112329,36743
2,2,0.310567,0.488874,0.607613,0.765083,0.420931,254911,76017,112329,36743
2,2,0.310558,0.488888,0.607613,0.765217,0.457822,254945,75987,112359,36709
2,2,0.310567,0.488874,0.607613,0.765083,0.462095,254911,76017,112329,36743
2,2,0.310519,0.488953,0.607613,0.764648,0.434031,254818,76133,112213,36836
2,2,0.310519,0.488953,0.607613,0.764648,0.405317,254818,76133,112213,36836
2,2,0.310558,0.488888,0.607613,0.765217,0.400026,254945,75987,112359,36709
2,2,0.310565,0.488877,0.607613,0.764348,0.416373,254735,76194,112152,36919
2,2,0.310606,0.488809,0.607613,0.766410,0.408563,255220,75689,112657,36434
2,2,0.310669,0.488706,0.607613,0.764885,0.561633,254839,76040,112306,36815
2,2,0.310608,0.488805,0.607613,0.766046,0.493173,255132,75776,112570,36522
2,2,0.310519,0.488953,0.607613,0.766656,0.388331,255300,75651,112695,36354
2,2,0.310635,0.488761,0.607613,0.766690,0.421627,255280,75615,112731,36374
2,2,0.310567,0.488874,0.607613,0.765083,0.443425,254911,76017,112329,36743
2,2,0.310567,0.488874,0.607613,0.765083,0.445770,254911,76017,112329,36743
4,4,0.296140,0.512618,0.607613,0.804840,0.880342,267915,69938,118408,23739
4,4,0.296158,0.512587,0.607613,0.805008,0.872796,267951,69893,118453,23703
4,4,0.295758,0.513245,0.607613,0.806246,0.920956,268344,69692,118654,23310
4,4,0.295850,0.513094,0.607613,0.806604,1.032848,268408,69584,118762,23246
4,4,0.295648,0.513427,0.607613,0.804673,0.804744,267993,70096,118250,23661
4,4,0.296071,0.512731,0.607613,0.803013,0.869867,267493,70393,117953,24161
4,4,0.300279,0.505805,0.607613,0.792296,0.955418,263911,71955,116391,27743
4,4,0.296169,0.512570,0.607613,0.805219,0.907322,267999,69840,118506,23655
4,4,0.295990,0.512865,0.607613,0.802777,1.017774,267456,70469,117877,24198
4,4,0.296131,0.512631,0.607613,0.804152,0.958176,267752,70105,118241,23902
4,4,0.296042,0.512779,0.607613,0.803429,0.952462,267600,70300,118046,24054
4,4,0.295775,0.513218,0.607613,0.805525,0.956853,268167,69861,118485,23487
4,4,0.296075,0.512724,0.607613,0.801858,0.914485,267215,70669,117677,24439
4,4,0.296015,0.512823,0.607613,0.804352,0.990575,267828,70085,118261,23826
4,4,0.296165,0.512577,0.607613,0.804290,1.012677,267777,70064,118282,23877
4,4,0.295783,0.513204,0.607613,0.803950,1.039610,267787,70237,118109,23867
4,4,0.296123,0.512645,0.607613,0.803652,0.949772,267634,70227,118119,24020
4,4,0.296021,0.512813,0.607613,0.802667,0.914711,267422,70488,117858,24232
4,4,0.295833,0.513122,0.607613,0.802371,0.955240,267396,70604,117742,24258
4,4,0.296563,0.511922,0.607613,0.801867,0.937150,267100,70550,117796,24554
4,4,0.296085,0.512707,0.607613,0.804290,0.975617,267796,70083,118263,23858
4,4,0.296204,0.512511,0.607613,0.804438,0.822119,267803,70019,118327,23851
4,4,0.300783,0.504975,0.607613,0.795696,0.852570,264606,71018,117328,27048
4,4,0.296079,0.512717,0.607613,0.802888,0.920895,267461,70421,117925,24193
4,4,0.296088,0.512703,0.607613,0.801808,0.866854,267200,70678,117668,24454
4,4,0.296027,0.512803,0.607613,0.804219,0.907846,267793,70114,118232,23861
4,4,0.296021,0.512813,0.607613,0.802667,0.929693,267422,70488,117858,24232
4,4,0.295885,0.513036,0.607613,0.801977,0.972432,267289,70686,117660,24365
4,4,0.295656,0.513413,0.607613,0.804623,0.920669,267979,70106,118240,23675
4,4,0.295985,0.512871,0.607613,0.802665,0.880379,267430,70497,117849,24224
4,4,0.295688,0.513362,0.607613,0.804654,0.925493,267979,70091,118255,23675
4,4,0.296046,0.512772,0.607613,0.804450,0.988568,267844,70054,118292,23810
4,4,0.295977,0.512885,0.607613,0.802777,0.969200,267459,70472,117874,24195
4,4,0.296002,0.512844,0.607613,0.804610,0.934147,267893,70026,118320,23761
4,4,0.295938,0.512950,0.607613,0.804421,0.895859,267863,70087,118259,23791
4,4,0.295933,0.512957,0.607613,0.802354,0.896433,267368,70584,117762,24286
4,4,0.296131,0.512631,0.607613,0.803444,0.900476,267582,70275,118071,24072
4,4,0.295577,0.513543,0.607613,0.804860,0.914324,268055,70068,118278,23599
4,4,0.296023,0.512810,0.607613,0.804206,1.019324,267791,70118,118228,23863
4,4,0.296033,0.512793,0.607613,0.805004,0.994091,267980,69924,118422,23674
4,4,0.295723,0.513303,0.607613,0.804060,1.044182,267828,70225,118121,23826
4,4,0.296079,0.512717,0.607613,0.804717,0.836596,267900,69982,118364,23754
4,4,0.296040,0.512782,0.607613,0.802702,0.930072,267426,70475,117871,24228
4,4,0.295898,0.513015,0.607613,0.803265,0.846842,267595,70374,117972,24059
4,4,0.296067,0.512738,0.607613,0.804083,0.833748,267751,70137,118209,23903
4,4,0.296110,0.512666,0.607613,0.805210,0.921682,268011,69856,118490,23643
4,4,0.296088,0.512703,0.607613,0.804971,0.936731,267959,69919,118427,23695
4,4,0.296194,0.512529,0.607613,0.803565,0.919429,267596,70231,118115,24058
4,4,0.295821,0.513142,0.607613,0.806621,0.946540,268419,69587,118759,23235
4,4,0.295858,0.513081,0.607613,0.806688,0.868573,268426,69562,118784,23228
4,4,0.295858,0.513081,0.607613,0.803167,0.951401,267581,70407,117939,24073
4,4,0.296079,0.512717,0.607613,0.805008,0.987610,267970,69912,118434,23684
4,4,0.296177,0.512556,0.607613,0.804273,0.820158,267770,70065,118281,23884
4,4,0.296079,0.512717,0.607613,0.803417,0.963655,267588,70294,118052,24066
4,4,0.295731,0.513290,0.607613,0.805977,0.867016,268286,69763,118583,23368
4,4,0.295831,0.513125,0.607613,0.804440,1.010408,267893,70108,118238,23761
4,4,0.296015,0.512823,0.607613,0.804423,0.968139,267845,70068,118278,23809
4,4,0.295710,0.513324,0.607613,0.804198,0.983636,267864,70195,118151,23790
4,4,0.296015,0.512823,0.607613,0.804827,0.865518,267942,69971,118375,23712
4,4,0.295798,0.513180,0.607613,0.805015,0.932496,268039,69978,118368,23615
4,4,0.296027,0.512803,0.607613,0.802694,0.977071,267427,70480,117866,24227
4,4,0.295838,0.513115,0.607613,0.805917,0.873515,268246,69752,118594,23408
4,4,0.295650,0.513423,0.607613,0.804596,0.952775,267974,70114,118232,23680
4,4,0.296085,0.512707,0.607613,0.804290,0.988014,267796,70083,118263,23858
4,4,0.295733,0.513286,0.607613,0.803683,0.979097,267735,70313,118033,23919
4,4,0.295817,0.513149,0.607613,0.806938,0.927895,268496,69512,118834,23158
4,4,0.295904,0.513005,0.607613,0.806608,0.950395,268396,69570,118776,23258
4,4,0.300069,0.506151,0.607613,0.793523,0.911808,264256,71711,116635,27398
4,4,0.296421,0.512155,0.607613,0.802250,0.925958,267226,70492,117854,24428
4,4,0.295829,0.513129,0.607613,0.807033,0.942956,268516,69486,118860,23138
4,4,0.295725,0.513300,0.607613,0.804238,0.791536,267870,70182,118164,23784
4,4,0.296138,0.512621,0.607613,0.802108,0.863861,267260,70594,117752,24394
4,4,0.296115,0.512659,0.607613,0.803915,1.026557,267699,70166,118180,23955
4,4,0.296019,0.512817,0.607613,0.803085,0.941647,267523,70388,117958,24131
4,4,0.296479,0.512059,0.607613,0.804717,0.890215,267804,69886,118460,23850
4,4,0.296365,0.512247,0.607613,0.801081,0.993596,266959,70786,117560,24695
4,4,0.295656,0.513413,0.607613,0.804623,0.894431,267979,70106,118240,23675
4,4,0.295844,0.513105,0.607613,0.806235,0.900430,268321,69674,118672,23333
4,4,0.296129,0.512635,0.607613,0.804967,0.908834,267948,69910,118436,23706
4,4,0.295675,0.513382,0.607613,0.806325,0.888783,268383,69693,118653,23271
4,4,0.295908,0.512998,0.607613,0.802683,0.930188,267453,70511,117835,24201
4,4,0.295758,0.513245,0.607613,0.806246,0.901641,268344,69692,118654,23310
4,4,0.295829,0.513129,0.607613,0.805092,0.872138,268050,69952,118394,23604
4,4,0.300263,0.505832,0.607613,0.792421,0.842377,263945,71929,116417,27709
4,4,0.296040,0.512782,0.607613,0.802702,0.903494,267426,70475,117871,24228
4,4,0.296088,0.512703,0.607613,0.803567,0.985529,267622,70256,118090,24032
4,4,0.295929,0.512964,0.607613,0.804271,0.829206,267829,70125,118221,23825
4,4,0.296123,0.512645,0.607613,0.801110,0.918727,267024,70837,117509,24630
4,4,0.299967,0.506319,0.607613,0.795533,0.902065,264763,71253,117093,26891
4,4,0.296146,0.512607,0.607613,0.801783,0.876813,267180,70670,117676,24474
4,4,0.296417,0.512162,0.607613,0.802642,0.863714,267321,70399,117947,24333
4,4,0.296190,0.512535,0.607613,0.804290,0.971514,267771,70058,118288,23883
4,4,0.295740,0.513276,0.607613,0.804827,0.941264,268008,70037,118309,23646
4,4,0.296210,0.512501,0.607613,0.804960,1.031012,267927,69892,118454,23727
4,4,0.295565,0.513564,0.607613,0.804740,0.878229,268029,70100,118246,23625
4,4,0.295831,0.513125,0.607613,0.806323,0.959781,268345,69656,118690,23309
4,4,0.296031,0.512796,0.607613,0.805015,0.877707,267983,69922,118424,23671
4,4,0.295958,0.512916,0.607613,0.802875,0.981803,267487,70453,117893,24167
4,4,0.296358,0.512258,0.607613,0.804779,0.910120,267848,69900,118446,23806
4,4,0.296056,0.512755,0.607613,0.803273,0.943477,267559,70334,118012,24095
8,8,0.294608,0.515138,0.607613,0.811433,1.511383,269865,68723,119623,21789
8,8,0.292923,0.517912,0.607613,0.814248,1.481663,270945,68452,119894,20709
8,8,0.294058,0.516043,0.607613,0.809821,1.492720,269610,69242,119104,22044
8,8,0.295033,0.514438,0.607613,0.808625,1.574278,269089,69295,119051,22565
8,8,0.294458,0.515385,0.607613,0.815463,1.679460,270868,67792,120554,20786
8,8,0.294444,0.515409,0.607613,0.807798,1.537682,269032,69635,118711,22622
8,8,0.294298,0.515649,0.607613,0.816227,1.525189,271090,67647,120699,20564
8,8,0.295294,0.514010,0.607613,0.810048,1.427011,269368,68891,119455,22286
8,8,0.293494,0.516972,0.607613,0.813494,1.564421,270627,68496,119850,21027
8,8,0.294606,0.515141,0.607613,0.813952,1.542587,270470,68119,120227,21184
8,8,0.293796,0.516475,0.607613,0.812904,1.581370,270413,68565,119781,21241
8,8,0.292206,0.519091,0.607613,0.813510,1.399384,270940,68801,119545,20714
8,8,0.294606,0.515141,0.607613,0.815023,1.575916,270727,67862,120484,20927
8,8,0.291750,0.519842,0.607613,0.817313,1.513552,271962,67998,120348,19692
8,8,0.293710,0.516616,0.607613,0.812935,1.542160,270441,68578,119768,21213
8,8,0.293733,0.516578,0.607613,0.809567,1.462557,269627,69381,118965,22027
8,8,0.293469,0.517013,0.607613,0.812977,1.535752,270509,68626,119720,21145
8,8,0.294342,0.515577,0.607613,0.814692,1.516680,270711,68005,120341,20943
8,8,0.293213,0.517435,0.607613,0.810500,1.553791,269976,69282,119064,21678
8,8,0.292850,0.518032,0.607613,0.813588,1.497024,270804,68628,119718,20850
8,8,0.293281,0.517322,0.607613,0.811035,1.452562,270088,69137,119209,21566
8,8,0.294598,0.515155,0.607613,0.815098,1.465351,270747,67846,120500,20907
8,8,0.293829,0.516420,0.607613,0.810488,1.604673,269825,69137,119209,21829
8,8,0.294692,0.515001,0.607613,0.809313,1.647816,269336,69212,119134,22318
8,8,0.293544,0.516890,0.607613,0.810002,1.462138,269777,69322,119024,21877
8,8,0.293721,0.516598,0.607613,0.811138,1.673048,270007,69007,119339,21647
8,8,0.294169,0.515861,0.607613,0.816073,1.417516,271084,67715,120631,20570
8,8,0.294158,0.515878,0.607613,0.809158,1.617514,269427,69377,118969,22227
8,8,0.293608,0.516784,0.607613,0.814204,1.541263,270770,68298,120048,20884
8,8,0.293981,0.516170,0.607613,0.811081,1.537005,269931,68958,119388,21723
8,8,0.294065,0.516033,0.607613,0.809827,1.592712,269610,69239,119107,22044
8,8,0.294292,0.515659,0.607613,0.814108,1.552379,270583,68157,120189,21071
8,8,0.293969,0.516190,0.607613,0.816352,1.578344,271199,67696,120650,20455
8,8,0.293760,0.516533,0.607613,0.811577,1.575847,270103,68892,119454,21551
8,8,0.294002,0.516136,0.607613,0.809160,1.526929,269465,69414,118932,22189
8,8,0.292804,0.518107,0.607613,0.813521,1.534673,270799,68655,119691,20855
8,8,0.294577,0.515189,0.607613,0.811677,1.465304,269931,68672,119674,21723
8,8,0.294783,0.514850,0.607613,0.807513,1.651794,268882,69622,118724,22772
8,8,0.294194,0.515820,0.607613,0.805065,1.664272,268436,70351,117995,23218
8,8,0.293352,0.517205,0.607613,0.817023,1.626149,271508,67683,120663,20146
8,8,0.293767,0.516523,0.607613,0.812321,1.571233,270280,68712,119634,21374
8,8,0.294642,0.515083,0.607613,0.813417,1.606144,270333,68239,120107,21321
8,8,0.293219,0.517425,0.607613,0.812310,1.649189,270409,68846,119500,21245
8,8,0.292173,0.519146,0.607613,0.816710,1.673843,271716,68041,120305,19938
8,8,0.294983,0.514521,0.607613,0.809371,1.582887,269280,69128,119218,22374
8,8,0.294663,0.515049,0.607613,0.814733,1.603687,270644,67918,120428,21010
8,8,0.294256,0.515717,0.607613,0.812565,1.716434,270221,68536,119810,21433
8,8,0.293967,0.516194,0.607613,0.811038,1.465220,269924,68972,119374,21730
8,8,0.294325,0.515604,0.607613,0.814413,1.532507,270648,68076,120270,21006
8,8,0.292985,0.517809,0.607613,0.815648,1.503548,271266,68101,120245,20388
8,8,0.292458,0.518676,0.607613,0.815900,1.568477,271453,68167,120179,20201
8,8,0.293846,0.516393,0.607613,0.812246,1.589100,270243,68711,119635,21411
8,8,0.294000,0.516139,0.607613,0.815629,1.690921,271018,67862,120484,20636
8,8,0.292769,0.518165,0.607613,0.813694,1.452556,270849,68622,119724,20805
8,8,0.294365,0.515539,0.607613,0.811915,1.535113,270039,68666,119680,21615
8,8,0.294242,0.515741,0.607613,0.819404,1.453697,271866,66898,121448,19788
8,8,0.294121,0.515940,0.607613,0.812933,1.530407,270342,68480,119866,21312
8,8,0.294085,0.515998,0.607613,0.813256,1.551151,270428,68411,119935,21226
8,8,0.292571,0.518491,0.607613,0.816042,1.548206,271460,68106,120240,20194
8,8,0.292596,0.518450,0.607613,0.815475,1.459792,271318,68236,120110,20336
8,8,0.295213,0.514143,0.607613,0.810783,1.533048,269564,68734,119612,22090
8,8,0.295127,0.514284,0.607613,0.811244,1.503388,269695,68644,119702,21959
8,8,0.294365,0.515539,0.607613,0.810931,1.551458,269803,68902,119444,21851
8,8,0.295250,0.514082,0.607613,0.811963,1.512772,269838,68442,119904,21816
8,8,0.295148,0.514250,0.607613,0.814394,1.479692,270446,67883,120463,21208
8,8,0.294506,0.515306,0.607613,0.816031,1.514116,270993,67644,120702,20661
8,8,0.294369,0.515532,0.607613,0.809669,1.543035,269499,69204,119142,22155
8,8,0.291815,0.519736,0.607613,0.815610,1.508121,271538,68391,119955,20116
8,8,0.293210,0.517438,0.607613,0.812065,1.517873,270352,68907,119439,21302
8,8,0.295406,0.513825,0.607613,0.811210,1.482681,269620,68585,119761,22034
8,8,0.295479,0.513705,0.607613,0.812221,1.567362,269845,68325,120021,21809
8,8,0.292554,0.518519,0.607613,0.815283,1.620033,271282,68292,120054,20372
8,8,0.293477,0.517000,0.607613,0.815444,1.658247,271099,68032,120314,20555
8,8,0.293781,0.516499,0.607613,0.813773,1.519724,270625,68360,119986,21029
8,8,0.294912,0.514637,0.607613,0.806104,1.558043,268513,69929,118417,23141
8,8,0.294502,0.515313,0.607613,0.814244,1.434643,270565,68074,120272,21089
8,8,0.293700,0.516633,0.607613,0.813642,1.497094,270613,68411,119935,21041
8,8,0.291235,0.520689,0.607613,0.815431,1.518935,271634,68573,119773,20020
8,8,0.292900,0.517949,0.607613,0.810192,1.461910,269977,69431,118915,21677
8,8,0.294710,0.514970,0.607613,0.813931,1.510513,270440,68099,120247,21214
8,8,0.294752,0.514901,0.607613,0.810273,1.632467,269552,68967,119379,22102
8,8,0.294375,0.515522,0.607613,0.811883,1.473555,270029,68671,119675,21625
8,8,0.293773,0.516513,0.607613,0.808110,1.526946,269268,69721,118625,22386
8,8,0.294906,0.514647,0.607613,0.812015,1.534436,269933,68512,119834,21721
8,8,0.293946,0.516228,0.607613,0.809450,1.515908,269548,69358,118988,22106
8,8,0.295223,0.514126,0.607613,0.811377,1.594159,269704,68589,119757,21950
8,8,0.293767,0.516523,0.607613,0.811796,1.603707,270154,68838,119508,21500
8,8,0.293650,0.516715,0.607613,0.815342,1.473440,271033,68015,120331,20621
8,8,0.294608,0.515138,0.607613,0.816038,1.519159,270970,67618,120728,20684
8,8,0.295663,0.513403,0.607613,0.812092,1.497041,269770,68312,120034,21884
8,8,0.294333,0.515590,0.607613,0.813858,1.448437,270513,68207,120139,21141
8,8,0.292975,0.517826,0.607613,0.812396,1.596807,270488,68884,119462,21166
8,8,0.295219,0.514133,0.607613,0.814302,1.492929,270407,67888,120458,21247
8,8,0.292533,0.518553,0.607613,0.815838,1.469316,271420,68164,120182,20234
8,8,0.294085,0.515998,0.607613,0.818919,1.666591,271787,67052,121294,19867
8,8,0.295073,0.514373,0.607613,0.813531,1.597196,270257,68108,120238,21397
8,8,0.293304,0.517284,0.607613,0.814850,1.338248,270998,68216,120130,20656
8,8,0.293075,0.517661,0.607613,0.816717,1.475389,271501,67823,120523,20153
8,8,0.295367,0.513890,0.607613,0.812417,1.484429,269919,68305,120041,21735
8,8,0.294167,0.515865,0.607613,0.808704,1.527440,269316,69484,118862,22338
16,16,0.291158,0.520816,0.607613,0.818142,2.471697,272303,67941,120405,19351
16,16,0.292027,0.519386,0.607613,0.823585,2.323260,273401,66426,121920,18253
16,16,0.289381,0.523740,0.607613,0.818748,2.350353,272875,68222,120124,18779
16,16,0.292517,0.518580,0.607613,0.818096,2.403597,271966,67626,120720,19688
16,16,0.291521,0.520219,0.607613,0.820638,2.392500,272815,67255,121091,18839
16,16,0.290463,0.521961,0.607613,0.825033,2.467380,274124,66454,121892,17530
16,16,0.287563,0.526734,0.607613,0.827367,2.324720,275380,66590,121756,16274
16,16,0.288688,0.524882,0.607613,0.826275,2.436963,274848,66582,121764,16806
16,16,0.291621,0.520055,0.607613,0.819192,2.520214,272444,67578,120768,19210
16,16,0.289383,0.523737,0.607613,0.818450,2.313685,272803,68293,120053,18851
16,16,0.285392,0.530306,0.607613,0.830633,2.492063,276685,66327,122019,14969
16,16,0.292465,0.518666,0.607613,0.815469,2.382313,271348,68269,120077,20306
16,16,0.288471,0.525239,0.607613,0.824300,2.193948,274426,67108,121238,17228
16,16,0.289904,0.522880,0.607613,0.823396,2.366544,273865,66981,121365,17789
16,16,0.291060,0.520977,0.607613,0.823110,2.429652,273519,66772,121574,18135
16,16,0.289356,0.523782,0.607613,0.819923,2.258161,273163,67946,120400,18491
16,16,0.292679,0.518313,0.607613,0.817946,2.587087,271891,67623,120723,19763
16,16,0.288854,0.524608,0.607613,0.824225,2.340394,274316,67034,121312,17338
16,16,0.286317,0.528784,0.607613,0.824604,2.330894,275016,67552,120794,16638
16,16,0.291477,0.520291,0.607613,0.821260,2.488669,272975,67116,121230,18679
16,16,0.292892,0.517963,0.607613,0.822025,2.392423,272819,66593,121753,18835
16,16,0.291767,0.519815,0.607613,0.816983,2.412715,271879,68073,120273,19775
16,16,0.291450,0.520336,0.607613,0.826096,2.486111,274142,65962,122384,17512
16,16,0.285538,0.530066,0.607613,0.826775,2.437649,275724,67218,121128,15930
16,16,0.291160,0.520812,0.607613,0.817977,2.423409,272263,67980,120366,19391
16,16,0.290806,0.521395,0.607613,0.824244,2.172540,273852,66561,121785,17802
16,16,0.291585,0.520113,0.607613,0.819181,2.327868,272450,67589,120757,19204
16,16,0.290173,0.522438,0.607613,0.827160,2.290584,274704,66013,122333,16950
16,16,0.291615,0.520065,0.607613,0.820760,2.267911,272822,67203,121143,18832
16,16,0.288569,0.525078,0.607613,0.829740,2.282468,275708,65779,122567,15946
16,16,0.292925,0.517908,0.607613,0.817596,2.526644,271748,67648,120698,19906
16,16,0.289100,0.524203,0.607613,0.819713,2.278641,273174,68058,120288,18480
16,16,0.291148,0.520833,0.607613,0.822606,2.514886,273377,66872,121474,18277
16,16,0.287490,0.526854,0.607613,0.823710,2.407478,274520,67485,120861,17134
16,16,0.288596,0.525033,0.607613,0.825788,2.513805,274753,66721,121625,16901
16,16,0.286613,0.528297,0.607613,0.829275,2.283603,276066,66360,121986,15588
16,16,0.288379,0.525390,0.607613,0.821600,2.440038,273800,67778,120568,17854
16,16,0.287604,0.526665,0.607613,0.827175,2.323480,275324,66626,121720,16330
16,16,0.288208,0.525671,0.607613,0.824100,2.303923,274441,67219,121127,17213
16,16,0.288725,0.524821,0.607613,0.823663,2.327887,274212,67200,121146,17442
16,16,0.285404,0.530286,0.607613,0.830271,2.413770,276595,66411,121935,15059
16,16,0.291240,0.520682,0.607613,0.821056,2.400047,272983,67222,121124,18671
16,16,0.286985,0.527683,0.607613,0.827552,2.290457,275563,66684,121662,16091
16,16,0.289481,0.523576,0.607613,0.827406,2.414538,274929,66120,122226,16725
16,16,0.289490,0.523562,0.607613,0.822190,2.575300,273675,67370,120976,17979
16,16,0.290008,0.522708,0.607613,0.823925,2.550354,273967,66829,121517,17687
16,16,0.287767,0.526398,0.607613,0.828683,2.330381,275647,66225,122121,16007
16,16,0.288298,0.525523,0.607613,0.827152,2.300293,275152,66465,121881,16502
16,16,0.290385,0.522088,0.607613,0.825490,2.313698,274252,66363,121983,17402
16,16,0.290442,0.521995,0.607613,0.821500,2.465713,273281,67307,121039,18373
16,16,0.291860,0.519660,0.607613,0.821281,2.507773,272888,67019,121327,18766
16,16,0.292975,0.517826,0.607613,0.818696,2.397470,272000,67372,120974,19654
16,16,0.285840,0.529569,0.607613,0.828465,2.411946,276057,66740,121606,15597
16,16,0.286467,0.528537,0.607613,0.824054,2.520019,274848,67648,120698,16806
16,16,0.288169,0.525736,0.607613,0.826473,2.373285,275020,66659,121687,16634
16,16,0.290181,0.522424,0.607613,0.824773,2.286132,274129,66584,121762,17525
16,16,0.291921,0.519561,0.607613,0.822088,2.505135,273067,66811,121535,18587
16,16,0.291617,0.520061,0.607613,0.823683,2.230050,273523,66501,121845,18131
16,16,0.290110,0.522540,0.607613,0.820585,2.238445,273141,67606,120740,18513
16,16,0.288973,0.524412,0.607613,0.823360,2.321461,274080,67213,121133,17574
16,16,0.292885,0.517973,0.607613,0.819306,2.282269,272168,67247,121099,19486
16,16,0.292554,0.518519,0.607613,0.812579,2.270452,270633,68941,119405,21021
16,16,0.288606,0.525016,0.607613,0.829527,2.367364,275648,65821,122525,16006
16,16,0.290754,0.521481,0.607613,0.819288,2.348160,272675,67763,120583,18979
16,16,0.291123,0.520874,0.607613,0.822760,2.342409,273420,66841,121505,18234
16,16,0.291273,0.520627,0.607613,0.824123,2.296358,273711,66478,121868,17943
16,16,0.289396,0.523716,0.607613,0.819279,2.246939,272999,68091,120255,18655
16,16,0.292363,0.518834,0.607613,0.818171,2.345010,272021,67645,120701,19633
16,16,0.290617,0.521707,0.607613,0.825688,2.315947,274244,66260,122086,17410
16,16,0.290608,0.521721,0.607613,0.824563,2.704456,273976,66532,121814,17678
16,16,0.288594,0.525037,0.607613,0.823185,2.528662,274129,67346,121000,17525
16,16,0.291013,0.521056,0.607613,0.820725,2.270052,272958,67356,120990,18696
16,16,0.290873,0.521285,0.607613,0.824273,2.192840,273843,66538,121808,17811
16,16,0.293021,0.517750,0.607613,0.823000,2.342199,273022,66328,122018,18632
16,16,0.286654,0.528229,0.607613,0.822221,2.277137,274363,68043,120303,17291
16,16,0.290225,0.522352,0.607613,0.827646,2.365489,274808,65884,122462,16846
16,16,0.291092,0.520925,0.607613,0.822992,2.391619,273483,66793,121553,18171
16,16,0.287552,0.526751,0.607613,0.826323,2.374757,275132,66843,121503,16522
16,16,0.287796,0.526350,0.607613,0.825400,2.356907,274852,67006,121340,16802
16,16,0.288667,0.524917,0.607613,0.823621,2.247645,274216,67224,121122,17438
16,16,0.291623,0.520051,0.607613,0.822890,2.370620,273331,66690,121656,18323
16,16,0.292146,0.519191,0.607613,0.815650,2.293187,271468,68302,120044,20186
16,16,0.291473,0.520298,0.607613,0.818281,2.332996,272261,67832,120514,19393
16,16,0.293083,0.517648,0.607613,0.821679,2.336248,272690,66630,121716,18964
16,16,0.289335,0.523816,0.607613,0.824298,2.271115,274218,66901,121445,17436
16,16,0.291379,0.520452,0.607613,0.821888,2.378344,273149,66989,121357,18505
16,16,0.289021,0.524334,0.607613,0.821671,2.167811,273663,67607,120739,17991
16,16,0.286969,0.527711,0.607613,0.825590,2.300327,275096,67159,121187,16558
16,16,0.289710,0.523199,0.607613,0.821310,2.328010,273411,67528,120818,18243
16,16,0.287577,0.526710,0.607613,0.826135,2.186107,275081,66882,121464,16573
16,16,0.287056,0.527567,0.607613,0.822119,2.319967,274242,67971,120375,17412
16,16,0.288554,0.525102,0.607613,0.824071,2.437879,274351,67143,121203,17303
16,16,0.290800,0.521406,0.607613,0.821917,2.331800,273295,67121,121225,18359
16,16,0.288250,0.525602,0.607613,0.825079,2.448403,274666,66974,121372,16988
16,16,0.285981,0.529336,0.607613,0.820269,2.478767,274056,68673,119673,17598
16,16,0.291983,0.519458,0.607613,0.820833,2.477061,272751,67097,121249,18903
16,16,0.290733,0.521515,0.607613,0.824804,2.546636,274004,66444,121902,17650
16,16,0.291398,0.520421,0.607613,0.824206,2.348970,273701,66428,121918,17953
16,16,0.292121,0.519232,0.607613,0.818575,2.609798,272176,67606,120740,19478
16,16,0.286475,0.528524,0.607613,0.826163,2.460257,275352,67140,121206,16302
32,32,0.283121,0.534044,0.607613,0.836921,3.701170,278739,65363,122983,12915
32,32,0.285073,0.530831,0.607613,0.829048,3.995427,276381,66784,121562,15273
32,32,0.284960,0.531016,0.607613,0.834148,3.789815,277632,65587,122759,14022
32,32,0.285646,0.529888,0.607613,0.834288,3.923931,277501,65389,122957,14153
32,32,0.286340,0.528746,0.607613,0.827435,3.627957,275690,66867,121479,15964
32,32,0.281398,0.536879,0.607613,0.837844,3.652868,279374,65555,122791,12280
32,32,0.283906,0.532751,0.607613,0.833785,3.610519,277798,65927,122419,13856
32,32,0.287312,0.527145,0.607613,0.834088,3.489198,277053,65037,123309,14601
32,32,0.280706,0.538018,0.607613,0.835281,3.594950,278925,66336,122010,12729
32,32,0.280250,0.538769,0.607613,0.838767,3.648978,279871,65609,122737,11783
32,32,0.283875,0.532803,0.607613,0.835250,3.977557,278157,65583,122763,13497
32,32,0.283948,0.532683,0.607613,0.830744,3.772308,277058,66647,121699,14596
32,32,0.284640,0.531544,0.607613,0.837306,4.039880,278467,64906,123440,13187
32,32,0.281394,0.536886,0.607613,0.838448,4.065227,279520,65411,122935,12134
32,32,0.283048,0.534164,0.607613,0.836323,3.941064,278613,65524,122822,13041
32,32,0.281067,0.537424,0.607613,0.839625,3.674980,279881,65207,123139,11773
32,32,0.281719,0.536351,0.607613,0.837690,3.602136,279260,65515,122831,12394
32,32,0.285015,0.530927,0.607613,0.834598,3.602529,277727,65466,122880,13927
32,32,0.282450,0.535148,0.607613,0.842717,3.428643,280291,64133,124213,11363
32,32,0.281335,0.536982,0.607613,0.842144,3.691280,280421,64538,123808,11233
32,32,0.284892,0.531129,0.607613,0.830625,3.805300,276803,66449,121897,14851
32,32,0.285752,0.529713,0.607613,0.832760,3.920705,277109,65730,122616,14545
32,32,0.281881,0.536084,0.607613,0.839169,3.863729,279576,65121,123225,12078
32,32,0.279800,0.539509,0.607613,0.836367,3.525548,279403,66293,122053,12251
32,32,0.285115,0.530762,0.607613,0.832898,3.604385,277295,65850,122496,14359
32,32,0.283646,0.533180,0.607613,0.839075,3.538254,279130,64720,123626,12524
32,32,0.281671,0.536430,0.607613,0.838804,3.553331,279539,65259,123087,12115
32,32,0.279935,0.539286,0.607613,0.838527,3.866544,279889,65742,122604,11765
32,32,0.282392,0.535244,0.607613,0.838008,3.591474,279175,65277,123069,12479
32,32,0.283515,0.533396,0.607613,0.838698,3.618618,279071,64842,123504,12583
32,32,0.279823,0.539471,0.607613,0.840040,3.862910,280279,65406,122940,11375
32,32,0.282531,0.535014,0.607613,0.832602,3.631129,277844,66541,121805,13810
32,32,0.283513,0.533399,0.607613,0.831263,3.544836,277287,66627,121719,14367
32,32,0.286552,0.528397,0.607613,0.833535,3.530399,277103,65352,122994,14551
32,32,0.281933,0.535998,0.607613,0.838200,3.620734,279331,65341,123005,12323
32,32,0.286340,0.528746,0.607613,0.831498,3.639045,276665,65892,122454,14989
32,32,0.284421,0.531904,0.607613,0.837479,3.547541,278561,64917,123429,13093
32,32,0.288583,0.525054,0.607613,0.828321,3.456123,275364,66116,122230,16290
32,32,0.282398,0.535234,0.607613,0.835569,3.595105,278588,65861,122485,13066
32,32,0.286652,0.528232,0.607613,0.828969,3.503215,275983,66424,121922,15671
32,32,0.283842,0.532857,0.607613,0.833963,3.425247,277856,65900,122446,13798
32,32,0.282310,0.535378,0.607613,0.837848,3.438520,279156,65335,123011,12498
32,32,0.283767,0.532981,0.607613,0.830196,3.590480,276970,66822,121524,14684
32,32,0.284610,0.531592,0.607613,0.833540,3.396749,277570,65817,122529,14084
32,32,0.284604,0.531603,0.607613,0.835292,3.603614,277992,65398,122948,13662
32,32,0.286671,0.528201,0.607613,0.831958,3.655414,276696,65702,122644,14958
32,32,0.284365,0.531997,0.607613,0.833344,3.568102,277582,65923,122423,14072
32,32,0.277877,0.542674,0.607613,0.835340,3.549322,279618,67001,121345,12036
32,32,0.287400,0.527001,0.607613,0.829042,3.605398,275821,66227,122119,15833
32,32,0.283677,0.533128,0.607613,0.834065,3.480128,277920,65915,122431,13734
32,32,0.284346,0.532028,0.607613,0.838208,3.503725,278754,64760,123586,12900
32,32,0.282417,0.535203,0.607613,0.837646,3.639327,279082,65358,122988,12572
32,32,0.288817,0.524670,0.607613,0.829858,3.414486,275677,65691,122655,15977
32,32,0.283269,0.533800,0.607613,0.834002,3.403028,278003,66028,122318,13651
32,32,0.284138,0.532371,0.607613,0.835008,3.619819,278036,65578,122768,13618
32,32,0.281979,0.535923,0.607613,0.838046,3.618130,279283,65367,122979,12371
32,32,0.280994,0.537544,0.607613,0.839565,3.569253,279884,65239,123107,11770
32,32,0.280331,0.538635,0.607613,0.837223,3.553851,279481,65960,122386,12173
32,32,0.285440,0.530228,0.607613,0.836231,3.645771,278017,64972,123374,13637
32,32,0.285560,0.530029,0.607613,0.834381,3.415230,277544,65387,122959,14110
32,32,0.283604,0.533248,0.607613,0.839308,3.693522,279196,64674,123672,12458
32,32,0.284367,0.531993,0.607613,0.838604,3.495141,278844,64660,123686,12810
32,32,0.282579,0.534935,0.607613,0.834863,3.486327,278375,65987,122359,13279
32,32,0.281456,0.536783,0.607613,0.839919,3.466220,279858,65043,123303,11796
32,32,0.279977,0.539218,0.607613,0.836769,3.565960,279457,66154,122192,12197
32,32,0.284683,0.531472,0.607613,0.834933,3.604032,277887,65465,122881,13767
32,32,0.284938,0.531054,0.607613,0.834233,3.395831,277658,65572,122774,13996
32,32,0.281219,0.537174,0.607613,0.836740,3.433073,279152,65863,122483,12502
32,32,0.288075,0.525890,0.607613,0.831421,3.648706,276230,65494,122852,15424
32,32,0.282385,0.535254,0.607613,0.837669,3.425451,279095,65360,122986,12559
32,32,0.281252,0.537119,0.607613,0.837556,3.486820,279340,65659,122687,12314
32,32,0.282223,0.535522,0.607613,0.838165,3.538693,279253,65280,123066,12401
32,32,0.280956,0.537606,0.607613,0.841760,3.566364,280420,64721,123625,11234
32,32,0.282258,0.535463,0.607613,0.833496,3.593794,278124,66392,121954,13530
32,32,0.283298,0.533752,0.607613,0.840277,3.494251,279502,64515,123831,12152
32,32,0.284763,0.531342,0.607613,0.836738,3.519722,278301,65013,123333,13353
32,32,0.285794,0.529645,0.607613,0.834327,3.488657,277475,65344,123002,14179
32,32,0.284588,0.531630,0.607613,0.832904,3.520744,277423,65975,122371,14231
32,32,0.282746,0.534661,0.607613,0.836417,3.735815,278708,65574,122772,12946
32,32,0.279173,0.540541,0.607613,0.838573,3.420103,280083,65914,122432,11571
32,32,0.282381,0.535261,0.607613,0.830515,3.574691,277379,67078,121268,14275
32,32,0.286023,0.529268,0.607613,0.830540,3.579064,276511,66198,122148,15143
32,32,0.280367,0.538577,0.607613,0.832817,3.433216,278415,67009,121337,13239
32,32,0.280640,0.538127,0.607613,0.838577,3.413302,279732,65561,122785,11922
32,32,0.282042,0.535820,0.607613,0.833729,3.479136,278232,66388,121958,13422
32,32,0.283848,0.532847,0.607613,0.834110,3.638053,277890,65863,122483,13764
32,32,0.284940,0.531050,0.607613,0.833740,4.007755,277539,65690,122656,14115
32,32,0.283154,0.533989,0.607613,0.830975,4.053690,277304,66782,121564,14350
32,32,0.287331,0.527114,0.607613,0.831044,4.353480,276318,65763,122583,15336
32,32,0.284392,0.531952,0.607613,0.832879,3.879588,277464,66028,122318,14190
32,32,0.287102,0.527491,0.607613,0.831490,3.883082,276480,65711,122635,15174
32,32,0.278727,0.541275,0.607613,0.843519,3.919837,281377,64834,123512,10277
32,32,0.283400,0.533584,0.607613,0.839975,3.739687,279405,64563,123783,12249
32,32,0.284723,0.531407,0.607613,0.825077,3.776077,275512,67821,120525,16142
32,32,0.286802,0.527985,0.607613,0.833540,3.860377,277044,65291,123055,14610
32,32,0.280783,0.537891,0.607613,0.836754,3.635985,279260,65964,122382,12394
32,32,0.283760,0.532991,0.607613,0.834523,3.753454,278010,65785,122561,13644
32,32,0.284575,0.531651,0.607613,0.833613,3.818107,277596,65808,122538,14058
32,32,0.284896,0.531122,0.607613,0.837250,3.761556,278392,64858,123488,13262
32,32,0.281413,0.536855,0.607613,0.835892,3.566426,278902,66020,122326,12752
64,64,0.280125,0.538974,0.607613,0.844771,5.561428,281342,64198,124148,10312
64,64,0.273938,0.549158,0.607613,0.848167,5.519273,283642,64868,123478,8012
64,64,0.281531,0.536660,0.607613,0.839356,5.662024,279705,65160,123186,11949
64,64,0.277858,0.542705,0.607613,0.853829,5.787557,284060,62568,125778,7594
64,64,0.275275,0.546956,0.607613,0.843733,5.725091,282257,65611,122735,9397
64,64,0.275871,0.545976,0.607613,0.847454,5.819342,283007,64575,123771,8647
64,64,0.276458,0.545009,0.607613,0.844125,5.425800,282067,65233,123113,9587
64,64,0.278554,0.541560,0.607613,0.845413,5.395996,281873,64421,123925,9781
64,64,0.278185,0.542166,0.607613,0.845869,5.677613,282071,64400,123946,9583
64,64,0.277638,0.543068,0.607613,0.845983,5.821159,282230,64504,123842,9424
64,64,0.279563,0.539900,0.607613,0.843563,5.623535,281187,64623,123723,10467
64,64,0.276935,0.544224,0.607613,0.842848,5.752217,281646,65425,122921,10008
64,64,0.276135,0.545540,0.607613,0.848756,5.859351,283256,64199,124147,8398
64,64,0.279500,0.540003,0.607613,0.843742,5.366638,281245,64595,123751,10409
64,64,0.274744,0.547831,0.607613,0.845590,5.243182,282830,65293,123053,8824
64,64,0.275879,0.545962,0.607613,0.847183,5.440706,282940,64638,123708,8714
64,64,0.275421,0.546716,0.607613,0.847696,5.403841,283173,64625,123721,8481
64,64,0.275383,0.546778,0.607613,0.850338,5.468372,283816,64000,124346,7838
64,64,0.279140,0.540596,0.607613,0.845969,5.425198,281866,64147,124199,9788
64,64,0.269342,0.556721,0.607613,0.852204,5.232647,285714,65002,123344,5940
64,64,0.278733,0.541265,0.607613,0.841467,5.284900,280883,65325,123021,10771
64,64,0.272377,0.551726,0.607613,0.849715,5.514738,284388,64871,123475,7266
64,64,0.272929,0.550817,0.607613,0.848917,5.332712,284064,64930,123416,7590
64,64,0.274942,0.547505,0.607613,0.843996,5.823380,282400,65628,122718,9254
64,64,0.275592,0.546435,0.607613,0.846717,5.559272,282897,64819,123527,8757
64,64,0.275610,0.546404,0.607613,0.845510,5.515709,282603,65104,123242,9051
64,64,0.275069,0.547296,0.607613,0.848690,5.255661,283496,64471,123875,8158
64,64,0.274377,0.548434,0.607613,0.849498,5.507383,283856,64443,123903,7798
64,64,0.274848,0.547659,0.607613,0.848198,5.363262,283431,64642,123704,8223
64,64,0.277629,0.543082,0.607613,0.844179,5.198264,281799,64939,123407,9855
64,64,0.278092,0.542321,0.607613,0.842146,5.284016,281200,65316,123030,10454
64,64,0.277121,0.543918,0.607613,0.849996,5.361133,283317,63665,124681,8337
64,64,0.272223,0.551979,0.607613,0.850877,5.302121,284704,64629,123717,6950
64,64,0.279169,0.540548,0.607613,0.842365,5.199315,280994,65005,123341,10660
64,64,0.276590,0.544793,0.607613,0.848406,5.137143,283063,64174,124172,8591
64,64,0.277956,0.542544,0.607613,0.843110,5.384142,281464,65117,123229,10190
64,64,0.273502,0.549874,0.607613,0.849615,5.458592,284094,64625,123721,7560
64,64,0.270781,0.554352,0.607613,0.852548,5.433218,285451,64574,123772,6203
64,64,0.277510,0.543277,0.607613,0.841760,5.294750,281247,65548,122798,10407
64,64,0.274813,0.547718,0.607613,0.846971,5.308928,283145,64945,123401,8509
64,64,0.275125,0.547203,0.607613,0.847050,5.581612,283089,64851,123495,8565
64,64,0.280627,0.538148,0.607613,0.845144,5.301978,281311,63988,124358,10343
64,64,0.275385,0.546775,0.607613,0.846915,5.286386,282994,64821,123525,8660
64,64,0.275283,0.546943,0.607613,0.850033,5.274674,283767,64097,124249,7887
64,64,0.275129,0.547196,0.607613,0.846688,5.446974,283001,64937,123409,8653
64,64,0.276092,0.545612,0.607613,0.848638,5.511713,283238,64238,124108,8416
64,64,0.276502,0.544937,0.607613,0.846760,5.467951,282689,64590,123756,8965
64,64,0.272644,0.551287,0.607613,0.847356,5.383855,283758,65373,122973,7896
64,64,0.274387,0.548417,0.607613,0.847333,5.458260,283334,64960,123386,8320
64,64,0.275106,0.547234,0.607613,0.847581,5.544722,283221,64728,123618,8433
64,64,0.271208,0.553649,0.607613,0.851992,5.435036,285215,64605,123741,6439
64,64,0.275094,0.547255,0.607613,0.850048,5.269782,283816,64139,124207,7838
64,64,0.276825,0.544405,0.607613,0.842146,5.501016,281504,65620,122726,10150
64,64,0.277217,0.543761,0.607613,0.843900,5.459157,281831,65105,123241,9823
64,64,0.279408,0.540154,0.607613,0.841888,5.245525,280822,65062,123284,10832
64,64,0.274471,0.548280,0.607613,0.847058,5.374415,283248,65006,123340,8406
64,64,0.276804,0.544440,0.607613,0.851158,5.308122,283672,63462,124884,7982
64,64,0.270627,0.554606,0.607613,0.849135,5.314881,284669,65430,122916,6985
64,64,0.275454,0.546661,0.607613,0.846896,5.341921,282973,64809,123537,8681
64,64,0.277644,0.543058,0.607613,0.846856,5.537768,282438,64293,124053,9216
64,64,0.273117,0.550508,0.607613,0.848483,5.617221,283915,64989,123357,7739
64,64,0.273725,0.549507,0.607613,0.849908,5.387313,284111,64501,123845,7543
64,64,0.278058,0.542376,0.607613,0.846963,5.318158,282364,64168,124178,9290
64,64,0.275925,0.545887,0.607613,0.846296,5.617223,282716,64840,123506,8938
64,64,0.278269,0.542029,0.607613,0.845690,5.535457,282008,64423,123923,9646
64,64,0.275548,0.546507,0.607613,0.841373,5.295156,281625,66112,122234,10029
64,64,0.276881,0.544313,0.607613,0.847398,5.587267,282751,64346,124000,8903
64,64,0.279894,0.539355,0.607613,0.845465,5.414810,281564,64087,124259,10090
64,64,0.276948,0.544203,0.607613,0.845519,5.204818,282284,64781,123565,9370
64,64,0.278398,0.541817,0.607613,0.847877,5.436755,282502,63867,124479,9152
64,64,0.275760,0.546157,0.607613,0.848298,5.411935,283236,64399,123947,8418
64,64,0.272888,0.550886,0.607613,0.851775,5.593891,284760,64254,124092,6894
64,64,0.275190,0.547097,0.607613,0.847819,5.310462,283258,64651,123695,8396
64,64,0.278381,0.541844,0.607613,0.845181,5.495282,281859,64518,123828,9795
64,64,0.274723,0.547865,0.607613,0.849044,5.357692,283664,64469,123877,7990
64,64,0.277065,0.544011,0.607613,0.845290,5.368002,282201,64808,123538,9453
64,64,0.276013,0.545743,0.607613,0.847504,5.317029,282985,64529,123817,8669
64,64,0.277152,0.543867,0.607613,0.844040,5.441346,281880,65087,123259,9774
64,64,0.278660,0.541385,0.607613,0.846831,5.679298,282188,64055,124291,9466
64,64,0.280802,0.537860,0.607613,0.842473,5.555456,280628,64587,123759,11026
64,64,0.274610,0.548050,0.607613,0.847456,6.247760,283310,64877,123469,8344
64,64,0.274060,0.548955,0.607613,0.850056,5.939515,284066,64385,123961,7588
64,64,0.278129,0.542259,0.607613,0.844475,5.774438,281750,64748,123598,9904
64,64,0.277627,0.543085,0.607613,0.843848,5.842933,281720,65019,123327,9934
64,64,0.277148,0.543874,0.607613,0.845202,5.700037,282160,64809,123537,9494
64,64,0.276529,0.544892,0.607613,0.845104,5.558751,282285,64981,123365,9369
64,64,0.276067,0.545653,0.607613,0.848413,5.701171,283190,64298,124048,8464
64,64,0.279060,0.540726,0.607613,0.845194,5.891715,281699,64352,123994,9955
64,64,0.280315,0.538662,0.607613,0.842740,5.610581,280809,64640,123706,10845
64,64,0.275973,0.545808,0.607613,0.841931,5.664560,281657,65876,122470,9997
64,64,0.272698,0.551198,0.607613,0.849310,5.744912,284214,64891,123455,7440
64,64,0.272308,0.551839,0.607613,0.849925,5.748490,284455,64837,123509,7199
64,64,0.276427,0.545060,0.607613,0.845573,5.694066,282422,64893,123453,9232
64,64,0.272529,0.551475,0.607613,0.850433,5.652478,284524,64662,123684,7130
64,64,0.274317,0.548534,0.607613,0.845404,5.728675,282888,65440,122906,8766
64,64,0.272215,0.551993,0.607613,0.850094,5.768732,284518,64819,123527,7136
64,64,0.274975,0.547450,0.607613,0.846313,5.478449,282948,65064,123282,8706
64,64,0.276327,0.545225,0.607613,0.849094,5.945571,283291,64072,124274,8363
64,64,0.276165,0.545492,0.607613,0.846598,5.592416,282731,64710,123636,8923
64,64,0.276575,0.544817,0.607613,0.846363,5.489753,282576,64668,123678,9078
128,128,0.267252,0.560160,0.607613,0.860527,8.317370,288213,63506,124840,3441
128,128,0.269233,0.556900,0.607613,0.859738,8.353889,287548,63220,125126,4106
128,128,0.268813,0.557592,0.607613,0.855246,8.849170,286571,64399,123947,5083
128,128,0.270694,0.554496,0.607613,0.855115,8.614453,286088,63979,124367,5566
128,128,0.269042,0.557215,0.607613,0.854521,8.182803,286342,64518,123828,5312
128,128,0.269175,0.556996,0.607613,0.857308,8.540458,286979,63817,124529,4675
128,128,0.269588,0.556317,0.607613,0.858371,8.714742,287135,63463,124883,4519
128,128,0.268606,0.557932,0.607613,0.851677,8.223478,285764,65305,123041,5890
128,128,0.267073,0.560455,0.607613,0.855073,8.375269,286947,64858,123488,4707
128,128,0.270350,0.555062,0.607613,0.856596,8.476260,286526,63706,124640,5128
128,128,0.270783,0.554349,0.607613,0.854904,8.242054,286016,64008,124338,5638
128,128,0.271244,0.553591,0.607613,0.858569,8.362571,286785,63018,125328,4869
128,128,0.270231,0.555257,0.607613,0.857765,8.188288,286835,63454,124892,4819
128,128,0.269163,0.557016,0.607613,0.856263,8.403447,286731,64071,124275,4923
128,128,0.271008,0.553978,0.607613,0.856392,8.227077,286319,63597,124749,5335
128,128,0.267981,0.558960,0.607613,0.857715,8.388420,287363,64006,124340,4291
128,128,0.269873,0.555847,0.607613,0.854898,7.986894,286233,64228,124118,5421
128,128,0.269656,0.556204,0.607613,0.857419,8.192621,286890,63675,124671,4764
128,128,0.268535,0.558048,0.607613,0.857656,8.309897,287216,63887,124459,4438
128,128,0.267602,0.559584,0.607613,0.858356,8.299571,287608,63943,124403,4046
128,128,0.272200,0.552017,0.607613,0.858900,8.294859,286635,62709,125637,5019
128,128,0.268083,0.558792,0.607613,0.854213,8.197175,286498,64822,123524,5156
128,128,0.273565,0.549771,0.607613,0.856481,8.268221,285727,62962,125384,5927
128,128,0.267050,0.560493,0.607613,0.856504,8.113859,287296,64520,123826,4358
128,128,0.270094,0.555484,0.607613,0.860848,8.024456,287608,62747,125599,4046
128,128,0.269375,0.556666,0.607613,0.859604,8.191310,287482,63218,125128,4172
128,128,0.268083,0.558792,0.607613,0.857150,8.180998,287203,64117,124229,4451
128,128,0.270408,0.554966,0.607613,0.855417,8.238419,286229,63975,124371,5425
128,128,0.265498,0.563047,0.607613,0.854560,8.410809,287202,65359,122987,4452
128,128,0.269473,0.556505,0.607613,0.855402,8.117006,286450,64203,124143,5204
128,128,0.266452,0.561477,0.607613,0.855448,8.153193,287186,64917,123429,4468
128,128,0.268938,0.557386,0.607613,0.858629,8.233426,287353,63557,124789,4301
128,128,0.269610,0.556279,0.607613,0.857290,8.078215,286870,63717,124629,4784
128,128,0.267731,0.559372,0.607613,0.853623,8.181791,286441,65048,123298,5213
128,128,0.270217,0.555281,0.607613,0.853283,8.232772,285763,64533,123813,5891
128,128,0.270502,0.554812,0.607613,0.858240,8.326286,286884,63275,125071,4770
128,128,0.267990,0.558947,0.607613,0.853940,8.583747,286455,64910,123436,5199
128,128,0.267638,0.559526,0.607613,0.854138,8.807480,286587,64947,123399,5067
128,128,0.265963,0.562283,0.607613,0.855246,8.446448,287255,65083,123263,4399
128,128,0.263919,0.565646,0.607613,0.858231,8.298645,288462,64857,123489,3192
128,128,0.268919,0.557417,0.607613,0.859373,8.355454,287536,63383,124963,4118
128,128,0.269294,0.556800,0.607613,0.858373,8.321608,287206,63533,124813,4448
128,128,0.268756,0.557685,0.607613,0.856935,8.203131,286990,64007,124339,4664
128,128,0.265567,0.562934,0.607613,0.857608,8.241660,287917,64611,123735,3737
128,128,0.265848,0.562471,0.607613,0.856498,8.173576,287583,64810,123536,4071
128,128,0.269515,0.556437,0.607613,0.858573,8.481910,287201,63432,124914,4453
128,128,0.269358,0.556694,0.607613,0.855333,8.238850,286461,64247,124099,5193
128,128,0.265904,0.562379,0.607613,0.853192,8.184776,286776,65590,122756,4878
128,128,0.267298,0.560085,0.607613,0.856806,8.235435,287309,64388,123958,4345
128,128,0.268027,0.558885,0.607613,0.858002,8.204495,287421,63926,124420,4233
128,128,0.270223,0.555271,0.607613,0.859269,8.363334,287198,63095,125251,4456
128,128,0.272258,0.551921,0.607613,0.853242,8.383785,285263,64053,124293,6391
128,128,0.269102,0.557116,0.607613,0.854702,8.190979,286371,64460,123886,5283
128,128,0.272887,0.550886,0.607613,0.857104,8.187069,286039,62975,125371,5615
128,128,0.268602,0.557939,0.607613,0.857556,8.191586,287176,63895,124451,4478
128,128,0.266442,0.561494,0.607613,0.858279,8.274594,287868,64240,124106,3786
128,128,0.267840,0.559193,0.607613,0.855602,8.229987,286890,64547,123799,4764
128,128,0.268692,0.557791,0.607613,0.857713,8.201580,287192,63836,124510,4462
128,128,0.268788,0.557633,0.607613,0.854892,8.281793,286492,64490,123856,5162
128,128,0.266896,0.560747,0.607613,0.859996,8.257979,288171,63719,124627,3483
128,128,0.269119,0.557088,0.607613,0.856456,8.286678,286788,64035,124311,4866
128,128,0.268531,0.558055,0.607613,0.857606,8.351389,287205,63900,124446,4449
128,128,0.272573,0.551403,0.607613,0.853348,8.255229,285213,63952,124394,6441
128,128,0.265544,0.562972,0.607613,0.859152,8.174392,288293,64246,124100,3361
128,128,0.267760,0.559324,0.607613,0.857215,8.339048,287296,64179,124167,4358
128,128,0.268433,0.558216,0.607613,0.857279,8.009139,287150,64002,124344,4504
128,128,0.270788,0.554342,0.607613,0.854246,8.186021,285857,64165,124181,5797
128,128,0.271563,0.553066,0.607613,0.853742,8.314066,285550,64100,124246,6104
128,128,0.268502,0.558103,0.607613,0.855252,8.014556,286647,64472,123874,5007
128,128,0.269708,0.556118,0.607613,0.858196,8.217547,287064,63476,124870,4590
128,128,0.268648,0.557863,0.607613,0.858102,8.055742,287296,63753,124593,4358
128,128,0.268485,0.558131,0.607613,0.852952,8.164475,286099,65028,123318,5555
128,128,0.269767,0.556022,0.607613,0.855550,8.321579,286415,64097,124249,5239
128,128,0.268315,0.558412,0.607613,0.855052,8.122184,286644,64565,123781,5010
128,128,0.267525,0.559711,0.607613,0.858025,8.047936,287547,64041,124305,4107
128,128,0.267202,0.560243,0.607613,0.857006,8.199209,287380,64363,123983,4274
128,128,0.272354,0.551763,0.607613,0.858983,8.044694,286618,62652,125694,5036
128,128,0.269835,0.555909,0.607613,0.857194,8.320548,286793,63686,124660,4861
128,128,0.268927,0.557404,0.607613,0.858094,8.166982,287227,63688,124658,4427
128,128,0.268658,0.557846,0.607613,0.858700,8.217859,287437,63607,124739,4217
128,128,0.271246,0.553587,0.607613,0.854975,8.089226,285922,63880,124466,5732
128,128,0.267285,0.560105,0.607613,0.856348,8.290049,287202,64501,123845,4452
128,128,0.266554,0.561309,0.607613,0.855846,8.046135,287257,64797,123549,4397
128,128,0.266190,0.561909,0.607613,0.855819,8.391298,287338,64891,123455,4316
128,128,0.269352,0.556704,0.607613,0.858252,8.087480,287163,63548,124798,4491
128,128,0.267740,0.559358,0.607613,0.859427,8.146447,287832,63653,124693,3822
128,128,0.270519,0.554784,0.607613,0.856881,8.180629,286554,63597,124749,5100
128,128,0.270608,0.554637,0.607613,0.853929,8.240759,285824,64284,124062,5830
128,128,0.271679,0.552874,0.607613,0.853513,8.118684,285467,64127,124219,6187
128,128,0.268825,0.557572,0.607613,0.857492,8.097763,287107,63857,124489,4547
128,128,0.270852,0.554235,0.607613,0.854019,8.170749,285787,64204,124142,5867
128,128,0.271840,0.552610,0.607613,0.852648,8.092472,285221,64296,124050,6433
128,128,0.267575,0.559629,0.607613,0.856608,8.272258,287195,64369,123977,4459
128,128,0.268844,0.557541,0.607613,0.854256,8.272469,286326,64629,123717,5328
128,128,0.268300,0.558436,0.607613,0.856163,8.283212,286914,64302,124044,4740
128,128,0.264154,0.565259,0.607613,0.860925,8.105843,289052,64154,124192,2602
128,128,0.265998,0.562224,0.607613,0.860477,8.255814,288502,63819,124527,3152
128,128,0.268704,0.557771,0.607613,0.856592,8.221018,286920,64102,124244,4734
128,128,0.270438,0.554918,0.607613,0.855654,8.289421,286279,63911,124435,5375
128,128,0.267681,0.559454,0.607613,0.858306,8.208726,287577,63936,124410,4077
240,240,0.263190,0.566846,0.607613,0.866094,12.417149,290524,63145,125201,1130
240,240,0.263623,0.566133,0.607613,0.868360,12.552835,290964,62497,125849,690
240,240,0.261413,0.569771,0.607613,0.866004,12.659643,290929,63593,124753,725
240,240,0.261608,0.569449,0.607613,0.866942,12.588570,291107,63321,125025,547
240,240,0.259817,0.572397,0.607613,0.862213,12.709662,290402,64886,123460,1252
240,240,0.261417,0.569764,0.607613,0.866858,12.448113,291133,63387,124959,521
240,240,0.261675,0.569339,0.607613,0.864863,12.485665,290592,63804,124542,1062
240,240,0.259942,0.572192,0.607613,0.863571,12.700026,290698,64530,123816,956
240,240,0.262454,0.568057,0.607613,0.865213,12.689596,290489,63533,124813,1165
240,240,0.260615,0.571084,0.607613,0.863819,12.343220,290596,64309,124037,1058
240,240,0.262577,0.567854,0.607613,0.866360,12.681853,290735,63228,125118,919
240,240,0.263054,0.567069,0.607613,0.865150,12.672545,290330,63404,124942,1324
240,240,0.261167,0.570176,0.607613,0.862500,12.439173,290147,64493,123853,1507
240,240,0.262969,0.567210,0.607613,0.863969,12.420612,290067,63708,124638,1587
240,240,0.259485,0.572943,0.607613,0.863823,12.391982,290868,64579,123767,786
240,240,0.264073,0.565393,0.607613,0.867069,12.411295,290546,62699,125647,1108
240,240,0.260742,0.570875,0.607613,0.865267,12.590554,290913,63931,124415,741
240,240,0.262194,0.568485,0.607613,0.864715,12.417654,290432,63715,124631,1222
240,240,0.264146,0.565273,0.607613,0.866571,12.451717,290409,62801,125545,1245
240,240,0.263227,0.566785,0.607613,0.865015,12.582916,290256,63395,124951,1398
240,240,0.264648,0.564446,0.607613,0.867765,12.504328,290575,62394,125952,1079
240,240,0.262273,0.568355,0.607613,0.866002,12.617668,290722,63387,124959,932
240,240,0.264406,0.564844,0.607613,0.867960,12.558819,290680,62405,125941,974
240,240,0.261338,0.569894,0.607613,0.863517,12.539873,290350,64208,124138,1304
240,240,0.262835,0.567429,0.607613,0.867740,12.286319,291004,62835,125511,650
240,240,0.262171,0.568523,0.607613,0.866204,12.304826,290795,63363,124983,859
240,240,0.262510,0.567964,0.607613,0.864648,12.441159,290340,63655,124691,1314
240,240,0.260844,0.570707,0.607613,0.863573,12.659684,290482,64313,124033,1172
240,240,0.261704,0.569291,0.607613,0.863792,12.691664,290328,64054,124292,1326
240,240,0.261331,0.569905,0.607613,0.865423,13.085988,290809,63752,124594,845
240,240,0.262873,0.567367,0.607613,0.864327,13.418508,290176,63645,124701,1478
240,240,0.263038,0.567097,0.607613,0.865317,13.401979,290374,63368,124978,1280
240,240,0.262633,0.567762,0.607613,0.864725,14.032461,290329,63607,124739,1325
240,240,0.261510,0.569610,0.607613,0.865731,14.644557,290840,63635,124711,814
240,240,0.261902,0.568965,0.607613,0.863469,13.133159,290203,64084,124262,1451
240,240,0.263525,0.566294,0.607613,0.866221,13.604251,290474,63034,125312,1180
240,240,0.262869,0.567374,0.607613,0.865748,14.784291,290518,63305,125041,1136
240,240,0.261317,0.569929,0.607613,0.866575,12.625481,291089,63479,124867,565
240,240,0.262963,0.567220,0.607613,0.864550,12.617292,290208,63570,124776,1446
240,240,0.262804,0.567481,0.607613,0.866400,12.683016,290690,63164,125182,964
240,240,0.263723,0.565969,0.607613,0.864569,12.876839,290030,63383,124963,1624
240,240,0.261523,0.569589,0.607613,0.863444,12.452156,290288,64181,124165,1366
240,240,0.263467,0.566390,0.607613,0.866650,12.402999,290591,62945,125401,1063
240,240,0.262223,0.568437,0.607613,0.866281,12.433404,290801,63332,125014,853
240,240,0.263875,0.565718,0.607613,0.864646,12.403406,290012,63328,125018,1642
240,240,0.260996,0.570457,0.607613,0.866892,12.390697,291242,63480,124866,412
240,240,0.262627,0.567772,0.607613,0.866827,12.646939,290835,63104,125242,819
240,240,0.259860,0.572325,0.607613,0.865123,12.341300,291090,64177,124169,564
240,240,0.262963,0.567220,0.607613,0.863596,12.658011,289979,63799,124547,1675
240,240,0.265010,0.563850,0.607613,0.867740,12.726362,290482,62313,126033,1172
240,240,0.263965,0.565571,0.607613,0.867144,12.607344,290590,62707,125639,1064
240,240,0.260385,0.571461,0.607613,0.864098,12.733990,290718,64297,124049,936
240,240,0.261567,0.569517,0.607613,0.864933,12.731102,290635,63813,124533,1019
240,240,0.262129,0.568592,0.607613,0.864233,12.319666,290332,63846,124500,1322
240,240,0.261819,0.569102,0.607613,0.865877,12.432149,290801,63526,124820,853
240,240,0.262248,0.568396,0.607613,0.864106,12.494848,290273,63848,124498,1381
240,240,0.262596,0.567824,0.607613,0.867358,12.511406,290970,62984,125362,684
240,240,0.261994,0.568814,0.607613,0.863390,12.477503,290162,64081,124265,1492
240,240,0.262096,0.568646,0.607613,0.864383,12.600032,290376,63818,124528,1278
240,240,0.262233,0.568420,0.607613,0.866379,12.600059,290822,63306,125040,832
240,240,0.259431,0.573032,0.607613,0.862994,12.757354,290682,64791,123555,972
240,240,0.264269,0.565070,0.607613,0.866198,12.994046,290290,62861,125485,1364
240,240,0.263840,0.565777,0.607613,0.866702,12.814658,290514,62843,125503,1140
240,240,0.262273,0.568355,0.607613,0.865410,12.906442,290580,63529,124817,1074
240,240,0.259587,0.572775,0.607613,0.862883,12.583544,290618,64780,123566,1036
240,240,0.263394,0.566510,0.607613,0.865931,12.582217,290436,63135,125211,1218
240,240,0.263621,0.566137,0.607613,0.865125,12.240966,290188,63274,125072,1466
240,240,0.264342,0.564950,0.607613,0.864133,13.783499,289777,63339,125007,1877
240,240,0.264333,0.564964,0.607613,0.868183,13.537746,290751,62369,125977,903
240,240,0.263892,0.565691,0.607613,0.868013,13.227073,290816,62516,125830,838
240,240,0.260088,0.571952,0.607613,0.861879,14.640815,290257,64901,123445,1397
240,240,0.262548,0.567902,0.607613,0.864069,13.068625,290192,63785,124561,1462
240,240,0.262717,0.567625,0.607613,0.865204,12.914019,290424,63472,124874,1230
240,240,0.263617,0.566143,0.607613,0.867125,13.808677,290669,62795,125551,985
240,240,0.261129,0.570237,0.607613,0.864654,13.592308,290673,63985,124361,981
240,240,0.260823,0.570741,0.607613,0.865352,13.291316,290914,63891,124455,740
240,240,0.260319,0.571571,0.607613,0.864310,12.435716,290785,64262,124084,869
240,240,0.261363,0.569853,0.607613,0.865288,12.858511,290769,63777,124569,885
240,240,0.263085,0.567018,0.607613,0.867302,13.217973,290839,62880,125466,815
240,240,0.261660,0.569363,0.607613,0.861769,13.561157,289853,64550,123796,1801
240,240,0.263196,0.566836,0.607613,0.865913,12.903436,290479,63187,125159,1175
240,240,0.258740,0.574170,0.607613,0.862077,12.651493,290628,65177,123169,1026
240,240,0.262410,0.568129,0.607613,0.866202,12.335553,290737,63306,125040,917
240,240,0.262458,0.568050,0.607613,0.864238,12.395335,290254,63766,124580,1400
240,240,0.259756,0.572497,0.607613,0.862790,12.522896,290555,64762,123584,1099
240,240,0.259256,0.573320,0.607613,0.863369,12.431348,290814,64743,123603,840
240,240,0.262431,0.568094,0.607613,0.864556,12.674636,290337,63696,124650,1317
240,240,0.261577,0.569500,0.607613,0.865135,12.428270,290681,63762,124584,973
240,240,0.262075,0.568681,0.607613,0.865750,12.715129,290709,63495,124851,945
240,240,0.263494,0.566346,0.607613,0.866444,12.392028,290535,62988,125358,1119
240,240,0.262567,0.567872,0.607613,0.865867,12.416016,290619,63349,124997,1035
240,240,0.262223,0.568437,0.607613,0.865623,12.580630,290643,63490,124856,1011
240,240,0.262938,0.567261,0.607613,0.866221,12.623595,290615,63175,125171,1039
240,240,0.263548,0.566257,0.607613,0.865240,12.591618,290233,63264,125082,1421
240,240,0.261092,0.570299,0.607613,0.866229,12.423838,291060,63616,124730,594
240,240,0.261144,0.570213,0.607613,0.865490,12.377029,290870,63781,124565,784
240,240,0.261269,0.570008,0.607613,0.864148,12.620709,290518,64073,124273,1136
240,240,0.261775,0.569174,0.607613,0.865283,12.427619,290669,63679,124667,985
240,240,0.262725,0.567611,0.607613,0.864879,12.572142,290344,63548,124798,1310
240,240,0.262371,0.568194,0.607613,0.866621,12.739479,290847,63215,125131,807
