5,0.11618340098225405,0.3416273944338938
5,0.10376972059133846,0.4119715833157488
5,0.10591917712432093,0.3997913296288481
5,0.10128098506758686,0.4260744179503412
5,0.12045438559471056,0.31742514829664026
5,0.10578884434128157,0.4005298820660712
5,0.1064891244533264,0.39656162809781714
5,0.09726549408537417,0.44882886684954637
5,0.10180024742541033,0.42313193125600823
5,0.10837481225872919,0.3858760638672013
5,0.1049820223510379,0.4051018733441186
5,0.10259258799531629,0.4186420013598744
5,0.11381982630570692,0.3550209842676608
5,0.11324056949219866,0.3583034395442076
5,0.1043303584358411,0.4087946355302339
5,0.10338492856522224,0.41415207146374067
5,0.10140304275329039,0.4253827577313545
5,0.10288014762773648,0.41701249677616004
5,0.10223986197137644,0.42064078216220024
5,0.10222744932537269,0.42071112048955484
5,0.10347388586158245,0.41364798011769954
5,0.10777486770188134,0.3892757496893391
5,0.10299186144177021,0.4163794518299688
5,0.12652623826487758,0.2830179831656938
5,0.10172163400071993,0.42357740732925375
5,0.10180231619974431,0.4231202082014489
5,0.10901613230225621,0.38224191695388154
5,0.10256983147764276,0.41877095496002437
5,0.10170922135471618,0.42364774565660834
5,0.10807690875463923,0.38756418372371104
5,0.10185817310676117,0.4228036857283535
5,0.10012660898923824,0.4326158823943167
5,0.10360214987028785,0.41292115073503555
5,0.10907405798360703,0.3819136714262269
5,0.1012685724215831,0.42614475627769577
5,0.10070172825407858,0.4293568732268881
5,0.100534157533028,0.43030644064617474
5,0.1092188721869841,0.3810930576070901
5,0.10477411053047511,0.4062800403273077
5,0.09403096541423069,0.46715786265269277
5,0.09200873850278665,0.478617148484209
5,0.11286405256341828,0.3604370354739631
5,0.09579149237242902,0.4571815432229023
5,0.10661842284919877,0.3958289371878737
5,0.10385454033903074,0.41149093807882586
5,0.10951781007824105,0.3793990762233008
5,0.10226158410188299,0.4205176900893297
5,0.10567092420424595,0.4011980961759396
5,0.10042865004199612,0.43090431642868865
5,0.09948735772004517,0.43623830625307736
5,0.10292876382458449,0.4167370049940212
5,0.10323183926450935,0.41501957750111373
5,0.10000041375486679,0.4333309887224216
5,0.10433449598450903,0.40877118942111557
5,0.10451861690023129,0.40772783756535613
5,0.1004596816570055,0.43072847061030217
5,0.11450872815891497,0.3511172070994819
5,0.10960159543876635,0.37892429251365733
5,0.10648498690465846,0.39658507420693545
5,0.10488478995734188,0.40565285690839603
5,0.10479583266098169,0.40615694825443716
5,0.1024146734025959,0.41965018405195664
5,0.09561150900537468,0.4582014489695435
5,0.09927220518931354,0.43745750392722327
5,0.09930737435299082,0.4372582119997187
5,0.09415198871276723,0.46647206396098573
5,0.10253466231396546,0.41897024688752904
5,0.11351778525294905,0.35673255023328876
5,0.10541232741250119,0.4026634779958267
5,0.09942115694135852,0.4366134439989684
5,0.09452747125438063,0.4643443295585098
5,0.12012545047561121,0.3192891139715365
5,0.1086706469884852,0.38419966706525055
5,0.10297117369843063,0.4164966823755598
5,0.09602629825933327,0.4558509765304448
5,0.11802978207531167,0.3311645682399006
5,0.10479583266098166,0.40615694825443727
5,0.10046795675434134,0.4306815783920658
5,0.10069965947974463,0.4293685962814471
5,0.10100170053250251,0.42765703031581914
5,0.10481652040432125,0.4060397177088463
5,0.10283877214105731,0.4172469578673419
5,0.11000293765955423,0.3766500199291928
5,0.10288014762773648,0.41701249677616004
5,0.10389177827704198,0.4112799230967622
5,0.1069866646806433,0.3937422334763546
5,0.1028739413047346,0.41704766593983733
5,0.10599468738751039,0.39936343813744113
5,0.10272292077835565,0.4179034489226513
5,0.09933013087066436,0.4371292583995686
5,0.10989329261985445,0.3772713418208248
5,0.11863179540649346,0.3277531593632037
5,0.10929748561167452,0.3806475815338445
5,0.11201792386082941,0.3652317647886334
5,0.11702642652334197,0.33685024970106225
5,0.10445655367021255,0.408079529202129
5,0.10126029732424728,0.42619164849593216
5,0.11507764110075344,0.3478933670957305
5,0.11127937142360636,0.36941689526623067
5,0.1000645457592195,0.43296757403108954
10,0.09853158397775655,0.44165435745937964
10,0.09349204970023459,0.47021171836533737
10,0.09838883854871343,0.44246324822395733
10,0.09997972601152721,0.43344821926801247
10,0.098557443656931,0.441507819277391
10,0.08833459528567704,0.4994372933811635
10,0.0890679757870652,0.49528147053996396
10,0.09237077401122931,0.4765656139363673
10,0.08362606490158841,0.5261189655576657
10,0.10008626788972605,0.4328444819582191
10,0.0892903690279657,0.4940212421748611
10,0.10716251049902975,0.39274577383883147
10,0.09677312579389216,0.45161895383461115
10,0.09052128975667076,0.48704602471219904
10,0.09150602633963481,0.4814658507420695
10,0.10246639276094485,0.4193571076879792
10,0.09941908816702456,0.4366251670535275
10,0.10043278759066404,0.43088087031957045
10,0.09000616494751519,0.4899650652974139
10,0.08833976722151193,0.49940798574476575
10,0.09235008626788972,0.4766828444819583
10,0.09775786237685621,0.4460387798644815
10,0.0984995179755802,0.44183606480504556
10,0.09995490071951971,0.43358889592272165
10,0.09732238537955804,0.44850648284917116
10,0.09317759600147298,0.4719936226583198
10,0.09504776799937109,0.4613959813368972
10,0.08678922085821034,0.5081944151368081
10,0.09134569632875307,0.4823743874703993
10,0.09275349726301156,0.47439684884293454
10,0.09255282615261762,0.47553398513516687
10,0.09159705241032898,0.48095003634146916
10,0.11061943241107373,0.3731565496705822
10,0.09451816176987782,0.46439708330402574
10,0.09437748511516866,0.4651942510140443
10,0.1037821332373422,0.4119012449883942
10,0.10764039737017406,0.3900377482356804
10,0.08864698021010473,0.49766711214273995
10,0.0941737108432738,0.4663489718881151
10,0.09521844188192263,0.4604288293357718
10,0.1109318173355014,0.3713863684321588
10,0.09342895208304888,0.47056927152938965
10,0.0929438245017357,0.4733183278234977
10,0.09265419609498157,0.47495955546177115
10,0.09470331707276707,0.46334786992098664
10,0.09008891592087351,0.4894961431150502
10,0.1046613623292744,0.40691894680077845
10,0.09338240466053482,0.47083304025696937
10,0.09718481188634981,0.4492860659773511
10,0.09566426275089061,0.4579025110782866
10,0.10833964309505191,0.38607535579470587
10,0.11112835089722743,0.37027267824904464
10,0.11099801811418808,0.3710112306862676
10,0.09461953171224177,0.46382265363063
10,0.1090409575942637,0.38210124029917236
10,0.09518430710541233,0.4606222597359968
10,0.09213286496282413,0.4779137652106633
10,0.09573666985257914,0.4574922041687183
10,0.0991170471142667,0.43833673301915543
10,0.09827402157317874,0.4431138777519872
10,0.08764776220680295,0.5033293474947833
10,0.09463504751974644,0.4637347307214369
10,0.10297944879576645,0.4164497901573234
10,0.09916462892394773,0.4380671027642963
10,0.09102917385565748,0.48416801481794103
10,0.0948946786986582,0.46226348737427025
10,0.09327069084650108,0.4714660852031606
10,0.0917046286756948,0.48034043750439614
10,0.09494019173400528,0.4620055801739701
10,0.09583803979494308,0.45691777449532256
10,0.10920232199231242,0.381186842043563
10,0.10407589919276425,0.41023657124100266
10,0.0954522133816599,0.4591041241705939
10,0.09576563269325455,0.4573280814048909
10,0.08934105399914767,0.4937340273381632
10,0.11313506200116678,0.35890131532672165
10,0.10502753538638498,0.40484396614381846
10,0.09771441811584308,0.44628496401022255
10,0.092484556599597,0.475920845935617
10,0.09073540790023542,0.4858326885653327
10,0.09330172246151044,0.4712902393847742
10,0.0935168749922421,0.4700710417106282
10,0.09620214407771971,0.45485451689292167
10,0.09402786225272974,0.4671754472345315
10,0.09504156167636921,0.4614311505005745
10,0.09260040796229865,0.4752643548803077
10,0.09642143415711928,0.45361187310965745
10,0.10444517541137578,0.4081440060022039
10,0.08394258737468399,0.5243253382101241
10,0.09004443727269343,0.4897481887880706
10,0.09193426262676414,0.47903917844833654
10,0.09441472305317991,0.46498323603198055
10,0.10061897728072026,0.4298257954092519
10,0.10551369735486513,0.402089048322431
10,0.0970379289086388,0.4501184028510469
10,0.09393890495636956,0.46767953858057254
10,0.09799990897392931,0.4446671824810673
10,0.09006822817753393,0.48961337366064106
10,0.09415405748710119,0.46646034090642663
10,0.09331310072034722,0.47122576258469906
25,0.07673704636950793,0.565156737239455
25,0.08224722680800534,0.5339323814213031
25,0.08144040481776166,0.5385043726993506
25,0.08566380762053713,0.5145717568169563
25,0.09090194423411906,0.48488898267332536
25,0.08668061020567755,0.5088098755011605
25,0.08194208259374651,0.5356615319687699
25,0.08942690813400693,0.4932475205739608
25,0.08383087356065025,0.5249583831563153
25,0.08236825010654188,0.533246582729596
25,0.0779431418062055,0.5583221964315022
25,0.07862894049791261,0.5544360038451619
25,0.08014431769753691,0.5458488663806242
25,0.08156142811629821,0.5378185740076435
25,0.08215102880147628,0.5344775034583011
25,0.08122628667419701,0.539717708846217
25,0.09244835304875273,0.47612599939040123
25,0.07784177186384154,0.558896626104898
25,0.09341136750121024,0.470668917493142
25,0.08430048533445875,0.5222972497714005
25,0.08914452043742165,0.49484771752127743
25,0.08787325860920439,0.5020515345478418
25,0.08599481151397043,0.512696068087501
25,0.07561887384200357,0.5714930482286464
25,0.09115950663869685,0.48342946238071793
25,0.07535820827592485,0.5729701531030926
25,0.08545175825130644,0.5157733699092635
25,0.08281717413701079,0.5307026798902723
25,0.08346883805220759,0.527009917704157
25,0.0835329700565603,0.526646503012825
25,0.08235894062203906,0.533299336475112
25,0.09088125649077947,0.48500621321891635
25,0.07668015507532408,0.5654791212398302
25,0.09152981724447534,0.48133103561463975
25,0.09372788997430583,0.46887529014560037
25,0.08856733239824734,0.49811844974326513
25,0.08561001948785422,0.5148765562354928
25,0.09278659765235489,0.47420927996998896
25,0.07352837737753891,0.5833391948606128
25,0.10072448477175212,0.429227919626738
25,0.0836560621294308,0.5259489812665588
25,0.08308508041325836,0.5291845443248693
25,0.08114974202384055,0.5401514618649036
25,0.09314139245062869,0.4721987761131041
25,0.08542279541063102,0.5159374926730909
25,0.08448460625018102,0.5212538979156409
25,0.07995605923314673,0.5469156643455019
25,0.08367261232410247,0.525855196830086
25,0.07926715737993867,0.5508194415136809
25,0.08633822805340749,0.5107500410306909
25,0.09490295379599403,0.46221659515603386
25,0.08813185540094914,0.5005861527279549
25,0.08219136990098846,0.5342489038943987
25,0.08690093467224408,0.507561370190617
25,0.08213654738113857,0.5345595648402148
25,0.08162245695914999,0.5374727438981501
25,0.08324023848830522,0.5283053152329371
25,0.08425704107344563,0.5225434339171415
25,0.08523764010774176,0.5169867060561301
25,0.08639408496042435,0.5104335185575954
25,0.07456483331885191,0.5774659445265058
25,0.09013236018188664,0.4892499589693091
25,0.09274108461700781,0.47446718717028913
25,0.08404499170421492,0.5237450470094488
25,0.08070081799337164,0.5426953647042274
25,0.08558002226001184,0.5150465405265996
25,0.0892800251562959,0.4940798574476566
25,0.08257719631427164,0.5320625542191274
25,0.08037808919727418,0.5445241612154463
25,0.08580344988807931,0.5137804506342173
25,0.08309542428492815,0.5291259290520738
25,0.07771350785513614,0.5596234554875619
25,0.085522096578661,0.5153747860542544
25,0.08356193289723571,0.5264823802489977
25,0.08454666948019976,0.5209022062788681
25,0.0812904186785497,0.539354294154885
25,0.08436978927464633,0.5219045274436709
25,0.08048152791397209,0.5439380084874915
25,0.07948334429783731,0.5495943823122553
25,0.07837241248050181,0.5558896626104898
25,0.08550864954549028,0.5154509859088885
25,0.08103595943547287,0.5407962298656538
25,0.0820806904741217,0.5348760873133105
25,0.08781947047652147,0.5023563339663784
25,0.07817277575727485,0.5570209373754424
25,0.09036199413295598,0.4879486999132495
25,0.08052600656215218,0.543685962814471
25,0.07692840799539905,0.5640723546927388
25,0.08695989474076189,0.5072272631356827
25,0.07816139749843808,0.5570854141755176
25,0.08165038541265843,0.5373144826616023
25,0.08706229907029281,0.5066469719350075
25,0.09020890483224309,0.4888162059506226
25,0.08375743207179474,0.5253745515931632
25,0.07778798373115864,0.5592014255234344
25,0.08197932053175776,0.5354505169867061
25,0.0762198527860184,0.5680875008792292
25,0.0796912561184001,0.5484162153290661
25,0.07936645854796867,0.5502567348948442
25,0.08811633959344448,0.5006740756371479
50,0.05790395922032032,0.6718775644181849
50,0.07045935065311205,0.6007303462990317
50,0.08263822515712341,0.5317167241096341
50,0.060950229427073635,0.6546153665799161
50,0.06872158021258726,0.6105777121286722
50,0.0783827563521716,0.5558310473376944
50,0.06336242030046878,0.6409462849640103
50,0.06943634174496977,0.6065273967785048
50,0.07173371564283024,0.5935089446906288
50,0.07357078725138505,0.5830988722421514
50,0.06926773663675219,0.607482825725071
50,0.07340114775600048,0.5840601627159973
50,0.0741355626445556,0.5798984783475183
50,0.07489066527645032,0.5756195634334482
50,0.07093413436275545,0.5980399052777192
50,0.07555370745048388,0.571862324447258
50,0.06691967776770974,0.6207884926496448
50,0.07003835507615158,0.6031159879018078
50,0.06963494408102974,0.6054019835408315
50,0.07646396815742545,0.5667041804412558
50,0.0772418273069937,0.5622963119270358
50,0.06331483849078776,0.6412159152188694
50,0.062187356478780584,0.6476049799535767
50,0.07436933414429286,0.5785737731823404
50,0.06937841606361894,0.6068556423061593
50,0.06641282805589001,0.6236606410166233
50,0.06417337983938036,0.6363508475768447
50,0.06180256445266437,0.6497854681015687
50,0.06830368779712771,0.6129457691496096
50,0.06605182693461432,0.6257063140371855
50,0.06983354641708972,0.6042765703031583
50,0.07325633355262341,0.584880776535134
50,0.0718640484258696,0.5927703922534056
50,0.06791786138384452,0.6151321188248811
50,0.0733111560724733,0.584570115589318
50,0.07276913719697628,0.5876415558838011
50,0.07232952265101018,0.5901327049776091
50,0.0716075204084588,0.5942240510187335
50,0.08706023029595886,0.5066586949895665
50,0.0713158232273707,0.595877001711566
50,0.07041073445626404,0.6010058380811705
50,0.06037511016223328,0.6578743757473448
50,0.06839471386782187,0.6124299547490095
50,0.07302669960155406,0.5861820355911938
50,0.07755007468275346,0.5605495767977304
50,0.07053279214196757,0.6003141778621838
50,0.06659694897161228,0.6226172891608638
50,0.07490514669678802,0.5755375020515345
50,0.07304531857055968,0.5860765281001619
50,0.06578288627119977,0.627230311129868
50,0.07389455043464949,0.5812642142036529
50,0.08133179416522887,0.539119833063703
50,0.06145294159022545,0.6517666643220559
50,0.07033936174174249,0.6014102834634593
50,0.06947357968298103,0.6063163817964409
50,0.06965356305003537,0.6052964760497996
50,0.06952219587982904,0.6060408900143022
50,0.07628088162887016,0.5677416707697358
50,0.06417855177521525,0.6363215399404469
50,0.06971459189288715,0.6049506459403062
50,0.06282350458647269,0.6440001406766548
50,0.07133444219637633,0.5957714942205341
50,0.07004869894782137,0.6030573726290123
50,0.07474378229873929,0.576451900307144
50,0.07173371564283025,0.5935089446906285
50,0.06565875981116229,0.6279336944034137
50,0.06660418968178114,0.6225762584699068
50,0.06669625013964227,0.6220545825420272
50,0.06619250358932346,0.624909146327167
50,0.06798095900103024,0.6147745656608287
50,0.07546268137978973,0.5723781388478582
50,0.06740377096185593,0.6180452978828164
50,0.06673245369048653,0.621849429087243
50,0.0773204407316841,0.5618508358537901
50,0.07095999404192992,0.5978933670957305
50,0.08477009710826723,0.5196361163864858
50,0.07259225699142285,0.5886438770486038
50,0.07296256759720135,0.5865454502825257
50,0.07308255650857093,0.5858655131180981
50,0.06738722076718429,0.618139082319289
50,0.07940783403464784,0.5500222738036623
50,0.06915912598421939,0.6080982860894235
50,0.06706759513258775,0.6199502942486694
50,0.07398971405401156,0.5807249536939345
50,0.07194162746339304,0.5923307777074395
50,0.07429072071960247,0.5790192492555861
50,0.06815577043224971,0.613783967550585
50,0.06308106699105048,0.6425406203840474
50,0.06550360173611541,0.628812923495346
50,0.0672920571478222,0.6186783428290076
50,0.06874330234309381,0.6104546200558018
50,0.0749413502476323,0.5753323485967503
50,0.06654833277476427,0.6228927809430025
50,0.07524339130039016,0.5736207826311224
50,0.06758478871607727,0.6170195306088955
50,0.0711679058624927,0.5967152001125413
50,0.06327966932711046,0.6414152071463741
50,0.07014075940568251,0.6025356967011324
50,0.0791678562119087,0.5513821481325174
50,0.06555738986879833,0.6285081240768094
75,0.05561692919412965,0.6848374012332653
75,0.05746744783585517,0.674351128930154
75,0.06484883465941768,0.6325232702632999
75,0.05690577560418555,0.6775339382429486
75,0.05996445845694259,0.6602014020773253
75,0.04625262217146829,0.737901807695013
75,0.06658350193844155,0.6226934890154979
75,0.06787855467149932,0.6153548568615039
75,0.053808820426250265,0.6950833509179152
75,0.0567744084339792,0.6782783522074513
75,0.05484631075473025,0.6892042390565286
75,0.05882559818609867,0.6666549436121075
75,0.06342758669198846,0.6405770087453988
75,0.05909867639818114,0.6651075004103069
75,0.061715675930638134,0.6502778363930506
75,0.059959286521107706,0.660230709713723
75,0.061837733616341664,0.649586176174064
75,0.0616287874086119,0.6507702046845326
75,0.052215864189102526,0.704110102928419
75,0.057587436747224746,0.6736711917657265
75,0.057263673563960296,0.675505849804225
75,0.061500523399906484,0.6514970340671966
75,0.048300708762086815,0.726295983681508
75,0.07698116174091497,0.5637734168014819
75,0.05511835457964574,0.6876626573820075
75,0.06412993557836724,0.6365970317225856
75,0.04563405864561482,0.7414070010081828
75,0.061247098543996625,0.6529331082506857
75,0.05596344889506763,0.6828737895946169
75,0.06191531265386509,0.6491465616280978
75,0.05735159647315352,0.6750076199854633
75,0.05718299136493593,0.6759630489320297
75,0.05730815221214039,0.6752538041312045
75,0.05126526238264878,0.7094968464983236
75,0.056028615286587306,0.6825045133760053
75,0.0641320043527012,0.6365853086680267
75,0.06044648287675483,0.657469930365056
75,0.0598703292247475,0.6607348010597642
75,0.05441600569326697,0.6916426344048205
75,0.060095825627148935,0.6594569881128227
75,0.06213149957176371,0.6479215024266722
75,0.056083437806437195,0.6821938524301893
75,0.05398776940613764,0.6940693066985534
75,0.06389409530429602,0.6379334599423225
75,0.054487378407788514,0.6912381890225318
75,0.05279512100261079,0.7008276476518722
75,0.057580196037055886,0.6737122224566834
75,0.060847825097542704,0.6551956577805913
75,0.06125433925416548,0.652892077559729
75,0.05763191539540484,0.6734191460927059
75,0.05897041238947573,0.665834329792971
75,0.05325645767908345,0.6982134064851938
75,0.047164951652743814,0.7327319406344517
75,0.0538760555921039,0.6947023516447446
75,0.05135732284050991,0.7089751705704439
75,0.05877387882774971,0.666948019976085
75,0.05890421161078907,0.6662094675388619
75,0.05762260591090203,0.6734718998382219
75,0.054570129381146845,0.6907692668401679
75,0.0610112582699254,0.6542695364704227
75,0.049763332216195194,0.7180077841082273
75,0.057374352990827056,0.6748786663853134
75,0.06582426175787892,0.6269958500386861
75,0.06870606440508256,0.6106656350378655
75,0.04967334053266802,0.7185177369815479
75,0.05965724546834982,0.661942275679351
75,0.052041052757883066,0.7051007010386626
75,0.06191634704103206,0.6491407001008183
75,0.061379500101369944,0.6521828327589037
75,0.062271141839305884,0.6471301962439333
75,0.05969448340636106,0.6617312606972874
75,0.05328128297109095,0.6980727298304846
75,0.05562003235563058,0.6848198166514268
75,0.06442680469529022,0.6349147733933554
75,0.05444807169544332,0.6914609270591545
75,0.05388950262527463,0.6946261517901104
75,0.06457782522166916,0.6340589904105414
75,0.05701024870805042,0.6769419239877144
75,0.05133560071000335,0.7090982626433144
75,0.055966552056568565,0.6828562050127782
75,0.05343850982047176,0.6971817776839934
75,0.05977413121821845,0.6612799230967621
75,0.06753100058339437,0.6173243300274319
75,0.073277021295963,0.584763545989543
75,0.06087575355105115,0.6550373965440435
75,0.05800843232418521,0.6712855501629504
75,0.056758892626474516,0.6783662751166444
75,0.0633220792009566,0.6411748845279126
75,0.05550211221859497,0.6854880307612952
75,0.04935268051090451,0.7203348104382078
75,0.06819300837026096,0.6135729525685212
75,0.05131387857949679,0.7092213547161849
75,0.06771925904778456,0.6162575320625542
75,0.0615398301122517,0.6512742960305737
75,0.06213563712043163,0.647898056317554
75,0.05683647166399795,0.6779266605706783
75,0.06378445026459624,0.6385547818339546
75,0.055836219273529206,0.6835947574500012
75,0.05265858189656956,0.7016013692527725
75,0.057871893218143976,0.6720592717638508
100,0.045202719196984556,0.7438512578837542
100,0.048267608372743485,0.7264835525544536
100,0.04762835710355043,0.7301059764132143
100,0.05840667138347215,0.6690288621603244
100,0.048753770341223635,0.723728634733066
100,0.04525236978099955,0.7435699045743359
100,0.048371047089441385,0.7258973998264988
100,0.04384974078257596,0.7515181355654029
100,0.04792212305897248,0.7284413026658226
100,0.04236436081079403,0.7599352887388339
100,0.04967334053266802,0.7185177369815479
100,0.059159705241032895,0.6647616703008137
100,0.0446079465759716,0.7472216360694943
100,0.03921465188734283,0.7777836393050573
100,0.04211817666505302,0.7613303322313663
100,0.05102425017274266,0.7108625823544583
100,0.059509328103471815,0.6627804740803265
100,0.049271998311880144,0.7207920095660125
100,0.04918304101551994,0.7212961009120537
100,0.04983987686655164,0.7175740310895407
100,0.04350839301747287,0.7534524395676537
100,0.06225252287030027,0.6472357037349652
100,0.04867826007803416,0.7241565262244731
100,0.041365142807492275,0.7655975240908771
100,0.039822871541526514,0.7743370612646832
100,0.04184406406580357,0.7628836369604465
100,0.04324669306422717,0.7549354059693794
100,0.04772972704591438,0.7295315467398185
100,0.039202239241339074,0.7778539776324119
100,0.04673050904261261,0.7351937820918619
100,0.0447558639408496,0.746383437668519
100,0.04087587767751118,0.7683700264941034
100,0.04662189839007981,0.7358092424562144
100,0.04363251947751035,0.752749056294108
100,0.04444244462925495,0.748159480434222
100,0.04571163768313825,0.7409673864622166
100,0.05308992134519982,0.6991571123772011
100,0.05362366512336102,0.6961325643009543
100,0.05264203170189789,0.7016951536892453
100,0.04251331256283902,0.7590912288105789
100,0.05002192900793996,0.7165424022883402
100,0.0412006752479426,0.7665295069283253
100,0.04738734489364431,0.7314717122693489
100,0.053556429957507375,0.6965135635741249
100,0.04485206194737866,0.7458383156315209
100,0.042281609837435716,0.7604042109211976
100,0.04525443855533351,0.7435581815197768
100,0.048736185759384994,0.7238282806968184
100,0.04737389786047358,0.7315479121239831
100,0.04941267496658929,0.719994841855994
100,0.047201155203588085,0.7325267871796675
100,0.04796349854565164,0.7282068415746408
100,0.04880238653807166,0.7234531429509272
100,0.05019984360066035,0.715534219596258
100,0.038056138260326285,0.7843485498581511
100,0.04583679853034271,0.7402581416613914
100,0.0410279325910571,0.7675083819840098
100,0.040626590370269236,0.7697826545684743
100,0.036593514806217906,0.7926367494314319
100,0.04808969378002309,0.7274917352465358
100,0.04553992941341972,0.7419403999906216
100,0.0628338484581425,0.6439415254038592
100,0.041981637559011784,0.7621040538322665
100,0.044482785728767134,0.7479308808703196
100,0.039040874843290344,0.7787683758880214
100,0.04193198697499679,0.7623854071416849
100,0.04851482690565148,0.7250826475346417
100,0.047100819648391114,0.7330953553257837
100,0.0429684429163098,0.7565121568075778
100,0.04156684830505319,0.7644545262713653
100,0.050887711066701424,0.7116363039553586
100,0.046764643819122924,0.7350003516916368
100,0.0530019984360066,0.6996553421959626
100,0.049252344955707544,0.720903378584324
100,0.04761387568321272,0.730188037795128
100,0.042420217717810904,0.7596187662657382
100,0.0509725308143937,0.7111556587184358
100,0.05694301354219679,0.6773229232608848
100,0.06385375420478383,0.638162059506225
100,0.047632494652218346,0.7300825303040961
100,0.04473931374617794,0.7464772221049917
100,0.03966357591781173,0.7752397364657335
100,0.04004319600809304,0.7730885559541394
100,0.05762467468523598,0.6734601767836628
100,0.04801418351683362,0.7279196267379429
100,0.051408007811691886,0.708687955733746
100,0.04402455221379541,0.7505275374551593
100,0.053715725581222146,0.6956108883730745
100,0.044500370310605775,0.7478312349065672
100,0.04055211449424674,0.7702046845326018
100,0.043734923807041276,0.7521687650934328
100,0.04367906690002441,0.7524852875665283
100,0.048488967226477,0.7252291857166304
100,0.04863171265552011,0.7244202949520527
100,0.04786936931345655,0.7287402405570795
100,0.06478677142939894,0.6328749619000726
100,0.044124887768992385,0.7499589693090432
100,0.055780362366512334,0.6839112799230969
100,0.04261157934370203,0.7585343837190218
100,0.05488561746707546,0.6889815010199057
