5,0.12128712871287128,0.6020881670533642
5,0.12057991513437058,0.6044083526682134
5,0.09476661951909476,0.6890951276102089
5,0.13437057991513437,0.5591647331786542
5,0.12199434229137199,0.5997679814385151
5,0.16053748231966053,0.4733178654292344
5,0.12340876944837341,0.5951276102088167
5,0.10855728429985856,0.6438515081206496
5,0.12270155586987269,0.5974477958236659
5,0.0975954738330976,0.679814385150812
5,0.09476661951909476,0.6890951276102089
5,0.08557284299858557,0.7192575406032482
5,0.14002828854314003,0.5406032482598607
5,0.09512022630834513,0.6879350348027842
5,0.12482319660537482,0.5904872389791183
5,0.1181046676096181,0.6125290023201856
5,0.1120933521923621,0.6322505800464037
5,0.11386138613861387,0.6264501160092807
5,0.15205091937765206,0.5011600928074245
5,0.12871287128712872,0.5777262180974477
5,0.15028288543140028,0.5069605568445475
5,0.16265912305516267,0.4663573085846867
5,0.12022630834512024,0.605568445475638
5,0.10077793493635077,0.6693735498839908
5,0.10042432814710042,0.6705336426914152
5,0.12659123055162658,0.5846867749419954
5,0.11209335219236208,0.6322505800464038
5,0.13578500707213578,0.5545243619489559
5,0.15275813295615276,0.4988399071925753
5,0.15664780763790664,0.4860788863109049
5,0.19554455445544555,0.3584686774941994
5,0.12446958981612447,0.5916473317865429
5,0.12906647807637908,0.5765661252900232
5,0.134016973125884,0.5603248259860789
5,0.2111032531824611,0.3074245939675174
5,0.15134370579915135,0.5034802784222737
5,0.2036775106082037,0.3317865429234338
5,0.15063649222065065,0.505800464037123
5,0.09618104667609617,0.6844547563805105
5,0.13543140028288544,0.5556844547563804
5,0.10820367751060822,0.6450116009280742
5,0.1028995756718529,0.6624129930394431
5,0.21145685997171143,0.30626450116009285
5,0.09724186704384724,0.6809744779582366
5,0.10466760961810467,0.6566125290023201
5,0.13154172560113153,0.568445475638051
5,0.12199434229137199,0.5997679814385151
5,0.128005657708628,0.580046403712297
5,0.16760961810466762,0.45011600928074236
5,0.12906647807637905,0.5765661252900232
5,0.1545261669024045,0.49303944315545245
5,0.10042432814710042,0.6705336426914152
5,0.08946251768033946,0.7064965197215778
5,0.09193776520509193,0.6983758700696056
5,0.08239038189533239,0.7296983758700696
5,0.12977369165487979,0.574245939675174
5,0.11916548797736917,0.6090487238979118
5,0.16442715700141441,0.46055684454756385
5,0.16831683168316833,0.4477958236658932
5,0.08946251768033947,0.7064965197215777
5,0.09547383309759547,0.6867749419953596
5,0.14957567185289958,0.5092807424593967
5,0.12942008486562942,0.5754060324825986
5,0.09229137199434229,0.697215777262181
5,0.10926449787835926,0.6415313225058004
5,0.1028995756718529,0.6624129930394431
5,0.13012729844413012,0.5730858468677493
5,0.12623762376237624,0.58584686774942
5,0.12305516265912306,0.5962877030162412
5,0.1492220650636492,0.5104408352668213
5,0.13048090523338046,0.5719257540603249
5,0.12765205091937765,0.5812064965197216
5,0.11386138613861385,0.6264501160092808
5,0.12340876944837341,0.5951276102088167
5,0.12623762376237624,0.58584686774942
5,0.1545261669024045,0.49303944315545245
5,0.14144271570014144,0.5359628770301623
5,0.10714285714285715,0.648491879350348
5,0.11492220650636492,0.622969837587007
5,0.09335219236209336,0.6937354988399071
5,0.12765205091937765,0.5812064965197216
5,0.08486562942008485,0.7215777262180975
5,0.1311881188118812,0.5696055684454756
5,0.09865629420084865,0.6763341067285382
5,0.12057991513437058,0.6044083526682134
5,0.1707920792079208,0.439675174013921
5,0.1333097595473833,0.5626450116009281
5,0.11704384724186703,0.6160092807424594
5,0.1318953323903819,0.5672853828306264
5,0.1333097595473833,0.5626450116009281
5,0.08062234794908062,0.7354988399071926
5,0.1181046676096181,0.6125290023201856
5,0.12057991513437058,0.6044083526682134
5,0.15983026874115983,0.4756380510440835
5,0.1934229137199434,0.3654292343387471
5,0.12376237623762376,0.5939675174013921
5,0.10042432814710042,0.6705336426914152
5,0.11916548797736917,0.6090487238979118
5,0.20297029702970296,0.33410672853828305
5,0.13437057991513437,0.5591647331786542
10,0.0685997171145686,0.7749419953596288
10,0.06223479490806223,0.7958236658932715
10,0.07036775106082037,0.7691415313225058
10,0.0937057991513437,0.6925754060324827
10,0.07531824611032531,0.7529002320185615
10,0.06541725601131543,0.7853828306264501
10,0.06753889674681754,0.7784222737819025
10,0.11386138613861387,0.6264501160092807
10,0.12800565770862798,0.580046403712297
10,0.07673267326732673,0.7482598607888631
10,0.08062234794908063,0.7354988399071924
10,0.06612446958981613,0.7830626450116009
10,0.07602545968882603,0.7505800464037122
10,0.07673267326732673,0.7482598607888631
10,0.07425742574257425,0.7563805104408352
10,0.11492220650636492,0.622969837587007
10,0.06753889674681754,0.7784222737819025
10,0.09052333804809051,0.703016241299304
10,0.07743988684582744,0.7459396751740139
10,0.09618104667609617,0.6844547563805105
10,0.07355021216407355,0.7587006960556845
10,0.07885431400282886,0.7412993039443155
10,0.10148514851485149,0.6670533642691414
10,0.10749646393210749,0.6473317865429234
10,0.06506364922206506,0.7865429234338747
10,0.12022630834512023,0.605568445475638
10,0.07850070721357849,0.7424593967517401
10,0.086987270155587,0.7146171693735499
10,0.06117397454031118,0.7993039443155452
10,0.11845827439886845,0.611368909512761
10,0.07355021216407355,0.7587006960556845
10,0.1347241867043847,0.5580046403712298
10,0.06117397454031118,0.7993039443155452
10,0.09724186704384724,0.6809744779582366
10,0.07284299858557285,0.7610208816705336
10,0.056930693069306926,0.8132250580046404
10,0.07814710042432815,0.7436194895591647
10,0.07885431400282886,0.7412993039443155
10,0.07779349363507779,0.7447795823665893
10,0.10396039603960397,0.6589327146171693
10,0.07072135785007072,0.7679814385150812
10,0.09016973125884017,0.7041763341067284
10,0.05551626591230552,0.8178654292343387
10,0.08628005657708628,0.7169373549883991
10,0.10997171145685997,0.6392111368909512
10,0.08345120226308345,0.7262180974477959
10,0.06364922206506365,0.7911832946635731
10,0.06647807637906647,0.7819025522041764
10,0.1074964639321075,0.6473317865429233
10,0.09582743988684583,0.685614849187935
10,0.086987270155587,0.7146171693735499
10,0.05834512022630835,0.808584686774942
10,0.09370579915134371,0.6925754060324826
10,0.1028995756718529,0.6624129930394431
10,0.06718528995756719,0.7795823665893271
10,0.06683168316831684,0.7807424593967517
10,0.07072135785007072,0.7679814385150812
10,0.07991513437057991,0.7378190255220418
10,0.07708628005657708,0.7470997679814385
10,0.06011315417256011,0.802784222737819
10,0.07001414427157002,0.7703016241299303
10,0.06895332390381895,0.7737819025522041
10,0.09724186704384724,0.6809744779582366
10,0.12411598302687411,0.5928074245939675
10,0.06471004243281471,0.7877030162412992
10,0.06895332390381895,0.7737819025522041
10,0.0594059405940594,0.8051044083526682
10,0.09016973125884017,0.7041763341067284
10,0.07602545968882603,0.7505800464037122
10,0.06223479490806223,0.7958236658932715
10,0.0731966053748232,0.759860788863109
10,0.053748231966053744,0.8236658932714618
10,0.09123055162659123,0.7006960556844548
10,0.08239038189533239,0.7296983758700696
10,0.0746110325318246,0.7552204176334106
10,0.06577086280056577,0.7842227378190255
10,0.05233380480905234,0.8283062645011601
10,0.06294200848656295,0.7935034802784222
10,0.06294200848656294,0.7935034802784222
10,0.07885431400282886,0.7412993039443155
10,0.10396039603960396,0.6589327146171693
10,0.06789250353606789,0.777262180974478
10,0.06718528995756719,0.7795823665893271
10,0.07355021216407355,0.7587006960556845
10,0.09405940594059406,0.691415313225058
10,0.08734087694483735,0.7134570765661252
10,0.0937057991513437,0.6925754060324827
10,0.06329561527581329,0.7923433874709978
10,0.10572842998585573,0.6531322505800463
10,0.09547383309759547,0.6867749419953596
10,0.05905233380480905,0.8062645011600929
10,0.08062234794908062,0.7354988399071926
10,0.0594059405940594,0.8051044083526682
10,0.08168316831683169,0.7320185614849188
10,0.07920792079207921,0.740139211136891
10,0.08026874115983026,0.7366589327146171
10,0.07072135785007072,0.7679814385150812
10,0.12022630834512021,0.605568445475638
10,0.09123055162659123,0.7006960556844548
10,0.06789250353606789,0.777262180974478
25,0.03571428571428571,0.882830626450116
25,0.04667609618104668,0.8468677494199536
25,0.036775106082036775,0.8793503480278422
25,0.03783592644978784,0.8758700696055685
25,0.03712871287128713,0.8781902552204176
25,0.04596888260254597,0.8491879350348028
25,0.03783592644978784,0.8758700696055685
25,0.045615275813295615,0.8503480278422274
25,0.04031117397454031,0.8677494199535962
25,0.037482319660537486,0.877030162412993
25,0.04596888260254597,0.8491879350348028
25,0.042079207920792075,0.8619489559164734
25,0.03571428571428571,0.882830626450116
25,0.03995756718528996,0.8689095127610209
25,0.03818953323903819,0.8747099767981439
25,0.03571428571428571,0.882830626450116
25,0.038896746817538894,0.8723897911832946
25,0.036775106082036775,0.8793503480278422
25,0.038896746817538894,0.8723897911832946
25,0.03359264497878359,0.8897911832946636
25,0.03783592644978784,0.8758700696055685
25,0.04207920792079208,0.8619489559164732
25,0.04702970297029703,0.845707656612529
25,0.03571428571428571,0.882830626450116
25,0.044908062234794904,0.8526682134570766
25,0.0342998585572843,0.8874709976798144
25,0.03182461103253183,0.8955916473317865
25,0.04384724186704385,0.8561484918793503
25,0.057991513437057995,0.8097447795823666
25,0.04844413012729845,0.8410672853828306
25,0.04526166902404526,0.851508120649652
25,0.0297029702970297,0.9025522041763341
25,0.033946251768033946,0.888631090487239
25,0.02616690240452617,0.91415313225058
25,0.038896746817538894,0.8723897911832946
25,0.03288543140028288,0.8921113689095128
25,0.03253182461103253,0.8932714617169374
25,0.04455445544554455,0.8538283062645011
25,0.048090523338048086,0.8422273781902552
25,0.030056577086280054,0.9013921113689095
25,0.03147100424328147,0.8967517401392111
25,0.034653465346534656,0.8863109048723897
25,0.044908062234794904,0.8526682134570766
25,0.03783592644978784,0.8758700696055685
25,0.03253182461103253,0.8932714617169374
25,0.0442008486562942,0.8549883990719258
25,0.03854314002828854,0.8735498839907192
25,0.04172560113154172,0.8631090487238979
25,0.039250353606789246,0.87122969837587
25,0.04455445544554455,0.8538283062645011
25,0.044908062234794904,0.8526682134570766
25,0.04243281471004243,0.8607888631090488
25,0.03818953323903819,0.8747099767981439
25,0.039957567185289956,0.8689095127610209
25,0.02934936350777935,0.9037122969837587
25,0.03536067892503536,0.8839907192575406
25,0.03995756718528996,0.8689095127610209
25,0.033946251768033946,0.888631090487239
25,0.038896746817538894,0.8723897911832946
25,0.03500707213578501,0.8851508120649652
25,0.036067892503536064,0.8816705336426914
25,0.039603960396039604,0.8700696055684455
25,0.03182461103253183,0.8955916473317865
25,0.039957567185289956,0.8689095127610209
25,0.043140028288543145,0.8584686774941995
25,0.031117397454031116,0.8979118329466357
25,0.039957567185289956,0.8689095127610209
25,0.034653465346534656,0.8863109048723897
25,0.03253182461103253,0.8932714617169374
25,0.03783592644978784,0.8758700696055685
25,0.024752475247524754,0.9187935034802784
25,0.0297029702970297,0.9025522041763341
25,0.027934936350777935,0.9083526682134571
25,0.038896746817538894,0.8723897911832946
25,0.030410183875530412,0.9002320185614849
25,0.0442008486562942,0.8549883990719258
25,0.03147100424328147,0.8967517401392111
25,0.03995756718528996,0.8689095127610209
25,0.03783592644978784,0.8758700696055685
25,0.02934936350777935,0.9037122969837587
25,0.04490806223479491,0.8526682134570766
25,0.03606789250353607,0.8816705336426914
25,0.04207920792079208,0.8619489559164732
25,0.0396039603960396,0.8700696055684455
25,0.04915134370579915,0.8387470997679815
25,0.028995756718528998,0.9048723897911832
25,0.048797736916548796,0.839907192575406
25,0.04844413012729844,0.8410672853828306
25,0.02934936350777935,0.9037122969837587
25,0.04950495049504951,0.8375870069605569
25,0.04526166902404526,0.851508120649652
25,0.027934936350777935,0.9083526682134571
25,0.030763790664780764,0.8990719257540604
25,0.05056577086280056,0.834106728538283
25,0.02934936350777935,0.9037122969837587
25,0.033946251768033946,0.888631090487239
25,0.026874115983026872,0.9118329466357309
25,0.039603960396039604,0.8700696055684455
25,0.030056577086280057,0.9013921113689095
25,0.043140028288543145,0.8584686774941995
