1,1,0.327766,0.049308,0.344766,0.057784,0.647581,1003,17029,547,8245
1,1,0.327542,0.049957,0.344766,0.057411,0.336655,1001,17037,539,8247
1,1,0.329779,0.043469,0.344766,0.072472,0.237582,1173,16805,771,8075
1,1,0.332985,0.034170,0.344766,0.055025,0.188571,896,16996,580,8352
1,1,0.326797,0.052119,0.344766,0.060394,0.188823,1051,17007,569,8197
1,1,0.326424,0.053201,0.344766,0.061885,0.187871,1076,16992,584,8172
1,1,0.329779,0.043469,0.344766,0.072472,0.188248,1173,16805,771,8075
1,1,0.334588,0.029520,0.344766,0.047979,0.201464,780,17069,507,8468
1,1,0.330674,0.040874,0.344766,0.048091,0.190344,834,17120,456,8414
1,1,0.331047,0.039792,0.344766,0.045482,0.190603,794,17150,426,8454
1,1,0.324187,0.059689,0.344766,0.073442,0.187120,1261,16867,709,7987
1,1,0.328363,0.047578,0.344766,0.055547,0.197773,965,17051,525,8283
1,1,0.332463,0.035683,0.344766,0.042126,0.182524,730,17176,400,8518
1,1,0.332985,0.034170,0.344766,0.055025,0.186090,896,16996,580,8352
1,1,0.327542,0.049957,0.344766,0.057411,0.185366,1001,17037,539,8247
1,1,0.330749,0.040657,0.344766,0.047718,0.204074,828,17124,452,8420
1,1,0.330376,0.041739,0.344766,0.048464,0.184381,843,17119,457,8405
1,1,0.327990,0.048659,0.344766,0.057784,0.184933,1000,17026,550,8248
1,1,0.328661,0.046713,0.344766,0.054802,0.183550,951,17057,519,8297
1,1,0.330749,0.040657,0.344766,0.047718,0.184094,828,17124,452,8420
1,1,0.334849,0.028763,0.344766,0.044289,0.198978,727,17115,461,8521
1,1,0.334849,0.028763,0.344766,0.044289,0.183174,727,17115,461,8521
1,1,0.328437,0.047362,0.344766,0.055174,0.184447,959,17055,521,8289
1,1,0.332463,0.035683,0.344766,0.042126,0.185156,730,17176,400,8518
1,1,0.330301,0.041955,0.344766,0.048837,0.267927,849,17115,461,8399
1,1,0.324187,0.059689,0.344766,0.070086,0.238709,1216,16912,664,8032
1,1,0.325977,0.054498,0.344766,0.064494,0.184862,1117,16963,613,8131
1,1,0.326797,0.052119,0.344766,0.060394,0.187593,1051,17007,569,8197
1,1,0.329257,0.044983,0.344766,0.070459,0.191752,1153,16839,737,8095
1,1,0.330339,0.041847,0.344766,0.068782,0.214108,1116,16847,729,8132
1,1,0.334477,0.029844,0.344766,0.047644,0.189345,777,17075,501,8471
1,1,0.329779,0.043469,0.344766,0.051074,0.189224,886,17092,484,8362
1,1,0.327990,0.048659,0.344766,0.060766,0.188630,1040,16986,590,8208
1,1,0.329779,0.043469,0.344766,0.051074,0.190458,886,17092,484,8362
1,1,0.330339,0.041847,0.344766,0.064084,0.202800,1053,16910,666,8195
1,1,0.327393,0.050389,0.344766,0.057784,0.187898,1008,17034,542,8240
1,1,0.328586,0.046929,0.344766,0.075157,0.190127,1225,16785,791,8023
1,1,0.326499,0.052984,0.344766,0.066358,0.191119,1135,16931,645,8113
1,1,0.332463,0.035683,0.344766,0.041381,0.188298,720,17186,390,8528
1,1,0.327692,0.049524,0.344766,0.058157,0.191600,1009,17025,551,8239
1,1,0.330301,0.041955,0.344766,0.048837,0.193206,849,17115,461,8399
1,1,0.332985,0.034170,0.344766,0.055025,0.183015,896,16996,580,8352
1,1,0.327990,0.048659,0.344766,0.057784,0.188235,1000,17026,550,8248
1,1,0.330599,0.041090,0.344766,0.048464,0.185301,840,17116,460,8408
1,1,0.331159,0.039468,0.344766,0.075492,0.189235,1195,16746,830,8053
1,1,0.324933,0.057526,0.344766,0.066731,0.189649,1161,16947,629,8087
1,1,0.329034,0.045631,0.344766,0.074486,0.186970,1210,16788,788,8038
1,1,0.327990,0.048659,0.344766,0.057784,0.204687,1000,17026,550,8248
1,1,0.329705,0.043685,0.344766,0.051446,0.213730,892,17088,488,8356
1,1,0.330562,0.041198,0.344766,0.067440,0.194382,1095,16862,714,8153
1,1,0.334588,0.029520,0.344766,0.047979,0.202112,780,17069,507,8468
1,1,0.324933,0.057526,0.344766,0.066731,0.221441,1161,16947,629,8087
1,1,0.331196,0.039360,0.344766,0.043990,0.183701,772,17168,408,8476
1,1,0.330599,0.041090,0.344766,0.048464,0.183910,840,17116,460,8408
1,1,0.324187,0.059689,0.344766,0.070086,0.187901,1216,16912,664,8032
1,1,0.328437,0.047362,0.344766,0.055174,0.216789,959,17055,521,8289
1,1,0.334961,0.028439,0.344766,0.044624,0.665490,730,17109,467,8518
1,1,0.329779,0.043469,0.344766,0.072472,0.650557,1173,16805,771,8075
1,1,0.328363,0.047578,0.344766,0.055547,0.639879,965,17051,525,8283
1,1,0.331196,0.039360,0.344766,0.043245,0.677838,762,17178,398,8486
1,1,0.325977,0.054498,0.344766,0.064494,0.641550,1117,16963,613,8131
1,1,0.329705,0.043685,0.344766,0.051446,0.655599,892,17088,488,8356
1,1,0.328437,0.047362,0.344766,0.055174,0.651440,959,17055,521,8289
1,1,0.327915,0.048875,0.344766,0.058157,0.655406,1006,17022,554,8242
1,1,0.330450,0.041522,0.344766,0.048091,0.411208,837,17123,453,8411
1,1,0.322771,0.063798,0.344766,0.079034,0.198545,1355,16811,765,7893
1,1,0.330376,0.041739,0.344766,0.048464,0.226352,843,17119,457,8405
1,1,0.327990,0.048659,0.344766,0.060766,0.185773,1040,16986,590,8208
1,1,0.331308,0.039035,0.344766,0.065426,0.480628,1058,16879,697,8190
1,1,0.334588,0.029520,0.344766,0.047979,0.223579,780,17069,507,8468
1,1,0.334961,0.028439,0.344766,0.044624,0.192463,730,17109,467,8518
1,1,0.334961,0.028439,0.344766,0.044624,0.200147,730,17109,467,8518
1,1,0.332463,0.035683,0.344766,0.042126,0.205066,730,17176,400,8518
1,1,0.325529,0.055796,0.344766,0.064122,0.193708,1118,16974,602,8130
1,1,0.332985,0.034170,0.344766,0.037280,0.195448,658,17234,342,8590
1,1,0.334961,0.028439,0.344766,0.044624,0.188885,730,17109,467,8518
1,1,0.327692,0.049524,0.344766,0.057411,0.205028,999,17035,541,8249
1,1,0.333321,0.033196,0.344766,0.051335,0.212053,842,17041,535,8406
1,1,0.334588,0.029520,0.344766,0.047979,0.185784,780,17069,507,8468
1,1,0.328214,0.048010,0.344766,0.057784,0.188899,997,17023,553,8251
1,1,0.334141,0.030817,0.344766,0.051335,0.188856,831,17030,546,8417
1,1,0.331159,0.039468,0.344766,0.075492,0.192388,1195,16746,830,8053
1,1,0.331308,0.039035,0.344766,0.065426,0.446869,1058,16879,697,8190
1,1,0.328437,0.047362,0.344766,0.055174,0.648374,959,17055,521,8289
1,1,0.332463,0.035683,0.344766,0.041381,0.436907,720,17186,390,8528
1,1,0.327692,0.049524,0.344766,0.058157,0.191695,1009,17025,551,8239
1,1,0.332985,0.034170,0.344766,0.055025,0.186167,896,16996,580,8352
1,1,0.328437,0.047362,0.344766,0.055174,0.214263,959,17055,521,8289
1,1,0.322696,0.064014,0.344766,0.076051,0.197836,1316,16852,724,7932
1,1,0.326424,0.053201,0.344766,0.061885,0.180955,1076,16992,584,8172
1,1,0.328363,0.047578,0.344766,0.055547,0.180911,965,17051,525,8283
1,1,0.330450,0.041522,0.344766,0.048091,0.180832,837,17123,453,8411
1,1,0.332985,0.034170,0.344766,0.037280,0.181540,658,17234,342,8590
1,1,0.327990,0.048659,0.344766,0.060766,0.190057,1040,16986,590,8208
1,1,0.327542,0.049957,0.344766,0.057411,0.181937,1001,17037,539,8247
1,1,0.324933,0.057526,0.344766,0.066731,0.185091,1161,16947,629,8087
1,1,0.330376,0.041739,0.344766,0.048837,0.182159,848,17114,462,8400
1,1,0.325306,0.056445,0.344766,0.066731,0.222577,1156,16942,634,8092
1,1,0.331308,0.039035,0.344766,0.065426,0.349773,1058,16879,697,8190
1,1,0.332985,0.034170,0.344766,0.036534,0.647583,648,17244,332,8600
2,2,0.311214,0.097318,0.344766,0.112213,0.385289,1955,16521,1055,7293
2,2,0.316508,0.081964,0.344766,0.092082,0.789588,1614,16720,856,7634
2,2,0.319826,0.072340,0.344766,0.091746,0.762282,1565,16680,896,7683
2,2,0.321205,0.068339,0.344766,0.077170,0.240899,1351,16857,719,7897
2,2,0.323255,0.062392,0.344766,0.078996,0.856069,1348,16805,771,7900
2,2,0.313562,0.090506,0.344766,0.119930,0.804997,2027,16386,1190,7221
2,2,0.314979,0.086397,0.344766,0.119333,0.834868,2000,16375,1201,7248
2,2,0.314196,0.088668,0.344766,0.101775,0.723978,1775,16621,955,7473
2,2,0.312258,0.094291,0.344766,0.110722,0.246886,1921,16527,1049,7327
2,2,0.310170,0.100346,0.344766,0.114450,0.231265,1999,16505,1071,7249
2,2,0.319602,0.072989,0.344766,0.107031,0.236728,1773,16478,1098,7475
2,2,0.318111,0.077314,0.344766,0.100544,0.231343,1706,16585,991,7542
2,2,0.314644,0.087370,0.344766,0.098047,0.272881,1719,16665,911,7529
2,2,0.318521,0.076125,0.344766,0.086490,0.268365,1512,16768,808,7736
2,2,0.311736,0.095804,0.344766,0.108112,0.242258,1893,16569,1007,7355
2,2,0.312630,0.093209,0.344766,0.122428,0.236114,2073,16365,1211,7175
2,2,0.317514,0.079044,0.344766,0.133873,0.259362,2161,16146,1430,7087
2,2,0.314718,0.087154,0.344766,0.098792,0.254383,1728,16654,922,7520
2,2,0.323181,0.062608,0.344766,0.082501,0.339415,1396,16759,817,7852
2,2,0.320907,0.069204,0.344766,0.091634,0.243513,1549,16667,909,7699
2,2,0.315837,0.083910,0.344766,0.118103,0.231018,1972,16380,1196,7276
2,2,0.314383,0.088127,0.344766,0.113443,0.229026,1929,16462,1114,7319
2,2,0.323740,0.060986,0.344766,0.065613,0.245305,1162,16978,598,8086
2,2,0.315911,0.083694,0.344766,0.099165,0.237251,1717,16633,943,7531
2,2,0.320124,0.071475,0.344766,0.115084,0.227046,1874,16363,1213,7374
2,2,0.323665,0.061202,0.344766,0.093946,0.241321,1543,16599,977,7705
2,2,0.319043,0.074611,0.344766,0.084253,0.253781,1475,16791,785,7773
2,2,0.313525,0.090614,0.344766,0.127572,0.424954,2130,16284,1292,7118
2,2,0.317477,0.079152,0.344766,0.087981,0.269067,1546,16762,814,7702
2,2,0.319788,0.072448,0.344766,0.105353,0.240240,1748,16498,1078,7500
2,2,0.320459,0.070502,0.344766,0.079034,0.259970,1386,16842,734,7862
2,2,0.315240,0.085640,0.344766,0.095064,0.244345,1671,16697,879,7577
2,2,0.321130,0.068555,0.344766,0.088652,0.287046,1506,16704,872,7742
2,2,0.316731,0.081315,0.344766,0.107516,0.232922,1818,16510,1066,7430
2,2,0.315352,0.085316,0.344766,0.110461,0.232569,1876,16489,1087,7372
2,2,0.316582,0.081747,0.344766,0.090591,0.253401,1593,16739,837,7655
2,2,0.315464,0.084991,0.344766,0.097674,0.251626,1703,16659,917,7545
2,2,0.319826,0.072340,0.344766,0.097115,0.232633,1637,16608,968,7611
2,2,0.318894,0.075043,0.344766,0.101402,0.234273,1707,16563,1013,7541
2,2,0.325157,0.056877,0.344766,0.068446,0.235646,1181,16921,655,8067
2,2,0.317253,0.079801,0.344766,0.089472,0.233780,1569,16745,831,7679
2,2,0.320385,0.070718,0.344766,0.089845,0.225238,1532,16698,878,7716
2,2,0.318670,0.075692,0.344766,0.097152,0.227699,1653,16623,953,7595
2,2,0.323926,0.060446,0.344766,0.077132,0.229226,1314,16821,755,7934
2,2,0.317253,0.079801,0.344766,0.086490,0.228833,1529,16785,791,7719
2,2,0.316545,0.081856,0.344766,0.103825,0.225111,1771,16562,1014,7477
2,2,0.309424,0.102509,0.344766,0.119669,0.242508,2079,16445,1131,7169
2,2,0.322845,0.063581,0.344766,0.081942,0.243017,1393,16771,805,7855
2,2,0.310394,0.099697,0.344766,0.113704,0.237116,1986,16512,1064,7262
2,2,0.319527,0.073205,0.344766,0.107180,0.231528,1776,16477,1099,7472
2,2,0.314345,0.088235,0.344766,0.117880,0.239829,1989,16403,1173,7259
2,2,0.317850,0.078071,0.344766,0.085371,0.239981,1506,16792,784,7742
2,2,0.316023,0.083369,0.344766,0.105987,0.239300,1807,16540,1036,7441
2,2,0.309946,0.100995,0.344766,0.121160,0.225771,2092,16418,1158,7156
2,2,0.322211,0.065420,0.344766,0.101663,0.226659,1666,16515,1061,7582
2,2,0.317328,0.079585,0.344766,0.089099,0.229539,1563,16749,827,7685
2,2,0.315016,0.086289,0.344766,0.119296,0.240316,1999,16375,1201,7249
2,2,0.317999,0.077638,0.344766,0.104086,0.226076,1755,16539,1037,7493
2,2,0.318334,0.076665,0.344766,0.098233,0.227157,1672,16613,963,7576
2,2,0.323330,0.062176,0.344766,0.094952,0.234053,1561,16590,986,7687
2,2,0.320832,0.069420,0.344766,0.093797,0.240624,1579,16639,937,7669
2,2,0.321093,0.068663,0.344766,0.092343,0.237178,1556,16655,921,7692
2,2,0.311736,0.095804,0.344766,0.108858,0.226471,1903,16559,1017,7345
2,2,0.319005,0.074719,0.344766,0.096220,0.235356,1636,16631,945,7612
2,2,0.319490,0.073313,0.344766,0.083880,0.238950,1464,16790,786,7784
2,2,0.311959,0.095156,0.344766,0.125186,0.249284,2119,16337,1239,7129
2,2,0.313376,0.091047,0.344766,0.122204,0.240244,2060,16358,1218,7188
2,2,0.322025,0.065960,0.344766,0.071578,0.241857,1265,16921,655,7983
2,2,0.311885,0.095372,0.344766,0.105875,0.268414,1861,16597,979,7387
2,2,0.313302,0.091263,0.344766,0.104011,0.254688,1817,16603,973,7431
2,2,0.321429,0.067690,0.344766,0.103340,0.233281,1699,16503,1073,7549
2,2,0.315762,0.084126,0.344766,0.094319,0.229172,1654,16700,876,7594
2,2,0.317887,0.077963,0.344766,0.123136,0.227772,2012,16285,1291,7236
2,2,0.312630,0.093209,0.344766,0.108485,0.228606,1886,16552,1024,7362
2,2,0.312183,0.094507,0.344766,0.108485,0.228538,1892,16558,1018,7356
2,2,0.318297,0.076773,0.344766,0.099463,0.231203,1689,16597,979,7559
2,2,0.318782,0.075368,0.344766,0.113741,0.226269,1874,16399,1177,7374
2,2,0.320310,0.070934,0.344766,0.100283,0.233307,1673,16559,1017,7575
2,2,0.313227,0.091479,0.344766,0.122726,0.281988,2069,16353,1223,7179
2,2,0.315538,0.084775,0.344766,0.133537,0.266007,2183,16177,1399,7065
2,2,0.319378,0.073638,0.344766,0.102632,0.267442,1717,16540,1036,7531
2,2,0.320795,0.069529,0.344766,0.096145,0.293266,1611,16608,968,7637
2,2,0.323032,0.063041,0.344766,0.082501,0.231430,1398,16761,815,7850
2,2,0.323442,0.061851,0.344766,0.096630,0.357995,1582,16566,1010,7666
2,2,0.317030,0.080450,0.344766,0.101775,0.234567,1737,16583,993,7511
2,2,0.312332,0.094074,0.344766,0.110349,0.246994,1915,16531,1045,7333
2,2,0.317328,0.079585,0.344766,0.092455,0.248124,1608,16704,872,7640
2,2,0.315277,0.085532,0.344766,0.109641,0.245150,1866,16501,1075,7382
2,2,0.321578,0.067258,0.344766,0.089099,0.246839,1506,16692,884,7742
2,2,0.321354,0.067907,0.344766,0.106695,0.273104,1745,16459,1117,7503
2,2,0.312407,0.093858,0.344766,0.127274,0.233960,2141,16303,1273,7107
2,2,0.313600,0.090398,0.344766,0.123248,0.264107,2071,16341,1235,7177
2,2,0.322547,0.064446,0.344766,0.103340,0.223952,1684,16488,1088,7564
2,2,0.318819,0.075260,0.344766,0.087981,0.236893,1528,16744,832,7720
2,2,0.314494,0.087803,0.344766,0.106994,0.227300,1841,16547,1029,7407
2,2,0.318633,0.075800,0.344766,0.102930,0.222340,1731,16546,1030,7517
2,2,0.320683,0.069853,0.344766,0.077915,0.262030,1368,16854,722,7880
2,2,0.316806,0.081099,0.344766,0.090963,0.235084,1595,16731,845,7653
2,2,0.316433,0.082180,0.344766,0.092082,0.227162,1615,16721,855,7633
2,2,0.314532,0.087695,0.344766,0.119557,0.230395,2009,16378,1198,7239
4,4,0.290151,0.158413,0.344766,0.197771,0.308475,3385,15656,1920,5863
4,4,0.290262,0.158088,0.344766,0.172234,0.356216,3041,15997,1579,6207
4,4,0.292723,0.150952,0.344766,0.175291,0.325352,3049,15923,1653,6199
4,4,0.294624,0.145437,0.344766,0.185543,0.323457,3161,15760,1816,6087
4,4,0.292686,0.151060,0.344766,0.174508,0.315278,3039,15934,1642,6209
4,4,0.290076,0.158629,0.344766,0.203586,0.306957,3464,15579,1997,5784
4,4,0.289927,0.159061,0.344766,0.184648,0.323159,3212,15835,1741,6036
4,4,0.305174,0.114836,0.344766,0.140620,0.420252,2417,16221,1355,6831
4,4,0.293394,0.149005,0.344766,0.170072,0.310703,2970,15984,1592,6278
4,4,0.298054,0.135489,0.344766,0.149530,0.395163,2632,16197,1379,6616
4,4,0.297569,0.136894,0.344766,0.199821,0.374388,3313,15529,2047,5935
4,4,0.298874,0.133110,0.344766,0.146846,0.365191,2585,16222,1354,6663
4,4,0.293245,0.149438,0.344766,0.188264,0.317914,3216,15742,1834,6032
4,4,0.297197,0.137976,0.344766,0.170146,0.350556,2920,15932,1644,6328
4,4,0.300664,0.127920,0.344766,0.158552,0.378142,2718,16041,1535,6530
4,4,0.298315,0.134732,0.344766,0.161124,0.308621,2784,16038,1538,6464
4,4,0.298278,0.134840,0.344766,0.170183,0.311771,2906,15917,1659,6342
4,4,0.295183,0.143815,0.344766,0.183791,0.303915,3130,15776,1800,6118
4,4,0.287466,0.166198,0.344766,0.194788,0.319229,3381,15732,1844,5867
4,4,0.297793,0.136246,0.344766,0.171265,0.365754,2927,15909,1667,6321
4,4,0.294102,0.146951,0.344766,0.175850,0.310357,3038,15897,1679,6210
4,4,0.292723,0.150952,0.344766,0.172234,0.306510,3008,15964,1612,6240
4,4,0.290598,0.157115,0.344766,0.178683,0.404088,3123,15906,1670,6125
4,4,0.294102,0.146951,0.344766,0.172942,0.305944,2999,15936,1640,6249
4,4,0.292760,0.150843,0.344766,0.194490,0.575269,3306,15665,1911,5942
4,4,0.286795,0.168144,0.344766,0.195534,0.988732,3400,15731,1845,5848
4,4,0.293245,0.149438,0.344766,0.175664,0.325542,3047,15911,1665,6201
4,4,0.290412,0.157656,0.344766,0.186773,0.376624,3234,15800,1776,6014
4,4,0.286758,0.168253,0.344766,0.201909,0.317174,3486,15646,1930,5762
4,4,0.288920,0.161981,0.344766,0.186102,0.330301,3245,15829,1747,6003
4,4,0.294960,0.144464,0.344766,0.194751,0.345514,3280,15632,1944,5968
4,4,0.291381,0.154844,0.344766,0.173501,0.322593,3043,15965,1611,6205
4,4,0.291679,0.153979,0.344766,0.166269,0.307560,2942,16058,1518,6306
4,4,0.304429,0.116998,0.344766,0.134805,0.314630,2349,16309,1267,6899
4,4,0.297346,0.137543,0.344766,0.166865,0.312613,2874,15974,1602,6374
4,4,0.290151,0.158413,0.344766,0.201126,0.337540,3430,15611,1965,5818
4,4,0.304690,0.116241,0.344766,0.162727,0.316513,2720,15931,1645,6528
4,4,0.294699,0.145221,0.344766,0.182038,0.307762,3113,15806,1770,6135
4,4,0.302378,0.122946,0.344766,0.145206,1.112953,2516,16197,1379,6732
4,4,0.288175,0.164144,0.344766,0.193111,1.060395,3349,15745,1831,5899
4,4,0.289890,0.159170,0.344766,0.184984,0.432324,3217,15831,1745,6031
4,4,0.304131,0.117863,0.344766,0.173129,0.413588,2867,15799,1777,6381
4,4,0.296190,0.140895,0.344766,0.176968,0.467274,3025,15854,1722,6223
4,4,0.294773,0.145004,0.344766,0.176521,0.331842,3038,15879,1697,6210
4,4,0.293543,0.148573,0.344766,0.190948,0.311097,3248,15702,1874,6000
4,4,0.294028,0.147167,0.344766,0.165337,0.323055,2898,16039,1537,6350
4,4,0.293506,0.148681,0.344766,0.171302,0.352703,2985,15966,1610,6263
4,4,0.291828,0.153547,0.344766,0.194453,1.054428,3318,15678,1898,5930
4,4,0.296339,0.140463,0.344766,0.166828,0.547197,2887,15988,1588,6361
4,4,0.301372,0.125865,0.344766,0.170370,0.310490,2867,15873,1703,6381
4,4,0.292276,0.152249,0.344766,0.173427,0.393074,3030,15954,1622,6218
4,4,0.291083,0.155709,0.344766,0.185804,0.311757,3212,15804,1772,6036
4,4,0.284111,0.175930,0.344766,0.211341,0.304658,3648,15555,2021,5600
4,4,0.292089,0.152790,0.344766,0.195012,0.314325,3322,15667,1909,5926
4,4,0.294885,0.144680,0.344766,0.179914,0.343822,3082,15832,1744,6166
4,4,0.291493,0.154520,0.344766,0.182188,0.320154,3158,15847,1729,6090
4,4,0.290225,0.158196,0.344766,0.182262,0.320931,3176,15863,1713,6072
4,4,0.288473,0.163279,0.344766,0.198479,0.325679,3417,15669,1907,5831
4,4,0.292238,0.152357,0.344766,0.200828,0.373525,3398,15587,1989,5850
4,4,0.294363,0.146194,0.344766,0.159559,0.320603,2816,16112,1464,6432
4,4,0.300328,0.128893,0.344766,0.137936,0.318985,2446,16322,1254,6802
4,4,0.296302,0.140571,0.344766,0.154712,0.318072,2725,16151,1425,6523
4,4,0.292611,0.151276,0.344766,0.185021,0.319916,3181,15794,1782,6067
4,4,0.296041,0.141328,0.344766,0.182933,0.357715,3107,15776,1800,6141
4,4,0.296153,0.141003,0.344766,0.148002,0.311567,2637,16243,1333,6611
4,4,0.296898,0.138841,0.344766,0.164032,0.315630,2842,16018,1558,6406
4,4,0.296227,0.140787,0.344766,0.178870,0.331552,3050,15828,1748,6198
4,4,0.295444,0.143058,0.344766,0.170034,0.309549,2942,15957,1619,6306
4,4,0.294102,0.146951,0.344766,0.175477,0.313150,3033,15902,1674,6215
4,4,0.298240,0.134948,0.344766,0.167611,0.315182,2872,15952,1624,6376
4,4,0.301670,0.125000,0.344766,0.149642,0.313504,2585,16147,1429,6663
4,4,0.290412,0.157656,0.344766,0.169251,0.310142,2999,16035,1541,6249
4,4,0.298017,0.135597,0.344766,0.188712,0.321005,3158,15672,1904,6090
4,4,0.293357,0.149113,0.344766,0.174955,0.318172,3036,15919,1657,6212
4,4,0.293879,0.147599,0.344766,0.169885,0.335408,2961,15980,1596,6287
4,4,0.300589,0.128136,0.344766,0.173390,0.327652,2918,15843,1733,6330
4,4,0.292052,0.152898,0.344766,0.184984,0.307737,3188,15802,1774,6060
4,4,0.296302,0.140571,0.344766,0.174545,0.313983,2991,15885,1691,6257
4,4,0.292909,0.150411,0.344766,0.181144,0.319068,3125,15842,1734,6123
4,4,0.289442,0.160467,0.344766,0.195795,0.311143,3368,15692,1884,5880
4,4,0.294102,0.146951,0.344766,0.166306,0.311036,2910,16025,1551,6338
4,4,0.297271,0.137760,0.344766,0.167537,0.318260,2884,15966,1610,6364
4,4,0.286162,0.169983,0.344766,0.184909,0.307004,3266,15882,1694,5982
4,4,0.294401,0.146086,0.344766,0.175775,0.306651,3033,15894,1682,6215
4,4,0.296861,0.138949,0.344766,0.173613,0.320711,2971,15890,1686,6277
4,4,0.295109,0.144031,0.344766,0.175216,0.310778,3016,15892,1684,6232
4,4,0.292089,0.152790,0.344766,0.181144,0.310780,3136,15853,1723,6112
4,4,0.298166,0.135164,0.344766,0.199970,0.316807,3307,15519,2057,5941
4,4,0.294028,0.147167,0.344766,0.173762,0.308216,3011,15926,1650,6237
4,4,0.296376,0.140355,0.344766,0.180137,0.314341,3065,15809,1767,6183
4,4,0.293058,0.149978,0.344766,0.189047,0.349511,3229,15734,1842,6019
4,4,0.296302,0.140571,0.344766,0.152848,0.308826,2700,16176,1400,6548
4,4,0.297308,0.137651,0.344766,0.160640,0.313411,2791,16058,1518,6457
4,4,0.296115,0.141112,0.344766,0.166754,0.310556,2889,15992,1584,6359
4,4,0.295146,0.143923,0.344766,0.177938,0.305755,3052,15855,1721,6196
4,4,0.295370,0.143274,0.344766,0.178236,0.306759,3053,15848,1728,6195
4,4,0.296936,0.138733,0.344766,0.165262,0.315338,2858,16001,1575,6390
4,4,0.290337,0.157872,0.344766,0.169997,0.313515,3010,16026,1550,6238
4,4,0.288622,0.162846,0.344766,0.178199,0.312303,3143,15939,1637,6105
4,4,0.291679,0.153979,0.344766,0.167015,0.325313,2952,16048,1528,6296
8,8,0.262377,0.238971,0.344766,0.264688,0.492859,4655,15131,2445,4593
8,8,0.265583,0.229671,0.344766,0.256860,0.497117,4507,15193,2383,4741
8,8,0.259767,0.246540,0.344766,0.239338,0.486984,4350,15506,2070,4898
8,8,0.261594,0.241241,0.344766,0.253392,0.501266,4514,15293,2283,4734
8,8,0.261930,0.240268,0.344766,0.254548,0.496050,4525,15273,2303,4723
8,8,0.266552,0.226860,0.344766,0.246496,0.509908,4355,15319,2257,4893
8,8,0.258910,0.249027,0.344766,0.267037,0.509306,4733,15146,2430,4515
8,8,0.268715,0.220588,0.344766,0.238667,0.511240,4221,15395,2181,5027
8,8,0.266701,0.226427,0.344766,0.228452,0.517882,4111,15559,2017,5137
8,8,0.262153,0.239619,0.344766,0.252162,0.529730,4490,15302,2274,4758
8,8,0.257717,0.252487,0.344766,0.279861,0.494467,4921,14990,2586,4327
8,8,0.259916,0.246107,0.344766,0.248658,0.498455,4473,15379,2197,4775
8,8,0.270019,0.216804,0.344766,0.249366,0.496965,4347,15234,2342,4901
8,8,0.267484,0.224157,0.344766,0.244744,0.501118,4319,15330,2246,4929
8,8,0.259022,0.248702,0.344766,0.276991,0.494814,4865,15011,2565,4383
8,8,0.261296,0.242106,0.344766,0.273598,0.580238,4789,15026,2550,4459
8,8,0.260886,0.243296,0.344766,0.254250,0.495143,4535,15291,2285,4713
8,8,0.256375,0.256380,0.344766,0.271436,0.518746,4826,15121,2455,4422
8,8,0.257866,0.252054,0.344766,0.264278,0.518433,4710,15197,2379,4538
8,8,0.266291,0.227617,0.344766,0.242805,0.545619,4309,15372,2204,4939
8,8,0.261445,0.241674,0.344766,0.264502,0.510767,4665,15146,2430,4583
8,8,0.263458,0.235835,0.344766,0.250857,0.500639,4455,15302,2274,4793
8,8,0.256449,0.256163,0.344766,0.261594,0.476911,4693,15252,2324,4555
8,8,0.259581,0.247080,0.344766,0.274344,0.513582,4822,15039,2537,4426
8,8,0.262004,0.240052,0.344766,0.261631,0.519699,4619,15177,2399,4629
8,8,0.265807,0.229022,0.344766,0.250373,0.494101,4417,15277,2299,4831
8,8,0.264241,0.233564,0.344766,0.233000,0.477907,4205,15531,2045,5043
8,8,0.259954,0.245999,0.344766,0.259357,0.499496,4616,15235,2341,4632
8,8,0.266254,0.227725,0.344766,0.250746,0.490507,4416,15266,2310,4832
8,8,0.264390,0.233131,0.344766,0.248061,0.531283,4405,15327,2249,4843
8,8,0.260811,0.243512,0.344766,0.258574,0.481549,4594,15234,2342,4654
8,8,0.256860,0.254974,0.344766,0.261930,0.480323,4692,15242,2334,4556
8,8,0.265993,0.228482,0.344766,0.271660,0.526773,4700,14989,2587,4548
8,8,0.264278,0.233456,0.344766,0.266142,0.537016,4649,15086,2490,4599
8,8,0.261669,0.241025,0.344766,0.253542,0.486177,4515,15290,2286,4733
8,8,0.269796,0.217452,0.344766,0.247577,0.534266,4326,15261,2315,4922
8,8,0.275984,0.199503,0.344766,0.236616,0.509843,4096,15325,2251,5152
8,8,0.271548,0.212370,0.344766,0.242842,0.590799,4239,15301,2275,5009
8,8,0.269982,0.216912,0.344766,0.235834,0.564015,4166,15416,2160,5082
8,8,0.258724,0.249567,0.344766,0.255890,0.513137,4586,15298,2278,4662
8,8,0.261408,0.241782,0.344766,0.257903,0.561948,4577,15235,2341,4671
8,8,0.263458,0.235835,0.344766,0.256524,0.500723,4531,15226,2350,4717
8,8,0.259320,0.247837,0.344766,0.255219,0.487378,4569,15299,2277,4679
8,8,0.261594,0.241241,0.344766,0.267484,0.493136,4703,15104,2472,4545
8,8,0.264465,0.232915,0.344766,0.268864,0.492252,4683,15047,2529,4565
8,8,0.264465,0.232915,0.344766,0.244557,0.486386,4357,15373,2203,4891
8,8,0.262340,0.239079,0.344766,0.259879,0.482893,4591,15196,2380,4657
8,8,0.263346,0.236159,0.344766,0.262079,0.488210,4607,15153,2423,4641
8,8,0.261072,0.242755,0.344766,0.262936,0.490379,4649,15172,2404,4599
8,8,0.263197,0.236592,0.344766,0.262824,0.479754,4619,15145,2431,4629
8,8,0.265620,0.229563,0.344766,0.255033,0.490353,4482,15217,2359,4766
8,8,0.260140,0.245458,0.344766,0.266478,0.494912,4709,15137,2439,4539
8,8,0.252610,0.267301,0.344766,0.275500,0.480201,4931,15117,2459,4317
8,8,0.262041,0.239944,0.344766,0.263234,0.558368,4640,15155,2421,4608
8,8,0.259506,0.247297,0.344766,0.269497,0.490616,4758,15105,2471,4490
8,8,0.262824,0.237673,0.344766,0.234492,0.491688,4244,15530,2046,5004
8,8,0.258276,0.250865,0.344766,0.264837,0.490250,4712,15184,2392,4536
8,8,0.260811,0.243512,0.344766,0.259096,0.504691,4601,15227,2349,4647
8,8,0.269237,0.219074,0.344766,0.260513,0.523456,4507,15095,2481,4741
8,8,0.267857,0.223075,0.344766,0.247204,0.501548,4347,15292,2284,4901
8,8,0.261594,0.241241,0.344766,0.278072,0.478255,4845,14962,2614,4403
8,8,0.261855,0.240484,0.344766,0.241202,0.484433,4347,15453,2123,4901
8,8,0.265434,0.230104,0.344766,0.249553,0.487207,4411,15293,2283,4837
8,8,0.269348,0.218750,0.344766,0.263458,0.496882,4545,15054,2522,4703
8,8,0.270206,0.216263,0.344766,0.209141,0.479544,3805,15771,1805,5443
8,8,0.264390,0.233131,0.344766,0.225171,1.155778,4098,15634,1942,5150
8,8,0.263607,0.235402,0.344766,0.257792,0.480289,4546,15207,2369,4702
8,8,0.268938,0.219939,0.344766,0.259469,1.563805,4497,15113,2463,4751
8,8,0.266627,0.226644,0.344766,0.242544,1.551955,4301,15371,2205,4947
8,8,0.262153,0.239619,0.344766,0.269460,0.730922,4722,15070,2506,4526
8,8,0.262787,0.237781,0.344766,0.260774,0.485025,4597,15178,2398,4651
8,8,0.257493,0.253136,0.344766,0.270318,0.485141,4796,15121,2455,4452
8,8,0.266813,0.226103,0.344766,0.251156,0.487259,4414,15253,2323,4834
8,8,0.263458,0.235835,0.344766,0.241612,0.502623,4331,15426,2150,4917
8,8,0.266217,0.227833,0.344766,0.250186,0.496106,4409,15274,2302,4839
8,8,0.259954,0.245999,0.344766,0.270019,1.329327,4759,15092,2484,4489
8,8,0.258761,0.249459,0.344766,0.267633,0.477495,4743,15140,2436,4505
8,8,0.261408,0.241782,0.344766,0.247540,0.471966,4438,15374,2202,4810
8,8,0.267373,0.224481,0.344766,0.258425,0.480201,4504,15148,2428,4744
8,8,0.268826,0.220264,0.344766,0.245116,0.687834,4306,15307,2269,4942
8,8,0.262004,0.240052,0.344766,0.250522,1.588489,4470,15326,2250,4778
8,8,0.263458,0.235835,0.344766,0.268230,0.776226,4688,15069,2507,4560
8,8,0.265546,0.229779,0.344766,0.261892,0.492363,4575,15126,2450,4673
8,8,0.271175,0.213452,0.344766,0.250373,0.569860,4345,15205,2371,4903
8,8,0.268677,0.220696,0.344766,0.235424,0.465658,4178,15439,2137,5070
8,8,0.260327,0.244918,0.344766,0.259954,0.535887,4619,15222,2354,4629
8,8,0.270280,0.216047,0.344766,0.240755,0.481604,4228,15346,2230,5020
8,8,0.267708,0.223508,0.344766,0.235125,0.531038,4187,15456,2120,5061
8,8,0.265919,0.228698,0.344766,0.244594,0.573798,4338,15353,2223,4910
8,8,0.264427,0.233023,0.344766,0.252050,0.549535,4458,15273,2303,4790
8,8,0.271809,0.211613,0.344766,0.212310,0.473872,3826,15707,1869,5422
8,8,0.258873,0.249135,0.344766,0.272741,0.480269,4810,15070,2506,4438
8,8,0.265508,0.229888,0.344766,0.229943,0.469026,4147,15555,2021,5101
8,8,0.264278,0.233456,0.344766,0.262191,0.473068,4596,15139,2437,4652
8,8,0.264763,0.232050,0.344766,0.254996,0.478706,4493,15229,2347,4755
8,8,0.261520,0.241458,0.344766,0.267857,0.601457,4709,15100,2476,4539
8,8,0.259767,0.246540,0.344766,0.261557,0.523742,4648,15208,2368,4600
8,8,0.258649,0.249784,0.344766,0.252013,0.527829,4535,15351,2225,4713
8,8,0.260327,0.244918,0.344766,0.277252,0.475900,4851,14990,2586,4397
8,8,0.264390,0.233131,0.344766,0.261408,0.479164,4584,15148,2428,4664
16,16,0.230465,0.331531,0.344766,0.308753,0.890280,5674,14968,2608,3574
16,16,0.227557,0.339965,0.344766,0.315315,0.824120,5801,14919,2657,3447
16,16,0.232665,0.325151,0.344766,0.304615,0.799739,5589,14994,2582,3659
16,16,0.229123,0.335424,0.344766,0.306442,0.867987,5661,15017,2559,3587
16,16,0.228228,0.338019,0.344766,0.314345,0.832635,5779,14923,2653,3469
16,16,0.224873,0.347751,0.344766,0.322622,0.812490,5935,14857,2719,3313
16,16,0.223680,0.351211,0.344766,0.321652,0.801907,5938,14886,2690,3310
16,16,0.228266,0.337911,0.344766,0.315799,0.853278,5798,14903,2673,3450
16,16,0.226364,0.343426,0.344766,0.324336,0.867796,5938,14814,2762,3310
16,16,0.222562,0.354455,0.344766,0.327468,0.833676,6031,14823,2753,3217
16,16,0.226886,0.341912,0.344766,0.319714,0.871043,5869,14869,2707,3379
16,16,0.242768,0.295848,0.344766,0.290113,1.489609,5259,15053,2523,3989
16,16,0.227446,0.340290,0.344766,0.314606,2.001496,5793,14930,2646,3455
16,16,0.222152,0.355644,0.344766,0.323181,1.706750,5979,14886,2690,3269
16,16,0.226290,0.343642,0.344766,0.317924,1.320570,5853,14901,2675,3395
16,16,0.233075,0.323962,0.344766,0.310468,0.825636,5662,14910,2666,3586
16,16,0.228862,0.336181,0.344766,0.316098,0.811986,5794,14891,2685,3454
16,16,0.220772,0.359645,0.344766,0.326946,0.817577,6048,14854,2722,3200
16,16,0.227371,0.340506,0.344766,0.310058,0.808735,5733,14992,2584,3515
16,16,0.220586,0.360186,0.344766,0.327505,0.826808,6058,14849,2727,3190
16,16,0.226663,0.342561,0.344766,0.313823,0.843437,5793,14951,2625,3455
16,16,0.228676,0.336721,0.344766,0.322771,0.862620,5886,14804,2772,3362
16,16,0.221294,0.358131,0.344766,0.325678,0.877154,6024,14864,2712,3224
16,16,0.225880,0.344831,0.344766,0.315725,1.008594,5829,14936,2640,3419
16,16,0.226141,0.344074,0.344766,0.322249,0.873361,5913,14845,2731,3335
16,16,0.222674,0.354131,0.344766,0.305883,0.860061,5740,15111,2465,3508
16,16,0.226290,0.343642,0.344766,0.318968,0.856422,5867,14887,2689,3381
16,16,0.224761,0.348075,0.344766,0.322137,0.892221,5930,14865,2711,3318
16,16,0.228639,0.336830,0.344766,0.298501,0.834570,5561,15130,2446,3687
16,16,0.222860,0.353590,0.344766,0.319192,0.839860,5916,14930,2646,3332
16,16,0.228042,0.338560,0.344766,0.308716,0.821524,5706,15001,2575,3542
16,16,0.226924,0.341804,0.344766,0.319453,0.825924,5865,14872,2704,3383
16,16,0.232367,0.326016,0.344766,0.306405,0.870143,5617,14974,2602,3631
16,16,0.229645,0.333910,0.344766,0.311065,0.814952,5716,14948,2628,3532
16,16,0.221033,0.358888,0.344766,0.326760,0.803081,6042,14853,2723,3206
16,16,0.229608,0.334018,0.344766,0.305435,0.817172,5641,15024,2552,3607
16,16,0.224650,0.348400,0.344766,0.320161,0.834631,5905,14893,2683,3343
16,16,0.234603,0.319529,0.344766,0.293058,0.836373,5408,15123,2453,3840
16,16,0.233336,0.323205,0.344766,0.306554,0.829915,5606,14959,2617,3642
16,16,0.229049,0.335640,0.344766,0.312705,0.844828,5746,14934,2642,3502
16,16,0.229645,0.333910,0.344766,0.320907,0.845153,5848,14816,2760,3400
16,16,0.228042,0.338560,0.344766,0.319154,1.475648,5846,14861,2715,3402
16,16,0.224053,0.350130,0.344766,0.317551,2.396026,5878,14936,2640,3370
16,16,0.229160,0.335316,0.344766,0.314159,1.802690,5764,14913,2663,3484
16,16,0.225395,0.346237,0.344766,0.323367,0.862682,5938,14840,2736,3310
16,16,0.230055,0.332721,0.344766,0.306778,0.831374,5653,15000,2576,3595
16,16,0.225134,0.346994,0.344766,0.319826,0.835328,5894,14891,2685,3354
16,16,0.228489,0.337262,0.344766,0.305659,0.827119,5659,15036,2540,3589
16,16,0.234007,0.321259,0.344766,0.309909,0.897047,5642,14905,2671,3606
16,16,0.226551,0.342885,0.344766,0.316321,0.878159,5828,14919,2657,3420
16,16,0.235945,0.315636,0.344766,0.311475,0.816275,5637,14858,2718,3611
16,16,0.219319,0.363862,0.344766,0.323404,0.792946,6020,14921,2655,3228
16,16,0.228415,0.337478,0.344766,0.319154,1.023337,5841,14856,2720,3407
16,16,0.236430,0.314230,0.344766,0.288548,0.803922,5323,15159,2417,3925
16,16,0.228527,0.337154,0.344766,0.319415,1.221277,5843,14851,2725,3405
16,16,0.225544,0.345804,0.344766,0.309126,0.816066,5745,15029,2547,3503
16,16,0.228340,0.337695,0.344766,0.304690,0.865830,5648,15051,2525,3600
16,16,0.225283,0.346561,0.344766,0.305808,0.818891,5704,15077,2499,3544
16,16,0.222003,0.356077,0.344766,0.328996,0.829326,6059,14810,2766,3189
16,16,0.232106,0.326773,0.344766,0.309126,0.830109,5657,14941,2635,3591
16,16,0.225283,0.346561,0.344766,0.321168,0.790757,5910,14871,2705,3338
16,16,0.232814,0.324719,0.344766,0.310431,0.837200,5665,14914,2662,3583
16,16,0.221294,0.358131,0.344766,0.318744,0.816380,5931,14957,2619,3317
16,16,0.236616,0.313689,0.344766,0.299247,0.839218,5464,15013,2563,3784
16,16,0.221481,0.357591,0.344766,0.326909,0.831758,6038,14845,2731,3210
16,16,0.225544,0.345804,0.344766,0.306442,0.803500,5709,15065,2511,3539
16,16,0.227035,0.341479,0.344766,0.313302,0.813103,5781,14953,2623,3467
16,16,0.232441,0.325800,0.344766,0.307299,0.824555,5628,14961,2615,3620
16,16,0.231024,0.329909,0.344766,0.315426,0.850216,5756,14871,2705,3492
16,16,0.222040,0.355969,0.344766,0.325977,1.700433,6018,14850,2726,3230
16,16,0.226961,0.341696,0.344766,0.314196,0.884709,5794,14942,2634,3454
16,16,0.228862,0.336181,0.344766,0.313339,0.831957,5757,14928,2648,3491
16,16,0.234156,0.320826,0.344766,0.317216,0.856126,5738,14805,2771,3510
16,16,0.228862,0.336181,0.344766,0.313935,0.817661,5765,14920,2656,3483
16,16,0.224575,0.348616,0.344766,0.326946,0.804342,5997,14803,2773,3251
16,16,0.226178,0.343966,0.344766,0.319676,0.831005,5878,14879,2697,3370
16,16,0.232255,0.326341,0.344766,0.307411,0.841492,5632,14962,2614,3616
16,16,0.225693,0.345372,0.344766,0.313376,0.819774,5800,14970,2606,3448
16,16,0.230577,0.331207,0.344766,0.302304,0.806500,5586,15053,2523,3662
16,16,0.223457,0.351860,0.344766,0.322547,0.825483,5953,14877,2699,3295
16,16,0.233000,0.324178,0.344766,0.313302,0.819963,5701,14873,2703,3547
16,16,0.221033,0.358888,0.344766,0.316992,0.821639,5911,14984,2592,3337
16,16,0.232180,0.326557,0.344766,0.305174,0.806681,5603,14993,2583,3645
16,16,0.227856,0.339100,0.344766,0.317477,0.822598,5826,14886,2690,3422
16,16,0.222003,0.356077,0.344766,0.320198,0.839050,5941,14928,2648,3307
16,16,0.222748,0.353914,0.344766,0.323404,0.813369,5974,14875,2701,3274
16,16,0.225582,0.345696,0.344766,0.309313,0.824749,5747,15026,2550,3501
16,16,0.222264,0.355320,0.344766,0.329556,0.845349,6063,14799,2777,3185
16,16,0.220996,0.358997,0.344766,0.322696,0.799119,5988,14908,2668,3260
16,16,0.225544,0.345804,0.344766,0.320981,0.842916,5904,14870,2706,3344
16,16,0.231285,0.329152,0.344766,0.311810,0.821970,5704,14916,2660,3544
16,16,0.228079,0.338452,0.344766,0.320534,0.816283,5864,14842,2734,3384
16,16,0.233597,0.322448,0.344766,0.305920,0.822535,5594,14964,2612,3654
16,16,0.228489,0.337262,0.344766,0.308642,0.812638,5699,14996,2580,3549
16,16,0.231956,0.327206,0.344766,0.307337,0.829680,5635,14967,2609,3613
16,16,0.227893,0.338992,0.344766,0.307821,0.810862,5696,15015,2561,3552
16,16,0.221965,0.356185,0.344766,0.324560,0.920719,6000,14870,2706,3248
16,16,0.226924,0.341804,0.344766,0.323330,2.491301,5917,14820,2756,3331
16,16,0.226663,0.342561,0.344766,0.315837,2.428898,5820,14924,2652,3428
16,16,0.223904,0.350562,0.344766,0.318073,1.850309,5887,14931,2645,3361
28,28,0.193595,0.438473,0.344766,0.341821,1.311835,6612,15019,2557,2636
28,28,0.196168,0.431012,0.344766,0.336788,1.377762,6510,15052,2524,2738
28,28,0.198889,0.423119,0.344766,0.337123,1.290492,6478,15011,2565,2770
28,28,0.193521,0.438689,0.344766,0.340851,1.490027,6600,15033,2543,2648
28,28,0.194826,0.434905,0.344766,0.337832,1.627462,6542,15056,2520,2706
28,28,0.198181,0.425173,0.344766,0.339770,3.516994,6523,14985,2591,2725
28,28,0.195534,0.432850,0.344766,0.338615,3.204006,6543,15036,2540,2705
28,28,0.196615,0.429715,0.344766,0.339323,1.503353,6538,15012,2564,2710
28,28,0.198479,0.424308,0.344766,0.335222,1.286141,6458,15042,2534,2790
28,28,0.193409,0.439014,0.344766,0.340367,1.301792,6595,15041,2535,2653
28,28,0.195720,0.432310,0.344766,0.340665,1.334104,6568,15006,2570,2680
28,28,0.200828,0.417496,0.344766,0.338689,1.367677,6473,14964,2612,2775
28,28,0.193744,0.438041,0.344766,0.338018,1.319003,6559,15068,2508,2689
28,28,0.195161,0.433932,0.344766,0.337422,1.331774,6532,15057,2519,2716
28,28,0.194714,0.435229,0.344766,0.338540,1.358538,6553,15048,2528,2695
28,28,0.198852,0.423227,0.344766,0.339398,1.324642,6509,14981,2595,2739
28,28,0.196168,0.431012,0.344766,0.339770,1.258852,6550,15012,2564,2698
28,28,0.200045,0.419766,0.344766,0.333060,1.287029,6408,15050,2526,2840
28,28,0.193894,0.437608,0.344766,0.340926,1.339974,6596,15027,2549,2652
28,28,0.194154,0.436851,0.344766,0.339248,1.355234,6570,15046,2530,2678
28,28,0.195683,0.432418,0.344766,0.338615,1.270886,6541,15034,2542,2707
28,28,0.200939,0.417171,0.344766,0.335073,1.278783,6423,15011,2565,2825
28,28,0.197547,0.427011,0.344766,0.335185,1.259410,6470,15055,2521,2778
28,28,0.192924,0.440420,0.344766,0.338913,1.320756,6582,15067,2509,2666
28,28,0.194453,0.435986,0.344766,0.337459,1.324235,6542,15066,2510,2706
28,28,0.197957,0.425822,0.344766,0.338503,1.341981,6509,15005,2571,2739
28,28,0.196279,0.430688,0.344766,0.342343,1.279832,6583,14976,2600,2665
28,28,0.194117,0.436959,0.344766,0.339137,1.319057,6569,15048,2528,2679
28,28,0.192850,0.440636,0.344766,0.342641,1.287425,6633,15018,2558,2615
28,28,0.196540,0.429931,0.344766,0.339248,1.289625,6538,15014,2562,2710
28,28,0.196354,0.430471,0.344766,0.338018,1.272223,6524,15033,2543,2724
28,28,0.190650,0.447016,0.344766,0.341634,1.276576,6649,15061,2515,2599
28,28,0.196801,0.429174,0.344766,0.340553,1.310498,6552,14993,2583,2696
28,28,0.195310,0.433499,0.344766,0.339509,1.311151,6558,15027,2549,2690
28,28,0.193595,0.438473,0.344766,0.340926,2.378813,6600,15031,2545,2648
28,28,0.193782,0.437933,0.344766,0.342082,2.715151,6613,15013,2563,2635
28,28,0.197137,0.428201,0.344766,0.337534,1.400753,6507,15029,2547,2741
28,28,0.192887,0.440528,0.344766,0.341112,2.218866,6612,15038,2538,2636
28,28,0.193894,0.437608,0.344766,0.340180,1.308959,6586,15037,2539,2662
28,28,0.194415,0.436094,0.344766,0.339584,1.298313,6571,15038,2538,2677
28,28,0.196876,0.428958,0.344766,0.341001,1.332003,6557,14986,2590,2691
28,28,0.196876,0.428958,0.344766,0.340851,1.374896,6555,14988,2588,2693
28,28,0.189681,0.449827,0.344766,0.342231,2.579151,6670,15066,2510,2578
28,28,0.199299,0.421929,0.344766,0.339323,2.358697,6502,14976,2600,2746
28,28,0.199150,0.422362,0.344766,0.335446,1.296443,6452,15030,2546,2796
28,28,0.194527,0.435770,0.344766,0.341560,1.312489,6596,15010,2566,2652
28,28,0.192365,0.442042,0.344766,0.343275,2.160154,6648,15016,2560,2600
28,28,0.197062,0.428417,0.344766,0.336639,1.558532,6496,15042,2534,2752
28,28,0.194751,0.435121,0.344766,0.336713,1.302884,6528,15072,2504,2720
28,28,0.200268,0.419118,0.344766,0.333060,1.750829,6405,15047,2529,2843
28,28,0.194826,0.434905,0.344766,0.339696,2.682654,6567,15031,2545,2681
28,28,0.194154,0.436851,0.344766,0.337534,1.344158,6547,15069,2507,2701
28,28,0.197622,0.426795,0.344766,0.336303,1.349234,6484,15039,2537,2764
28,28,0.197025,0.428525,0.344766,0.337347,1.293594,6506,15033,2543,2742
28,28,0.196503,0.430039,0.344766,0.336974,1.354127,6508,15045,2531,2740
28,28,0.194826,0.434905,0.344766,0.339770,1.312865,6568,15030,2546,2680
28,28,0.194154,0.436851,0.344766,0.341112,1.307209,6595,15021,2555,2653
28,28,0.199858,0.420307,0.344766,0.338242,1.319486,6480,14983,2593,2768
28,28,0.192850,0.440636,0.344766,0.338689,1.362871,6580,15071,2505,2668
28,28,0.194005,0.437284,0.344766,0.340591,1.348457,6590,15030,2546,2658
28,28,0.192402,0.441933,0.344766,0.339659,1.336001,6599,15064,2512,2649
28,28,0.201685,0.415009,0.344766,0.331867,1.351848,6370,15044,2532,2878
28,28,0.194565,0.435662,0.344766,0.338987,1.339728,6561,15044,2532,2687
28,28,0.199113,0.422470,0.344766,0.332799,1.316808,6417,15066,2510,2831
28,28,0.201126,0.416631,0.344766,0.337944,2.806929,6459,14970,2606,2789
28,28,0.199448,0.421497,0.344766,0.337384,3.535283,6474,15000,2576,2774
28,28,0.194117,0.436959,0.344766,0.340180,1.246806,6583,15034,2542,2665
28,28,0.195049,0.434256,0.344766,0.338652,1.283098,6550,15042,2534,2698
28,28,0.195683,0.432418,0.344766,0.339808,1.320728,6557,15018,2558,2691
28,28,0.192253,0.442366,0.344766,0.341448,1.286906,6625,15042,2534,2623
28,28,0.193111,0.439879,0.344766,0.341262,1.245354,6611,15033,2543,2637
28,28,0.195236,0.433715,0.344766,0.337645,1.255821,6534,15053,2523,2714
28,28,0.199746,0.420631,0.344766,0.334477,1.655432,6431,15035,2541,2817
28,28,0.194005,0.437284,0.344766,0.339696,1.286709,6578,15042,2534,2670
28,28,0.195161,0.433932,0.344766,0.338391,1.553646,6545,15044,2532,2703
28,28,0.193782,0.437933,0.344766,0.341336,3.579310,6603,15023,2553,2645
28,28,0.192775,0.440852,0.344766,0.341448,3.617166,6618,15035,2541,2630
28,28,0.198442,0.424416,0.344766,0.335334,2.313736,6460,15041,2535,2788
28,28,0.192850,0.440636,0.344766,0.341224,1.750119,6614,15037,2539,2634
28,28,0.193446,0.438906,0.344766,0.339062,1.334643,6577,15058,2518,2671
28,28,0.191992,0.443123,0.344766,0.341187,1.254214,6625,15049,2527,2623
28,28,0.195758,0.432202,0.344766,0.340926,1.255133,6571,15002,2574,2677
28,28,0.197062,0.428417,0.344766,0.338354,1.315826,6519,15019,2557,2729
28,28,0.194043,0.437176,0.344766,0.337571,1.255180,6549,15070,2506,2699
28,28,0.198255,0.424957,0.344766,0.336191,1.306413,6474,15032,2544,2774
28,28,0.195534,0.432850,0.344766,0.338018,1.352010,6535,15044,2532,2713
28,28,0.193968,0.437392,0.344766,0.340404,1.680124,6588,15033,2543,2660
28,28,0.197622,0.426795,0.344766,0.338913,1.348030,6519,15004,2572,2729
28,28,0.195236,0.433715,0.344766,0.340628,1.341040,6574,15013,2563,2674
28,28,0.195795,0.432093,0.344766,0.340814,1.409085,6569,15003,2573,2679
28,28,0.199784,0.420523,0.344766,0.335856,1.354508,6449,15016,2560,2799
28,28,0.191396,0.444853,0.344766,0.341783,1.954235,6641,15049,2527,2607
28,28,0.195161,0.433932,0.344766,0.339957,1.355820,6566,15023,2553,2682
28,28,0.197398,0.427444,0.344766,0.338466,1.307856,6516,15013,2563,2732
28,28,0.198442,0.424416,0.344766,0.336602,1.381985,6477,15024,2552,2771
28,28,0.194192,0.436743,0.344766,0.339062,1.510104,6567,15048,2528,2681
28,28,0.198442,0.424416,0.344766,0.340479,1.489611,6529,14972,2604,2719
28,28,0.196056,0.431337,0.344766,0.340255,1.360524,6558,15007,2569,2690
28,28,0.200790,0.417604,0.344766,0.329779,1.274840,6354,15084,2492,2894
28,28,0.196578,0.429823,0.344766,0.338764,1.292645,6531,15020,2556,2717
