1,1,0.176547,0.176542,0.214397,0.099674,0.060533,2111,23169,949,4471
1,1,0.176678,0.175934,0.214397,0.107492,0.061102,2229,23047,1071,4353
1,1,0.192345,0.102856,0.214397,0.098143,0.062367,1845,22950,1168,4737
1,1,0.207362,0.032817,0.214397,0.041954,0.059743,752,23582,536,5830
1,1,0.200391,0.065330,0.214397,0.048013,0.061160,952,23596,522,5630
1,1,0.208404,0.027955,0.214397,0.038306,0.061393,680,23622,496,5902
1,1,0.204821,0.044667,0.214397,0.038306,0.060926,735,23677,441,5847
1,1,0.189446,0.116378,0.214397,0.093160,0.061500,1813,23071,1047,4769
1,1,0.198762,0.072926,0.214397,0.064495,0.061004,1230,23368,750,5352
1,1,0.197264,0.079915,0.214397,0.085407,0.061014,1574,23070,1048,5008
1,1,0.199023,0.071711,0.214397,0.045733,0.060713,938,23652,466,5644
1,1,0.207818,0.030690,0.214397,0.037524,0.060525,677,23643,475,5905
1,1,0.196417,0.083865,0.214397,0.077394,0.060275,1464,23206,912,5118
1,1,0.202020,0.057733,0.214397,0.056091,0.059805,1051,23447,671,5531
1,1,0.177459,0.172288,0.214397,0.098893,0.061471,2085,23167,951,4497
1,1,0.201238,0.061380,0.214397,0.062345,0.061694,1159,23363,755,5423
1,1,0.176580,0.176390,0.214397,0.116971,0.076702,2376,22903,1215,4206
1,1,0.205505,0.041477,0.214397,0.035016,0.082586,674,23717,401,5908
1,1,0.203583,0.050441,0.214397,0.067036,0.063005,1195,23255,863,5387
1,1,0.204951,0.044060,0.214397,0.036938,0.062281,712,23696,422,5870
1,1,0.197948,0.076724,0.214397,0.054691,0.060816,1092,23531,587,5490
1,1,0.205668,0.040717,0.214397,0.029316,0.061131,584,23802,316,5998
1,1,0.202085,0.057429,0.214397,0.038111,0.060151,774,23722,396,5808
1,1,0.188925,0.118809,0.214397,0.094593,0.060336,1843,23057,1061,4739
1,1,0.210554,0.017928,0.214397,0.021498,0.059165,389,23847,271,6193
1,1,0.186319,0.130963,0.214397,0.091010,0.061430,1828,23152,966,4754
1,1,0.204756,0.044971,0.214397,0.038958,0.061214,746,23668,450,5836
1,1,0.206319,0.037679,0.214397,0.025016,0.060738,508,23858,260,6074
1,1,0.176743,0.175631,0.214397,0.109446,0.061827,2258,23016,1102,4324
1,1,0.193420,0.097843,0.214397,0.094397,0.061634,1771,22991,1127,4811
1,1,0.203127,0.052568,0.214397,0.068925,0.061609,1231,23233,885,5351
1,1,0.213029,0.006381,0.214397,0.001954,0.059646,51,24109,9,6531
1,1,0.177036,0.174263,0.214397,0.106026,0.060408,2201,23064,1054,4381
1,1,0.191466,0.106958,0.214397,0.088860,0.059856,1716,23106,1012,4866
1,1,0.201303,0.061076,0.214397,0.032964,0.061671,707,23813,305,5875
1,1,0.206319,0.037679,0.214397,0.025016,0.061478,508,23858,260,6074
1,1,0.178502,0.167426,0.214397,0.101759,0.059813,2113,23107,1011,4469
1,1,0.178208,0.168794,0.214397,0.107394,0.059539,2204,23025,1093,4378
1,1,0.199772,0.068216,0.214397,0.048046,0.059883,962,23605,513,5620
1,1,0.198502,0.074142,0.214397,0.073420,0.061811,1371,23235,883,5211
1,1,0.193420,0.097843,0.214397,0.094397,0.060521,1771,22991,1127,4811
1,1,0.188990,0.118505,0.214397,0.095309,0.061932,1853,23045,1073,4729
1,1,0.210684,0.017320,0.214397,0.007622,0.063163,174,24058,60,6408
1,1,0.208404,0.027955,0.214397,0.038306,0.063372,680,23622,496,5902
1,1,0.205831,0.039957,0.214397,0.023616,0.062685,494,23887,231,6088
1,1,0.179935,0.160741,0.214397,0.095765,0.062708,1999,23177,941,4583
1,1,0.206840,0.035248,0.214397,0.029967,0.061760,576,23774,344,6006
1,1,0.201173,0.061683,0.214397,0.049251,0.062084,959,23565,553,5623
1,1,0.200391,0.065330,0.214397,0.042280,0.062016,864,23684,434,5718
1,1,0.202215,0.056822,0.214397,0.031661,0.060546,673,23819,299,5909
1,1,0.198599,0.073686,0.214397,0.056189,0.061421,1105,23498,620,5477
1,1,0.205896,0.039654,0.214397,0.036645,0.062352,693,23686,432,5889
1,1,0.201726,0.059101,0.214397,0.035212,0.062393,735,23772,346,5847
1,1,0.204560,0.045883,0.214397,0.038958,0.062363,749,23671,447,5833
1,1,0.209577,0.022486,0.214397,0.023453,0.061729,434,23832,286,6148
1,1,0.198599,0.073686,0.214397,0.056189,0.062812,1105,23498,620,5477
1,1,0.203583,0.050441,0.214397,0.027818,0.061730,593,23857,261,5989
1,1,0.205668,0.040717,0.214397,0.029316,0.065204,584,23802,316,5998
1,1,0.182606,0.148283,0.214397,0.092508,0.061693,1908,23186,932,4674
1,1,0.190098,0.113339,0.214397,0.096743,0.060234,1858,23006,1112,4724
1,1,0.209381,0.023397,0.214397,0.023713,0.081971,441,23831,287,6141
1,1,0.203844,0.049225,0.214397,0.022345,0.093020,505,23937,181,6077
1,1,0.202866,0.053783,0.214397,0.029316,0.066630,627,23845,273,5955
1,1,0.204984,0.043908,0.214397,0.056189,0.068468,1007,23400,718,5575
1,1,0.200847,0.063203,0.214397,0.040456,0.072182,829,23705,413,5753
1,1,0.213160,0.005773,0.214397,0.001954,0.062452,49,24107,11,6533
1,1,0.213029,0.006381,0.214397,0.001954,0.061486,51,24109,9,6531
1,1,0.204495,0.046187,0.214397,0.058632,0.068831,1052,23370,748,5530
1,1,0.213127,0.005925,0.214397,0.002443,0.068081,57,24100,18,6525
1,1,0.176352,0.177454,0.214397,0.103192,0.068100,2168,23118,1000,4414
1,1,0.210033,0.020359,0.214397,0.010554,0.063162,229,24023,95,6353
1,1,0.177264,0.173200,0.214397,0.099023,0.074889,2090,23168,950,4492
1,1,0.206547,0.036615,0.214397,0.039577,0.063106,728,23631,487,5854
1,1,0.197883,0.077028,0.214397,0.089153,0.061180,1622,23003,1115,4960
1,1,0.205668,0.040717,0.214397,0.029316,0.061439,584,23802,316,5998
1,1,0.176906,0.174871,0.214397,0.114235,0.059965,2329,22940,1178,4253
1,1,0.198762,0.072926,0.214397,0.079349,0.060412,1458,23140,978,5124
1,1,0.210163,0.019751,0.214397,0.013616,0.061167,274,23974,144,6308
1,1,0.180489,0.158159,0.214397,0.099186,0.060754,2043,23116,1002,4539
1,1,0.206319,0.037679,0.214397,0.025016,0.059133,508,23858,260,6074
1,1,0.194691,0.091917,0.214397,0.096645,0.060379,1786,22937,1181,4796
1,1,0.196938,0.081434,0.214397,0.046319,0.060891,979,23675,443,5603
1,1,0.200130,0.066545,0.214397,0.039870,0.061501,831,23725,393,5751
1,1,0.213127,0.005925,0.214397,0.002443,0.060989,57,24100,18,6525
1,1,0.200033,0.067001,0.214397,0.048697,0.059778,968,23591,527,5614
1,1,0.176547,0.176542,0.214397,0.099674,0.060239,2111,23169,949,4471
1,1,0.203257,0.051960,0.214397,0.022345,0.060456,514,23946,172,6068
1,1,0.201042,0.062291,0.214397,0.050945,0.059170,987,23541,577,5595
1,1,0.199837,0.067912,0.214397,0.053192,0.060476,1040,23525,593,5542
1,1,0.176612,0.176238,0.214397,0.099023,0.060614,2100,23178,940,4482
1,1,0.176678,0.175934,0.214397,0.107492,0.059832,2229,23047,1071,4353
1,1,0.200130,0.066545,0.214397,0.038697,0.059653,813,23743,375,5769
1,1,0.204951,0.044060,0.214397,0.036938,0.059735,712,23696,422,5870
1,1,0.197915,0.076876,0.214397,0.043974,0.061708,928,23696,422,5654
1,1,0.205831,0.039957,0.214397,0.023616,0.059826,494,23887,231,6088
1,1,0.201694,0.059253,0.214397,0.038958,0.058752,793,23715,403,5789
1,1,0.207622,0.031601,0.214397,0.042345,0.059368,754,23572,546,5828
1,1,0.203453,0.051048,0.214397,0.023257,0.060312,525,23929,189,6057
1,1,0.193811,0.096019,0.214397,0.093876,0.062442,1757,22993,1125,4825
1,1,0.192378,0.102704,0.214397,0.083844,0.059370,1625,23169,949,4957
2,2,0.177980,0.169857,0.214397,0.117850,0.075365,2368,22868,1250,4214
2,2,0.177296,0.173048,0.214397,0.108893,0.075435,2241,23016,1102,4341
2,2,0.192964,0.099970,0.214397,0.050749,0.074518,1108,23668,450,5474
2,2,0.194169,0.094348,0.214397,0.099186,0.075437,1833,22906,1212,4749
2,2,0.183518,0.144029,0.214397,0.135700,0.076475,2557,22509,1609,4025
2,2,0.194495,0.092829,0.214397,0.078860,0.075968,1516,23213,905,5066
2,2,0.172671,0.194622,0.214397,0.138274,0.075788,2763,22636,1482,3819
2,2,0.195798,0.086752,0.214397,0.063355,0.076180,1258,23431,687,5324
2,2,0.186287,0.131115,0.214397,0.098143,0.075135,1938,23043,1075,4644
2,2,0.184951,0.137344,0.214397,0.109902,0.074777,2139,22883,1235,4443
2,2,0.165407,0.228502,0.214397,0.164169,0.074890,3272,22350,1768,3310
2,2,0.190814,0.109997,0.214397,0.093876,0.088872,1803,23039,1079,4779
2,2,0.194332,0.093589,0.214397,0.051466,0.091998,1098,23636,482,5484
2,2,0.198925,0.072167,0.214397,0.071889,0.080087,1341,23252,866,5241
2,2,0.196840,0.081890,0.214397,0.096450,0.078702,1750,22907,1211,4832
2,2,0.174528,0.185962,0.214397,0.103974,0.076818,2208,23134,984,4374
2,2,0.189805,0.114707,0.214397,0.082769,0.078880,1648,23225,893,4934
2,2,0.160423,0.251747,0.214397,0.157818,0.078370,3251,22524,1594,3331
2,2,0.176808,0.175327,0.214397,0.125668,0.078422,2506,22766,1352,4076
2,2,0.191368,0.107414,0.214397,0.089023,0.078217,1720,23105,1013,4862
2,2,0.173355,0.191431,0.214397,0.108599,0.075226,2297,23081,1037,4285
2,2,0.183062,0.146156,0.214397,0.115375,0.074947,2252,22828,1290,4330
2,2,0.183941,0.142054,0.214397,0.131433,0.074602,2485,22568,1550,4097
2,2,0.187752,0.124278,0.214397,0.115309,0.074682,2179,22757,1361,4403
2,2,0.173681,0.189912,0.214397,0.113550,0.074405,2368,23000,1118,4214
2,2,0.191107,0.108630,0.214397,0.100098,0.076183,1894,22939,1179,4688
2,2,0.168567,0.213765,0.214397,0.139316,0.075101,2842,22683,1435,3740
2,2,0.187687,0.124582,0.214397,0.101303,0.075065,1965,22973,1145,4617
2,2,0.185700,0.133850,0.214397,0.122638,0.075885,2323,22676,1442,4259
2,2,0.195309,0.089031,0.214397,0.100912,0.080067,1842,22862,1256,4740
2,2,0.170293,0.205713,0.214397,0.125863,0.075100,2609,22863,1255,3973
2,2,0.199674,0.068672,0.214397,0.041433,0.077753,862,23708,410,5720
2,2,0.191303,0.107718,0.214397,0.115993,0.076333,2135,22692,1426,4447
2,2,0.174463,0.186266,0.214397,0.109446,0.074966,2293,23051,1067,4289
2,2,0.174560,0.185810,0.214397,0.133518,0.078678,2661,22680,1438,3921
2,2,0.193876,0.095716,0.214397,0.072638,0.076291,1430,23318,800,5152
2,2,0.191107,0.108630,0.214397,0.118143,0.076946,2171,22662,1456,4411
2,2,0.185993,0.132483,0.214397,0.119935,0.078146,2277,22713,1405,4305
2,2,0.193453,0.097691,0.214397,0.088111,0.077255,1674,23087,1031,4908
2,2,0.190391,0.111972,0.214397,0.115928,0.075874,2148,22707,1411,4434
2,2,0.172443,0.195685,0.214397,0.123388,0.078105,2538,22868,1250,4044
2,2,0.183094,0.146004,0.214397,0.123029,0.076651,2369,22710,1408,4213
2,2,0.169186,0.210878,0.214397,0.120195,0.074617,2539,22967,1151,4043
2,2,0.196938,0.081434,0.214397,0.075700,0.078697,1430,23224,894,5152
2,2,0.180293,0.159070,0.214397,0.136254,0.079055,2615,22550,1568,3967
2,2,0.164560,0.232452,0.214397,0.133876,0.077093,2820,22828,1290,3762
2,2,0.201368,0.060772,0.214397,0.053941,0.077477,1028,23490,628,5554
2,2,0.161433,0.247037,0.214397,0.140521,0.078938,2970,22774,1344,3612
2,2,0.196971,0.081282,0.214397,0.053062,0.077318,1082,23571,547,5500
2,2,0.199186,0.070951,0.214397,0.064658,0.077368,1226,23359,759,5356
2,2,0.199674,0.068672,0.214397,0.032443,0.076305,724,23846,272,5858
2,2,0.173094,0.192647,0.214397,0.109446,0.076481,2314,23072,1046,4268
2,2,0.186743,0.128988,0.214397,0.097231,0.075819,1917,23050,1068,4665
2,2,0.165928,0.226071,0.214397,0.121954,0.074489,2616,22990,1128,3966
2,2,0.168274,0.215132,0.214397,0.122671,0.074079,2591,22943,1175,3991
2,2,0.169772,0.208143,0.214397,0.136808,0.073433,2785,22703,1415,3797
2,2,0.195765,0.086904,0.214397,0.087557,0.074811,1630,23060,1058,4952
2,2,0.173192,0.192191,0.214397,0.118143,0.075328,2446,22937,1181,4136
2,2,0.185016,0.137040,0.214397,0.115309,0.079197,2221,22799,1319,4361
2,2,0.193876,0.095716,0.214397,0.083062,0.079463,1590,23158,960,4992
2,2,0.188893,0.118961,0.214397,0.090977,0.077056,1788,23113,1005,4794
2,2,0.185961,0.132634,0.214397,0.104593,0.073420,2042,22949,1169,4540
2,2,0.200847,0.063203,0.214397,0.058046,0.076858,1099,23435,683,5483
2,2,0.167687,0.217867,0.214397,0.131987,0.074971,2743,22809,1309,3839
2,2,0.186743,0.128988,0.214397,0.097231,0.076827,1917,23050,1068,4665
2,2,0.195635,0.087511,0.214397,0.082150,0.078024,1549,23145,973,5033
2,2,0.198371,0.074749,0.214397,0.056352,0.078580,1111,23499,619,5471
2,2,0.168371,0.214676,0.214397,0.120228,0.076341,2552,22979,1139,4030
2,2,0.176221,0.178061,0.214397,0.099674,0.077041,2116,23174,944,4466
2,2,0.173974,0.188545,0.214397,0.110326,0.075706,2314,23045,1073,4268
2,2,0.170163,0.206320,0.214397,0.128339,0.075334,2649,22827,1291,3933
2,2,0.175407,0.181860,0.214397,0.111238,0.076699,2306,23009,1109,4276
2,2,0.197166,0.080371,0.214397,0.041987,0.076404,909,23738,380,5673
2,2,0.196319,0.084321,0.214397,0.059707,0.077881,1194,23479,639,5388
2,2,0.204756,0.044971,0.214397,0.033811,0.075726,667,23747,371,5915
2,2,0.173225,0.192039,0.214397,0.119609,0.077693,2468,22914,1204,4114
2,2,0.205309,0.042388,0.214397,0.046417,0.077105,852,23545,573,5730
2,2,0.170326,0.205561,0.214397,0.144528,0.075988,2895,22576,1542,3687
2,2,0.175375,0.182012,0.214397,0.108339,0.075654,2262,23054,1064,4320
2,2,0.170261,0.205864,0.214397,0.123355,0.076459,2571,22902,1216,4011
2,2,0.173616,0.190216,0.214397,0.106840,0.077869,2266,23104,1014,4316
2,2,0.165472,0.228198,0.214397,0.136678,0.076482,2849,22771,1347,3733
2,2,0.179153,0.164388,0.214397,0.137199,0.074612,2647,22553,1565,3935
2,2,0.178469,0.167578,0.214397,0.127134,0.075279,2503,22718,1400,4079
2,2,0.196547,0.083257,0.214397,0.071466,0.075181,1371,23295,823,5211
2,2,0.197752,0.077636,0.214397,0.059772,0.075574,1173,23456,662,5409
2,2,0.166189,0.224856,0.214397,0.137850,0.074030,2856,22742,1376,3726
2,2,0.193127,0.099210,0.214397,0.087329,0.076079,1667,23104,1014,4915
2,2,0.173290,0.191735,0.214397,0.105407,0.074362,2249,23131,987,4333
2,2,0.193355,0.098146,0.214397,0.052964,0.076217,1136,23628,490,5446
2,2,0.189805,0.114707,0.214397,0.108762,0.078775,2047,22826,1292,4535
2,2,0.184658,0.138712,0.214397,0.111173,0.077198,2163,22868,1250,4419
2,2,0.201498,0.060164,0.214397,0.050684,0.076144,976,23538,580,5606
2,2,0.190489,0.111516,0.214397,0.071466,0.077086,1464,23388,730,5118
2,2,0.168274,0.215132,0.214397,0.120521,0.073898,2558,22976,1142,4024
2,2,0.171596,0.199635,0.214397,0.137329,0.077549,2765,22667,1451,3817
2,2,0.166873,0.221665,0.214397,0.134756,0.075268,2798,22779,1339,3784
2,2,0.180293,0.159070,0.214397,0.123811,0.075953,2424,22741,1377,4158
2,2,0.208208,0.028867,0.214397,0.029642,0.078504,550,23758,360,6032
2,2,0.189414,0.116530,0.214397,0.115603,0.078511,2158,22727,1391,4424
4,4,0.179218,0.164084,0.214397,0.100261,0.109917,2079,23119,999,4503
4,4,0.175831,0.179885,0.214397,0.160456,0.110539,3055,22247,1871,3527
4,4,0.167134,0.220450,0.214397,0.164202,0.108797,3246,22323,1795,3336
4,4,0.189837,0.114555,0.214397,0.062215,0.110888,1332,23540,578,5250
4,4,0.167427,0.219082,0.214397,0.125733,0.107553,2651,22909,1209,3931
4,4,0.162704,0.241112,0.214397,0.167590,0.107250,3366,22339,1779,3216
4,4,0.156384,0.270586,0.214397,0.149088,0.106593,3179,22720,1398,3403
4,4,0.156189,0.271498,0.214397,0.145700,0.106345,3130,22775,1343,3452
4,4,0.154853,0.277727,0.214397,0.163257,0.106602,3420,22526,1592,3162
4,4,0.153127,0.285779,0.214397,0.160749,0.103735,3408,22591,1527,3174
4,4,0.160033,0.253570,0.214397,0.140684,0.106526,2994,22793,1325,3588
4,4,0.160814,0.249924,0.214397,0.163290,0.106716,3329,22434,1684,3253
4,4,0.151140,0.295047,0.214397,0.164104,0.103216,3490,22570,1548,3092
4,4,0.160879,0.249620,0.214397,0.164397,0.111510,3345,22416,1702,3237
4,4,0.172997,0.193102,0.214397,0.161401,0.111805,3113,22276,1842,3469
4,4,0.153550,0.283804,0.214397,0.163257,0.115496,3440,22546,1572,3142
4,4,0.163029,0.239593,0.214397,0.128502,0.108535,2761,22934,1184,3821
4,4,0.157329,0.266180,0.214397,0.127101,0.108017,2827,23043,1075,3755
4,4,0.148860,0.305682,0.214397,0.170554,0.110314,3624,22506,1612,2958
4,4,0.171629,0.199483,0.214397,0.148958,0.107516,2943,22488,1630,3639
4,4,0.156059,0.272106,0.214397,0.163225,0.109559,3401,22508,1610,3181
4,4,0.160521,0.251291,0.214397,0.152573,0.108697,3169,22603,1515,3413
4,4,0.153974,0.281829,0.214397,0.153713,0.105850,3287,22686,1432,3295
4,4,0.185244,0.135977,0.214397,0.120554,0.109106,2298,22715,1403,4284
4,4,0.176743,0.175631,0.214397,0.138762,0.110482,2708,22566,1552,3874
4,4,0.152085,0.290641,0.214397,0.155668,0.107403,3346,22685,1433,3236
4,4,0.155700,0.273777,0.214397,0.148404,0.108845,3179,22741,1377,3403
4,4,0.148436,0.307657,0.214397,0.171694,0.108532,3648,22495,1623,2934
4,4,0.162150,0.243695,0.214397,0.150033,0.105525,3105,22617,1501,3477
4,4,0.182508,0.148739,0.214397,0.097427,0.110702,1985,23112,1006,4597
4,4,0.157166,0.266940,0.214397,0.167980,0.108406,3457,22418,1700,3125
4,4,0.151173,0.294895,0.214397,0.155668,0.105484,3360,22699,1419,3222
4,4,0.158795,0.259344,0.214397,0.145440,0.105941,3086,22739,1379,3496
4,4,0.178241,0.168642,0.214397,0.098111,0.111510,2061,23167,951,4521
4,4,0.159609,0.255545,0.214397,0.139674,0.106580,2985,22815,1303,3597
4,4,0.151726,0.292312,0.214397,0.157068,0.106807,3373,22669,1449,3209
4,4,0.180977,0.155880,0.214397,0.134072,0.114422,2571,22573,1545,4011
4,4,0.186678,0.129292,0.214397,0.136840,0.110569,2526,22443,1675,4056
4,4,0.186678,0.129292,0.214397,0.056124,0.110672,1287,23682,436,5295
4,4,0.171075,0.202066,0.214397,0.123257,0.108220,2557,22891,1227,4025
4,4,0.152443,0.288970,0.214397,0.158046,0.110690,3377,22643,1475,3205
4,4,0.160423,0.251747,0.214397,0.132997,0.106954,2870,22905,1213,3712
4,4,0.171596,0.199635,0.214397,0.129967,0.108952,2652,22780,1338,3930
4,4,0.168208,0.215436,0.214397,0.148078,0.110467,2982,22554,1564,3600
4,4,0.168730,0.213005,0.214397,0.117134,0.104864,2499,23021,1097,4083
4,4,0.162899,0.240201,0.214397,0.152541,0.106423,3132,22567,1551,3450
4,4,0.175407,0.181860,0.214397,0.120554,0.106059,2449,22866,1252,4133
4,4,0.175179,0.182923,0.214397,0.111205,0.109858,2309,23013,1105,4273
4,4,0.181336,0.154208,0.214397,0.094300,0.109444,1955,23178,940,4627
4,4,0.176971,0.174567,0.214397,0.132215,0.107284,2604,22663,1455,3978
4,4,0.156026,0.272258,0.214397,0.175961,0.106614,3597,22313,1805,2985
4,4,0.164332,0.233516,0.214397,0.136906,0.104023,2870,22785,1333,3712
4,4,0.169805,0.207991,0.214397,0.153713,0.107608,3044,22443,1675,3538
4,4,0.160912,0.249468,0.214397,0.158502,0.105545,3254,22506,1612,3328
4,4,0.166873,0.221665,0.214397,0.150586,0.109147,3041,22536,1582,3541
4,4,0.155635,0.274081,0.214397,0.158111,0.104271,3329,22593,1525,3253
4,4,0.163974,0.235187,0.214397,0.143909,0.108041,2983,22683,1435,3599
4,4,0.159349,0.256761,0.214397,0.149642,0.111568,3142,22666,1452,3440
4,4,0.159218,0.257369,0.214397,0.161303,0.109087,3323,22489,1629,3259
4,4,0.174039,0.188241,0.214397,0.164658,0.113712,3147,22210,1908,3435
4,4,0.151238,0.294591,0.214397,0.169739,0.103328,3575,22482,1636,3007
4,4,0.168697,0.213157,0.214397,0.154691,0.109431,3076,22445,1673,3506
4,4,0.150195,0.299453,0.214397,0.158534,0.105410,3419,22670,1448,3163
4,4,0.172736,0.194318,0.214397,0.130521,0.105668,2643,22754,1364,3939
4,4,0.168241,0.215284,0.214397,0.150912,0.106259,3025,22510,1608,3557
4,4,0.156287,0.271042,0.214397,0.155049,0.105008,3272,22630,1488,3310
4,4,0.155993,0.272410,0.214397,0.168632,0.103890,3485,22426,1692,3097
4,4,0.161661,0.245974,0.214397,0.136710,0.106019,2908,22829,1289,3674
4,4,0.152606,0.288210,0.214397,0.163225,0.106725,3454,22561,1557,3128
4,4,0.183648,0.143421,0.214397,0.133941,0.109670,2528,22534,1584,4054
4,4,0.147003,0.314342,0.214397,0.160945,0.103912,3505,22682,1436,3077
4,4,0.164658,0.231996,0.214397,0.123094,0.106030,2653,22992,1126,3929
4,4,0.154104,0.281222,0.214397,0.166287,0.104874,3478,22491,1627,3104
4,4,0.175668,0.180644,0.214397,0.143355,0.108494,2795,22512,1606,3787
4,4,0.151629,0.292768,0.214397,0.160619,0.102490,3429,22616,1502,3153
4,4,0.178664,0.166667,0.214397,0.138599,0.108448,2676,22539,1579,3906
4,4,0.148404,0.307809,0.214397,0.176743,0.105702,3726,22418,1700,2856
4,4,0.161596,0.246278,0.214397,0.131368,0.106444,2827,22912,1206,3755
4,4,0.158795,0.259344,0.214397,0.149739,0.104879,3152,22673,1445,3430
4,4,0.173844,0.189152,0.214397,0.115863,0.111769,2401,22962,1156,4181
4,4,0.155537,0.274537,0.214397,0.141726,0.108692,3079,22846,1272,3503
4,4,0.154397,0.279854,0.214397,0.135505,0.105615,3001,22959,1159,3581
4,4,0.169511,0.209359,0.214397,0.114658,0.107967,2449,23047,1071,4133
4,4,0.142964,0.333181,0.214397,0.179837,0.107843,3857,22454,1664,2725
4,4,0.157883,0.263598,0.214397,0.162117,0.105171,3356,22497,1621,3226
4,4,0.144495,0.326041,0.214397,0.175570,0.107698,3768,22496,1622,2814
4,4,0.187687,0.124582,0.214397,0.127687,0.111767,2370,22568,1550,4212
4,4,0.156938,0.268004,0.214397,0.147166,0.109587,3141,22741,1377,3441
4,4,0.164072,0.234731,0.214397,0.141726,0.105745,2948,22715,1403,3634
4,4,0.174658,0.185354,0.214397,0.147036,0.108668,2867,22471,1647,3715
4,4,0.150619,0.297478,0.214397,0.162671,0.105548,3476,22600,1518,3106
4,4,0.155635,0.274081,0.214397,0.155114,0.110429,3283,22639,1479,3299
4,4,0.163420,0.237770,0.214397,0.130000,0.110652,2778,22905,1213,3804
4,4,0.157003,0.267700,0.214397,0.147948,0.111015,3152,22728,1390,3430
4,4,0.155863,0.273017,0.214397,0.152280,0.106666,3236,22679,1439,3346
4,4,0.167296,0.219690,0.214397,0.165928,0.108035,3270,22294,1824,3312
4,4,0.158436,0.261015,0.214397,0.151205,0.104366,3180,22656,1462,3402
4,4,0.168534,0.213917,0.214397,0.161173,0.106747,3178,22348,1770,3404
4,4,0.175114,0.183227,0.214397,0.124300,0.109203,2511,22813,1305,4071
4,4,0.155049,0.276816,0.214397,0.160391,0.105352,3373,22567,1551,3209
8,8,0.145505,0.321331,0.214397,0.182378,0.174291,3857,22376,1742,2725
8,8,0.141661,0.339259,0.214397,0.185244,0.171554,3960,22391,1727,2622
8,8,0.132671,0.381191,0.214397,0.192410,0.168347,4208,22419,1699,2374
8,8,0.132932,0.379976,0.214397,0.194625,0.178940,4238,22381,1737,2344
8,8,0.138664,0.353236,0.214397,0.177883,0.167836,3893,22550,1568,2689
8,8,0.143616,0.330143,0.214397,0.165896,0.171361,3633,22658,1460,2949
8,8,0.139642,0.348678,0.214397,0.187134,0.170666,4020,22393,1725,2562
8,8,0.144169,0.327560,0.214397,0.187036,0.167085,3949,22325,1793,2633
8,8,0.128111,0.402461,0.214397,0.199967,0.161487,4394,22373,1745,2188
8,8,0.143974,0.328472,0.214397,0.174332,0.167145,3757,22523,1595,2825
8,8,0.133941,0.375266,0.214397,0.171661,0.168476,3870,22718,1400,2712
8,8,0.147818,0.310544,0.214397,0.151857,0.164496,3353,22809,1309,3229
8,8,0.135505,0.367973,0.214397,0.169251,0.164268,3809,22731,1387,2773
8,8,0.139414,0.349742,0.214397,0.177655,0.173252,3878,22542,1576,2704
8,8,0.134593,0.372227,0.214397,0.192052,0.167185,4173,22395,1723,2409
8,8,0.138371,0.354603,0.214397,0.191401,0.163014,4105,22347,1771,2477
8,8,0.145081,0.323306,0.214397,0.173160,0.168462,3722,22524,1594,2860
8,8,0.146156,0.318292,0.214397,0.180228,0.172764,3814,22399,1719,2768
8,8,0.137459,0.358857,0.214397,0.188599,0.178287,4076,22404,1714,2506
8,8,0.144658,0.325281,0.214397,0.170586,0.169847,3689,22570,1548,2893
8,8,0.132541,0.381799,0.214397,0.189218,0.164749,4161,22470,1648,2421
8,8,0.135993,0.365694,0.214397,0.168502,0.176482,3790,22735,1383,2792
8,8,0.132476,0.382103,0.214397,0.173713,0.168326,3924,22709,1409,2658
8,8,0.135537,0.367821,0.214397,0.185049,0.166950,4051,22488,1630,2531
8,8,0.145440,0.321635,0.214397,0.172215,0.170463,3702,22533,1585,2880
8,8,0.139349,0.350046,0.214397,0.180326,0.164707,3920,22502,1616,2662
8,8,0.146287,0.317685,0.214397,0.170717,0.164222,3666,22543,1575,2916
8,8,0.137915,0.356730,0.214397,0.175049,0.166713,3861,22605,1513,2721
8,8,0.130717,0.390307,0.214397,0.191759,0.165044,4228,22459,1659,2354
8,8,0.150814,0.296566,0.214397,0.157068,0.163133,3387,22683,1435,3195
8,8,0.131792,0.385293,0.214397,0.194267,0.164236,4250,22404,1714,2332
8,8,0.135472,0.368125,0.214397,0.188567,0.161471,4106,22435,1683,2476
8,8,0.140619,0.344120,0.214397,0.182248,0.162602,3930,22453,1665,2652
8,8,0.133453,0.377545,0.214397,0.193909,0.173651,4219,22384,1734,2363
8,8,0.135342,0.368733,0.214397,0.183616,0.167589,4032,22513,1605,2550
8,8,0.147524,0.311911,0.214397,0.155733,0.224021,3417,22754,1364,3165
8,8,0.138176,0.355515,0.214397,0.182606,0.160592,3973,22485,1633,2609
8,8,0.139283,0.350349,0.214397,0.177915,0.159543,3884,22540,1578,2698
8,8,0.133355,0.378001,0.214397,0.187231,0.176135,4118,22488,1630,2464
8,8,0.140521,0.344576,0.214397,0.166319,0.163900,3687,22699,1419,2895
8,8,0.128795,0.399271,0.214397,0.184625,0.162734,4148,22598,1520,2434
8,8,0.128176,0.402157,0.214397,0.191433,0.168186,4262,22503,1615,2320
8,8,0.134853,0.371012,0.214397,0.192573,0.208539,4177,22383,1735,2405
8,8,0.137329,0.359465,0.214397,0.203322,0.172809,4304,22180,1938,2278
8,8,0.131433,0.386964,0.214397,0.189674,0.170939,4185,22480,1638,2397
8,8,0.137524,0.358554,0.214397,0.175505,0.160515,3874,22604,1514,2708
8,8,0.145016,0.323610,0.214397,0.189837,0.176197,3979,22269,1849,2603
8,8,0.141140,0.341689,0.214397,0.174886,0.170387,3809,22558,1560,2773
8,8,0.142248,0.336524,0.214397,0.180945,0.172887,3885,22448,1670,2697
8,8,0.138241,0.355211,0.214397,0.180130,0.166774,3934,22522,1596,2648
8,8,0.122541,0.428441,0.214397,0.184169,0.170682,4237,22701,1417,2345
8,8,0.133420,0.377697,0.214397,0.184039,0.161638,4068,22536,1582,2514
8,8,0.138599,0.353540,0.214397,0.192932,0.162102,4125,22320,1798,2457
8,8,0.139870,0.347615,0.214397,0.182215,0.171782,3941,22465,1653,2641
8,8,0.136319,0.364175,0.214397,0.199446,0.169324,4260,22255,1863,2322
8,8,0.139739,0.348222,0.214397,0.180326,0.171409,3914,22496,1622,2668
8,8,0.137231,0.359921,0.214397,0.174039,0.172616,3856,22631,1487,2726
8,8,0.131857,0.384989,0.214397,0.193811,0.164033,4242,22410,1708,2340
8,8,0.132443,0.382255,0.214397,0.188469,0.174212,4151,22483,1635,2431
8,8,0.143355,0.331358,0.214397,0.193388,0.171069,4059,22240,1878,2523
8,8,0.127655,0.404588,0.214397,0.185700,0.167660,4182,22599,1519,2400
8,8,0.134528,0.372531,0.214397,0.182997,0.177243,4035,22535,1583,2547
8,8,0.147296,0.312975,0.214397,0.154984,0.167323,3409,22769,1349,3173
8,8,0.140879,0.342905,0.214397,0.185831,0.166479,3981,22394,1724,2601
8,8,0.143485,0.330751,0.214397,0.172997,0.164780,3744,22551,1567,2838
8,8,0.155700,0.273777,0.214397,0.139153,0.173386,3037,22883,1235,3545
8,8,0.147199,0.313431,0.214397,0.169153,0.176848,3628,22553,1565,2954
8,8,0.146906,0.314798,0.214397,0.156547,0.179516,3439,22751,1367,3143
8,8,0.139805,0.347919,0.214397,0.177199,0.172485,3865,22543,1575,2717
8,8,0.151270,0.294439,0.214397,0.187296,0.168911,3844,22212,1906,2738
8,8,0.137818,0.357186,0.214397,0.181205,0.176257,3957,22512,1606,2625
8,8,0.132736,0.380887,0.214397,0.186743,0.167980,4120,22505,1613,2462
8,8,0.143583,0.330295,0.214397,0.164235,0.166904,3608,22684,1434,2974
8,8,0.148176,0.308873,0.214397,0.148632,0.167163,3298,22853,1265,3284
8,8,0.134332,0.373443,0.214397,0.184691,0.166804,4064,22512,1606,2518
8,8,0.130749,0.390155,0.214397,0.196026,0.165742,4293,22393,1725,2289
8,8,0.135407,0.368429,0.214397,0.189674,0.165693,4124,22419,1699,2458
8,8,0.141107,0.341841,0.214397,0.166840,0.174682,3686,22682,1436,2896
8,8,0.135537,0.367821,0.214397,0.177166,0.165665,3930,22609,1509,2652
8,8,0.139283,0.350349,0.214397,0.153811,0.173498,3514,22910,1208,3068
8,8,0.147296,0.312975,0.214397,0.159414,0.172662,3477,22701,1417,3105
8,8,0.136678,0.362504,0.214397,0.197068,0.168821,4218,22286,1832,2364
8,8,0.136808,0.361896,0.214397,0.184560,0.170969,4024,22476,1642,2558
8,8,0.137003,0.360985,0.214397,0.182345,0.178722,3987,22507,1611,2595
8,8,0.149121,0.304467,0.214397,0.155309,0.173423,3386,22736,1382,3196
8,8,0.138078,0.355971,0.214397,0.176775,0.161512,3885,22576,1542,2697
8,8,0.152313,0.289578,0.214397,0.143257,0.161861,3152,22872,1246,3430
8,8,0.133420,0.377697,0.214397,0.185863,0.178140,4096,22508,1610,2486
8,8,0.135375,0.368581,0.214397,0.190489,0.170416,4137,22407,1711,2445
8,8,0.152117,0.290489,0.214397,0.179479,0.177390,3711,22319,1799,2871
8,8,0.141564,0.339714,0.214397,0.166840,0.174663,3679,22675,1443,2903
8,8,0.154072,0.281373,0.214397,0.167818,0.173013,3502,22468,1650,3080
8,8,0.143192,0.332118,0.214397,0.165733,0.171136,3637,22667,1451,2945
8,8,0.137980,0.356427,0.214397,0.182085,0.172767,3968,22496,1622,2614
8,8,0.125407,0.415071,0.214397,0.189707,0.166412,4278,22572,1546,2304
8,8,0.153648,0.283349,0.214397,0.148111,0.170547,3206,22777,1341,3376
8,8,0.141498,0.340018,0.214397,0.177459,0.166548,3843,22513,1605,2739
8,8,0.136515,0.363263,0.214397,0.188893,0.163096,4095,22414,1704,2487
8,8,0.134332,0.373443,0.214397,0.183583,0.175939,4047,22529,1589,2535
8,8,0.134560,0.372379,0.214397,0.188306,0.164875,4116,22453,1665,2466
16,16,0.120912,0.436038,0.214397,0.199805,0.293788,4502,22486,1632,2080
16,16,0.127296,0.406259,0.214397,0.185212,0.314391,4180,22612,1506,2402
16,16,0.119153,0.444242,0.214397,0.197980,0.279028,4501,22541,1577,2081
16,16,0.117101,0.453813,0.214397,0.205179,0.285968,4643,22462,1656,1939
16,16,0.119935,0.440596,0.214397,0.197850,0.284943,4487,22531,1587,2095
16,16,0.108013,0.496202,0.214397,0.201368,0.281055,4724,22660,1458,1858
16,16,0.119218,0.443938,0.214397,0.192638,0.292805,4418,22622,1496,2164
16,16,0.113746,0.469462,0.214397,0.194919,0.369478,4537,22671,1447,2045
16,16,0.115668,0.460498,0.214397,0.191107,0.287951,4449,22700,1418,2133
16,16,0.108404,0.494379,0.214397,0.201629,0.277240,4722,22650,1468,1860
16,16,0.127134,0.407019,0.214397,0.184528,0.605945,4172,22625,1493,2410
16,16,0.109446,0.489517,0.214397,0.192964,1.077222,4573,22767,1351,2009
16,16,0.114495,0.465968,0.214397,0.195212,0.809435,4530,22655,1463,2052
16,16,0.121368,0.433911,0.214397,0.183713,0.298425,4248,22726,1392,2334
16,16,0.115831,0.459739,0.214397,0.200977,0.667018,4598,22546,1572,1984
16,16,0.119609,0.442115,0.214397,0.198371,0.329286,4500,22528,1590,2082
16,16,0.112638,0.474628,0.214397,0.205407,0.320956,4715,22527,1591,1867
16,16,0.113388,0.471133,0.214397,0.200489,0.295240,4628,22591,1527,1954
16,16,0.117590,0.451534,0.214397,0.206059,0.304917,4649,22441,1677,1933
16,16,0.128664,0.399878,0.214397,0.187492,0.300151,4194,22556,1562,2388
16,16,0.117394,0.452446,0.214397,0.190879,0.299808,4419,22677,1441,2163
16,16,0.118111,0.449104,0.214397,0.191531,0.317890,4418,22656,1462,2164
16,16,0.111792,0.478578,0.214397,0.197785,0.285848,4611,22657,1461,1971
16,16,0.126906,0.408083,0.214397,0.180261,0.285025,4110,22694,1424,2472
16,16,0.126775,0.408690,0.214397,0.206645,0.308700,4517,22291,1827,2065
16,16,0.112899,0.473412,0.214397,0.195896,0.279050,4565,22669,1449,2017
16,16,0.109218,0.490580,0.214397,0.204397,0.285666,4752,22595,1523,1830
16,16,0.112443,0.475539,0.214397,0.199935,0.291703,4634,22614,1504,1948
16,16,0.110879,0.482832,0.214397,0.200000,0.289475,4659,22637,1481,1923
16,16,0.104267,0.513674,0.214397,0.202248,0.328202,4795,22704,1414,1787
16,16,0.116743,0.455485,0.214397,0.192248,0.287501,4450,22666,1452,2132
16,16,0.113160,0.472197,0.214397,0.199544,0.333884,4617,22609,1509,1965
16,16,0.112215,0.476603,0.214397,0.194169,0.315950,4549,22706,1412,2033
16,16,0.116221,0.457916,0.214397,0.204495,0.599483,4646,22486,1632,1936
16,16,0.119414,0.443026,0.214397,0.202541,1.097953,4567,22467,1651,2015
16,16,0.119609,0.442115,0.214397,0.203127,1.117370,4573,22455,1663,2009
16,16,0.118143,0.448952,0.214397,0.188827,1.109248,4376,22697,1421,2206
16,16,0.113420,0.470981,0.214397,0.202736,1.094959,4662,22556,1562,1920
16,16,0.115277,0.462321,0.214397,0.193909,1.111850,4498,22663,1455,2084
16,16,0.110684,0.483744,0.214397,0.199349,1.095449,4652,22650,1468,1930
16,16,0.113713,0.469614,0.214397,0.200358,1.102297,4621,22588,1530,1961
16,16,0.115896,0.459435,0.214397,0.200326,1.119384,4587,22555,1563,1995
16,16,0.123779,0.422668,0.214397,0.209186,1.127929,4602,22298,1820,1980
16,16,0.107590,0.498177,0.214397,0.199902,1.102760,4708,22689,1429,1874
16,16,0.112932,0.473260,0.214397,0.197752,0.473368,4593,22640,1478,1989
16,16,0.114756,0.464752,0.214397,0.193648,0.280966,4502,22675,1443,2080
16,16,0.111107,0.481768,0.214397,0.198664,0.282811,4635,22654,1464,1947
16,16,0.112932,0.473260,0.214397,0.206873,0.291079,4733,22500,1618,1849
16,16,0.109251,0.490428,0.214397,0.197068,0.647355,4639,22707,1411,1943
16,16,0.112085,0.477211,0.214397,0.186352,1.087314,4431,22828,1290,2151
16,16,0.117231,0.453206,0.214397,0.192541,1.105908,4447,22654,1464,2135
16,16,0.115244,0.462473,0.214397,0.194528,1.103400,4508,22654,1464,2074
16,16,0.119837,0.441051,0.214397,0.187003,1.082957,4322,22699,1419,2260
16,16,0.111889,0.478122,0.214397,0.201140,0.279787,4661,22604,1514,1921
16,16,0.117134,0.453662,0.214397,0.174593,0.291019,4173,22931,1187,2409
16,16,0.110423,0.484959,0.214397,0.200521,0.281770,4674,22636,1482,1908
16,16,0.114951,0.463841,0.214397,0.196515,0.288679,4543,22628,1490,2039
16,16,0.111042,0.482072,0.214397,0.198664,0.286997,4636,22655,1463,1946
16,16,0.108730,0.492859,0.214397,0.196612,0.286159,4640,22722,1396,1942
16,16,0.114984,0.463689,0.214397,0.198762,0.360875,4577,22593,1525,2005
16,16,0.114072,0.467943,0.214397,0.201238,0.315497,4629,22569,1549,1953
16,16,0.118730,0.446217,0.214397,0.190261,0.290556,4389,22666,1452,2193
16,16,0.109218,0.490580,0.214397,0.201205,0.284583,4703,22644,1474,1879
16,16,0.115798,0.459891,0.214397,0.201010,0.288094,4599,22546,1572,1983
16,16,0.115212,0.462625,0.214397,0.194039,0.307819,4501,22662,1456,2081
16,16,0.115668,0.460498,0.214397,0.188762,0.293139,4413,22736,1382,2169
16,16,0.114984,0.463689,0.214397,0.211075,0.284316,4766,22404,1714,1816
16,16,0.109870,0.487542,0.214397,0.197948,0.284596,4643,22684,1434,1939
16,16,0.117199,0.453358,0.214397,0.195375,0.497802,4491,22611,1507,2091
16,16,0.112508,0.475235,0.214397,0.199544,0.280539,4627,22619,1499,1955
16,16,0.107687,0.497721,0.214397,0.202606,0.294934,4748,22646,1472,1834
16,16,0.116971,0.454421,0.214397,0.192410,0.278493,4449,22660,1458,2133
16,16,0.117003,0.454269,0.214397,0.203257,0.286628,4615,22493,1625,1967
16,16,0.110261,0.485719,0.214397,0.209088,0.292836,4808,22507,1611,1774
16,16,0.110456,0.484807,0.214397,0.199186,0.579760,4653,22656,1462,1929
16,16,0.104821,0.511091,0.214397,0.204235,0.692899,4817,22665,1453,1765
16,16,0.111010,0.482224,0.214397,0.200586,0.744312,4666,22626,1492,1916
16,16,0.113681,0.469766,0.214397,0.202476,0.911413,4654,22556,1562,1928
16,16,0.122638,0.427985,0.214397,0.184984,0.287299,4248,22687,1431,2334
16,16,0.102932,0.519903,0.214397,0.202866,0.296551,4825,22715,1403,1757
16,16,0.105407,0.508356,0.214397,0.203322,0.282685,4794,22670,1448,1788
16,16,0.109707,0.488301,0.214397,0.200586,0.318994,4686,22646,1472,1896
16,16,0.108013,0.496202,0.214397,0.204300,0.279242,4769,22615,1503,1813
16,16,0.114951,0.463841,0.214397,0.200619,0.278095,4606,22565,1553,1976
16,16,0.121238,0.434518,0.214397,0.198436,0.287038,4476,22502,1616,2106
16,16,0.112052,0.477363,0.214397,0.198893,0.296850,4624,22636,1482,1958
16,16,0.125961,0.412489,0.214397,0.190326,0.279277,4279,22554,1564,2303
16,16,0.105798,0.506533,0.214397,0.201694,0.361498,4763,22689,1429,1819
16,16,0.113518,0.470526,0.214397,0.205700,0.311215,4706,22509,1609,1876
16,16,0.119805,0.441203,0.214397,0.200586,0.311490,4531,22491,1627,2051
16,16,0.114365,0.466576,0.214397,0.200814,0.300675,4618,22571,1547,1964
16,16,0.123550,0.423731,0.214397,0.186221,0.297416,4253,22654,1464,2329
16,16,0.121368,0.433911,0.214397,0.190945,0.292216,4359,22615,1503,2223
16,16,0.112573,0.474932,0.214397,0.193355,0.285890,4531,22713,1405,2051
16,16,0.116743,0.455485,0.214397,0.202020,0.373590,4600,22516,1602,1982
16,16,0.118990,0.445002,0.214397,0.186873,0.391994,4333,22714,1404,2249
16,16,0.127655,0.404588,0.214397,0.207655,0.352579,4519,22262,1856,2063
16,16,0.119023,0.444850,0.214397,0.189381,0.325647,4371,22675,1443,2211
16,16,0.111824,0.478426,0.214397,0.200098,0.277457,4646,22621,1497,1936
16,16,0.110847,0.482984,0.214397,0.200228,0.277312,4663,22634,1484,1919
32,32,0.091368,0.573838,0.214397,0.208306,0.513635,5086,22809,1309,1496
32,32,0.088241,0.588423,0.214397,0.202769,0.550320,5049,22942,1176,1533
32,32,0.085407,0.601641,0.214397,0.209902,0.515726,5202,22876,1242,1380
32,32,0.085537,0.601033,0.214397,0.205733,0.497118,5136,22938,1180,1446
32,32,0.085733,0.600122,0.214397,0.208730,0.483477,5179,22889,1229,1403
32,32,0.087264,0.592981,0.214397,0.203876,1.137737,5081,22940,1178,1501
32,32,0.088632,0.586600,0.214397,0.211889,1.586397,5183,22796,1322,1399
32,32,0.084300,0.606806,0.214397,0.207752,0.480982,5186,22926,1192,1396
32,32,0.088990,0.584929,0.214397,0.205603,0.479840,5081,22887,1231,1501
32,32,0.095798,0.553175,0.214397,0.202508,0.459617,4929,22830,1288,1653
32,32,0.087166,0.593437,0.214397,0.207036,0.852935,5131,22893,1225,1451
32,32,0.090033,0.580067,0.214397,0.201433,0.905006,5001,22935,1183,1581
32,32,0.095147,0.556214,0.214397,0.204528,1.743453,4970,22809,1309,1612
32,32,0.093974,0.561683,0.214397,0.196384,0.928596,4863,22952,1166,1719
32,32,0.088925,0.585232,0.214397,0.203844,0.481091,5055,22915,1203,1527
32,32,0.086710,0.595564,0.214397,0.203322,0.523418,5081,22957,1161,1501
32,32,0.087948,0.589790,0.214397,0.206254,0.546264,5107,22893,1225,1475
32,32,0.092866,0.566849,0.214397,0.206808,0.482703,5040,22809,1309,1542
32,32,0.090945,0.575813,0.214397,0.201433,0.521949,4987,22921,1197,1595
32,32,0.088893,0.585384,0.214397,0.202378,0.545090,5033,22938,1180,1549
32,32,0.088827,0.585688,0.214397,0.203681,0.511791,5054,22919,1199,1528
32,32,0.092313,0.569432,0.214397,0.200912,0.475243,4958,22908,1210,1624
32,32,0.082736,0.614099,0.214397,0.210879,0.515714,5258,22902,1216,1324
32,32,0.090358,0.578548,0.214397,0.205342,0.756341,5056,22870,1248,1526
32,32,0.090684,0.577028,0.214397,0.200717,0.849119,4980,22936,1182,1602
32,32,0.088599,0.586752,0.214397,0.210619,0.489252,5164,22816,1302,1418
32,32,0.092182,0.570040,0.214397,0.206384,0.485620,5044,22826,1292,1538
32,32,0.086547,0.596323,0.214397,0.206482,0.555565,5132,22911,1207,1450
32,32,0.091824,0.571711,0.214397,0.208958,0.489337,5089,22792,1326,1493
32,32,0.087329,0.592677,0.214397,0.205244,1.292628,5101,22918,1200,1481
32,32,0.088078,0.589183,0.214397,0.207883,0.522465,5130,22866,1252,1452
32,32,0.088795,0.585840,0.214397,0.202671,0.527740,5039,22935,1183,1543
32,32,0.085244,0.602400,0.214397,0.207329,0.569607,5165,22918,1200,1417
32,32,0.081075,0.621847,0.214397,0.209414,0.542237,5261,22950,1168,1321
32,32,0.087199,0.593285,0.214397,0.203160,0.558175,5071,22952,1166,1511
32,32,0.090000,0.580219,0.214397,0.202704,0.525588,5021,22916,1202,1561
32,32,0.084951,0.603768,0.214397,0.207492,0.782771,5172,22920,1198,1410
32,32,0.089870,0.580826,0.214397,0.205961,1.015301,5073,22868,1250,1509
32,32,0.085277,0.602249,0.214397,0.202866,0.698499,5096,22986,1132,1486
32,32,0.084365,0.606503,0.214397,0.206124,0.513444,5160,22950,1168,1422
32,32,0.088502,0.587208,0.214397,0.201140,0.923438,5020,22963,1155,1562
32,32,0.089414,0.582954,0.214397,0.202899,0.594471,5033,22922,1196,1549
32,32,0.087590,0.591462,0.214397,0.209544,0.666215,5163,22848,1270,1419
32,32,0.093094,0.565785,0.214397,0.204169,0.552233,4996,22846,1272,1586
32,32,0.087362,0.592525,0.214397,0.202410,0.548563,5057,22961,1157,1525
32,32,0.087948,0.589790,0.214397,0.204235,0.493952,5076,22924,1194,1506
32,32,0.089805,0.581130,0.214397,0.210717,0.668916,5147,22796,1322,1435
32,32,0.090065,0.579915,0.214397,0.203225,0.512787,5028,22907,1211,1554
32,32,0.086840,0.594956,0.214397,0.205733,0.744404,5116,22918,1200,1466
32,32,0.089121,0.584321,0.214397,0.207818,0.748280,5113,22851,1267,1469
32,32,0.088534,0.587056,0.214397,0.205342,0.523248,5084,22898,1220,1498
32,32,0.091107,0.575053,0.214397,0.202638,0.537226,5003,22900,1218,1579
32,32,0.088632,0.586600,0.214397,0.208502,0.533129,5131,22848,1270,1451
32,32,0.085472,0.601337,0.214397,0.205472,0.671135,5133,22943,1175,1449
32,32,0.092508,0.568520,0.214397,0.199870,0.560711,4939,22921,1197,1643
32,32,0.087068,0.593892,0.214397,0.204463,0.565257,5093,22934,1184,1489
32,32,0.083192,0.611972,0.214397,0.204104,0.490699,5147,22999,1119,1435
32,32,0.091661,0.572470,0.214397,0.208860,0.596310,5090,22796,1322,1492
32,32,0.086971,0.594348,0.214397,0.203844,0.595960,5085,22945,1173,1497
32,32,0.085342,0.601945,0.214397,0.209837,0.528363,5202,22878,1240,1380
32,32,0.080391,0.625038,0.214397,0.208795,0.524841,5262,22970,1148,1320
32,32,0.088208,0.588575,0.214397,0.207622,0.505537,5124,22868,1250,1458
32,32,0.088958,0.585081,0.214397,0.206678,0.544385,5098,22871,1247,1484
32,32,0.085505,0.601185,0.214397,0.210326,0.538876,5207,22868,1250,1375
32,32,0.083062,0.612580,0.214397,0.209772,0.501738,5236,22914,1204,1346
32,32,0.086678,0.595716,0.214397,0.211173,0.519476,5202,22837,1281,1380
32,32,0.085440,0.601489,0.214397,0.209023,0.482317,5188,22889,1229,1394
32,32,0.084332,0.606655,0.214397,0.208958,0.890524,5204,22907,1211,1378
32,32,0.088534,0.587056,0.214397,0.204104,0.633913,5065,22917,1201,1517
32,32,0.093388,0.564418,0.214397,0.203616,0.480833,4983,22850,1268,1599
32,32,0.088143,0.588879,0.214397,0.204300,0.488760,5074,22920,1198,1508
32,32,0.086026,0.598754,0.214397,0.207915,0.495686,5162,22897,1221,1420
32,32,0.088730,0.586144,0.214397,0.207036,0.492029,5107,22869,1249,1475
32,32,0.083550,0.610301,0.214397,0.207459,1.314650,5193,22942,1176,1389
32,32,0.087134,0.593589,0.214397,0.207264,0.784092,5135,22890,1228,1447
32,32,0.083160,0.612124,0.214397,0.209349,0.526667,5228,22919,1199,1354
32,32,0.089739,0.581434,0.214397,0.203094,0.548384,5031,22914,1204,1551
32,32,0.092345,0.569280,0.214397,0.204072,0.800412,5006,22859,1259,1576
32,32,0.084528,0.605743,0.214397,0.203485,1.506804,5117,22988,1130,1465
32,32,0.089935,0.580523,0.214397,0.209153,1.010332,5121,22818,1300,1461
32,32,0.091107,0.575053,0.214397,0.207915,1.868541,5084,22819,1299,1498
32,32,0.085635,0.600577,0.214397,0.208502,0.726788,5177,22894,1224,1405
32,32,0.082378,0.615770,0.214397,0.207068,0.487364,5205,22966,1152,1377
32,32,0.084528,0.605743,0.214397,0.204919,0.502823,5139,22966,1152,1443
32,32,0.084267,0.606958,0.214397,0.208111,0.533457,5192,22921,1197,1390
32,32,0.085993,0.598906,0.214397,0.202606,0.527277,5081,22979,1139,1501
32,32,0.097655,0.544515,0.214397,0.199674,0.543244,4857,22845,1273,1725
32,32,0.085733,0.600122,0.214397,0.210749,0.522552,5210,22858,1260,1372
32,32,0.095896,0.552720,0.214397,0.202997,0.556154,4935,22821,1297,1647
32,32,0.085505,0.601185,0.214397,0.205114,0.637658,5127,22948,1170,1455
32,32,0.088111,0.589031,0.214397,0.204919,0.499082,5084,22911,1207,1498
32,32,0.091238,0.574445,0.214397,0.201726,0.616450,4987,22912,1206,1595
32,32,0.090423,0.578244,0.214397,0.200912,0.538577,4987,22937,1181,1595
32,32,0.084625,0.605287,0.214397,0.207687,0.476565,5180,22922,1196,1402
32,32,0.089935,0.580523,0.214397,0.205375,0.534312,5063,22876,1242,1519
32,32,0.091564,0.572926,0.214397,0.205179,0.496680,5035,22854,1264,1547
32,32,0.089642,0.581890,0.214397,0.203388,0.532303,5037,22911,1207,1545
32,32,0.086873,0.594804,0.214397,0.203941,0.482117,5088,22945,1173,1494
32,32,0.088176,0.588727,0.214397,0.206417,0.508354,5106,22887,1231,1476
32,32,0.089088,0.584473,0.214397,0.205375,0.518649,5076,22889,1229,1506
64,64,0.061401,0.713613,0.214397,0.212866,0.966100,5616,23199,919,966
64,64,0.059088,0.724400,0.214397,0.213681,2.230953,5664,23222,896,918
64,64,0.063094,0.705713,0.214397,0.208241,1.057429,5519,23244,874,1063
64,64,0.062606,0.707991,0.214397,0.209577,0.845792,5547,23231,887,1035
64,64,0.060065,0.719842,0.214397,0.208860,0.821798,5575,23281,837,1007
64,64,0.065537,0.694318,0.214397,0.208925,0.954725,5492,23196,922,1090
64,64,0.059707,0.721513,0.214397,0.209935,0.907509,5597,23270,848,985
64,64,0.057915,0.729869,0.214397,0.213811,1.034943,5684,23238,880,898
64,64,0.064007,0.701459,0.214397,0.211498,0.928488,5555,23180,938,1027
64,64,0.063420,0.704193,0.214397,0.210847,0.864976,5554,23199,919,1028
64,64,0.063094,0.705713,0.214397,0.212671,0.904628,5587,23176,942,995
64,64,0.066417,0.690216,0.214397,0.208827,0.956906,5477,23184,934,1105
64,64,0.061303,0.714069,0.214397,0.211661,0.852184,5599,23219,899,983
64,64,0.058795,0.725767,0.214397,0.213322,0.962066,5663,23232,886,919
64,64,0.064593,0.698724,0.214397,0.210651,0.938498,5533,23184,934,1049
64,64,0.064039,0.701307,0.214397,0.209186,0.971177,5519,23215,903,1063
64,64,0.058697,0.726223,0.214397,0.212052,0.831387,5645,23253,865,937
64,64,0.062117,0.710270,0.214397,0.212541,0.820585,5600,23193,925,982
64,64,0.058697,0.726223,0.214397,0.209902,0.909927,5612,23286,832,970
64,64,0.060033,0.719994,0.214397,0.213453,0.811886,5646,23211,907,936
64,64,0.062443,0.708751,0.214397,0.206026,0.923099,5495,23288,830,1087
64,64,0.061270,0.714221,0.214397,0.210586,0.966736,5583,23236,882,999
64,64,0.062541,0.708295,0.214397,0.212313,1.469464,5590,23190,928,992
64,64,0.060879,0.716044,0.214397,0.215472,1.013937,5664,23167,951,918
64,64,0.066254,0.690975,0.214397,0.206124,0.883753,5438,23228,890,1144
64,64,0.061889,0.711334,0.214397,0.212182,0.913426,5598,23202,916,984
64,64,0.062248,0.709663,0.214397,0.212866,0.994148,5603,23186,932,979
64,64,0.061954,0.711030,0.214397,0.210163,1.085110,5566,23232,886,1016
64,64,0.059707,0.721513,0.214397,0.213974,1.512299,5659,23208,910,923
64,64,0.065635,0.693862,0.214397,0.206873,0.859920,5459,23226,892,1123
64,64,0.065212,0.695837,0.214397,0.205863,0.993834,5450,23248,870,1132
64,64,0.064495,0.699180,0.214397,0.212248,0.885455,5559,23161,957,1023
64,64,0.064397,0.699635,0.214397,0.210065,0.882256,5527,23196,922,1055
64,64,0.067003,0.687481,0.214397,0.211954,0.851532,5516,23127,991,1066
64,64,0.064886,0.697356,0.214397,0.212378,0.865858,5555,23153,965,1027
64,64,0.066612,0.689304,0.214397,0.210456,0.851492,5499,23156,962,1083
64,64,0.062573,0.708143,0.214397,0.207590,0.809126,5517,23262,856,1065
64,64,0.057492,0.731844,0.214397,0.210521,0.857200,5640,23295,823,942
64,64,0.060326,0.718627,0.214397,0.213876,0.844096,5648,23200,918,934
64,64,0.065537,0.694318,0.214397,0.209316,0.871085,5498,23190,928,1084
64,64,0.061694,0.712246,0.214397,0.212378,0.869396,5604,23202,916,978
64,64,0.058827,0.725615,0.214397,0.212378,0.840465,5648,23246,872,934
64,64,0.058046,0.729262,0.214397,0.210879,0.843808,5637,23281,837,945
64,64,0.062704,0.707536,0.214397,0.212541,0.960667,5591,23184,934,991
64,64,0.061792,0.711790,0.214397,0.214430,0.932516,5634,23169,949,948
64,64,0.058078,0.729110,0.214397,0.208371,3.035885,5598,23319,799,984
64,64,0.058469,0.727287,0.214397,0.212541,3.348038,5656,23249,869,926
64,64,0.057068,0.733820,0.214397,0.214658,3.218950,5710,23238,880,872
64,64,0.058208,0.728502,0.214397,0.214039,2.438866,5683,23230,888,899
64,64,0.057622,0.731237,0.214397,0.210912,1.011600,5644,23287,831,938
64,64,0.060554,0.717563,0.214397,0.212801,2.430456,5628,23213,905,954
64,64,0.060228,0.719082,0.214397,0.209153,1.227084,5577,23274,844,1005
64,64,0.061824,0.711638,0.214397,0.214463,0.881601,5634,23168,950,948
64,64,0.059609,0.721969,0.214397,0.210945,0.842797,5614,23256,862,968
64,64,0.060163,0.719386,0.214397,0.209739,0.844214,5587,23266,852,995
64,64,0.063746,0.702674,0.214397,0.204919,0.822377,5458,23285,833,1124
64,64,0.062932,0.706472,0.214397,0.209511,1.342637,5541,23227,891,1041
64,64,0.062476,0.708599,0.214397,0.211205,0.995634,5574,23208,910,1008
64,64,0.067590,0.684746,0.214397,0.210261,0.852684,5481,23144,974,1101
64,64,0.059935,0.720450,0.214397,0.208599,1.136234,5573,23287,831,1009
64,64,0.060195,0.719234,0.214397,0.215896,0.841712,5681,23171,947,901
64,64,0.061564,0.712853,0.214397,0.208730,2.171578,5550,23260,858,1032
64,64,0.064756,0.697964,0.214397,0.208469,3.086011,5497,23215,903,1085
64,64,0.058013,0.729414,0.214397,0.211759,1.506888,5651,23268,850,931
64,64,0.060749,0.716651,0.214397,0.211629,0.827917,5607,23228,890,975
64,64,0.058958,0.725008,0.214397,0.210228,0.879094,5613,23277,841,969
64,64,0.063127,0.705561,0.214397,0.210228,0.859760,5549,23213,905,1033
64,64,0.059316,0.723336,0.214397,0.211889,0.852832,5633,23246,872,949
64,64,0.061694,0.712246,0.214397,0.211792,0.834763,5595,23211,907,987
64,64,0.060293,0.718778,0.214397,0.211889,0.858280,5618,23231,887,964
64,64,0.060684,0.716955,0.214397,0.208371,2.722821,5558,23279,839,1024
64,64,0.063192,0.705257,0.214397,0.209121,1.893295,5531,23229,889,1051
64,64,0.067394,0.685658,0.214397,0.204723,1.027929,5399,23232,886,1183
64,64,0.057915,0.729869,0.214397,0.211336,1.968744,5646,23276,842,936
64,64,0.065147,0.696141,0.214397,0.211075,0.920204,5531,23169,949,1051
64,64,0.057068,0.733820,0.214397,0.211726,0.885610,5665,23283,835,917
64,64,0.059446,0.722729,0.214397,0.211368,0.847563,5623,23252,866,959
64,64,0.061629,0.712549,0.214397,0.214007,0.899267,5630,23178,940,952
64,64,0.061075,0.715132,0.214397,0.212215,0.939575,5611,23214,904,971
64,64,0.059023,0.724704,0.214397,0.207687,0.990636,5573,23315,803,1009
64,64,0.061889,0.711334,0.214397,0.211205,0.890590,5583,23217,901,999
64,64,0.062573,0.708143,0.214397,0.212345,0.977984,5590,23189,929,992
64,64,0.062150,0.710119,0.214397,0.208925,0.866160,5544,23248,870,1038
64,64,0.061433,0.713461,0.214397,0.211205,1.150675,5590,23224,894,992
64,64,0.061694,0.712246,0.214397,0.211466,1.270374,5590,23216,902,992
64,64,0.060163,0.719386,0.214397,0.209218,0.875576,5579,23274,844,1003
64,64,0.061466,0.713309,0.214397,0.206873,1.189903,5523,23290,828,1059
64,64,0.061107,0.714980,0.214397,0.207427,0.819554,5537,23287,831,1045
64,64,0.059153,0.724096,0.214397,0.211466,0.886519,5629,23255,863,953
64,64,0.055831,0.739593,0.214397,0.210163,0.980074,5660,23326,792,922
64,64,0.058567,0.726831,0.214397,0.213941,1.069299,5676,23226,892,906
64,64,0.060163,0.719386,0.214397,0.209283,2.115803,5580,23273,845,1002
64,64,0.067362,0.685810,0.214397,0.206840,2.300925,5432,23200,918,1150
64,64,0.060684,0.716955,0.214397,0.209414,0.915299,5574,23263,855,1008
64,64,0.060619,0.717259,0.214397,0.210195,0.834042,5587,23252,866,995
64,64,0.068664,0.679733,0.214397,0.211596,0.815947,5485,23107,1011,1097
64,64,0.059055,0.724552,0.214397,0.208436,0.930639,5584,23303,815,998
64,64,0.066026,0.692039,0.214397,0.209870,0.996416,5499,23174,944,1083
64,64,0.062801,0.707080,0.214397,0.211792,0.861560,5578,23194,924,1004
64,64,0.057264,0.732908,0.214397,0.215309,0.888759,5717,23225,893,865
100,100,0.044886,0.790641,0.214397,0.211922,2.768085,5855,23467,651,727
100,100,0.046417,0.783500,0.214397,0.214886,1.903527,5877,23398,720,705
100,100,0.045700,0.786843,0.214397,0.211889,1.129393,5842,23455,663,740
100,100,0.045505,0.787754,0.214397,0.213322,2.629409,5867,23436,682,715
100,100,0.042606,0.801276,0.214397,0.213225,1.302345,5910,23482,636,672
100,100,0.041857,0.804771,0.214397,0.213518,1.114786,5926,23489,629,656
100,100,0.047687,0.777575,0.214397,0.214137,1.142637,5846,23390,728,736
100,100,0.043713,0.796111,0.214397,0.212378,1.095025,5880,23478,640,702
100,100,0.042638,0.801124,0.214397,0.215342,1.415903,5942,23449,669,640
100,100,0.042997,0.799453,0.214397,0.212964,2.397827,5900,23480,638,682
100,100,0.039544,0.815558,0.214397,0.215375,1.190458,5990,23496,622,592
100,100,0.043322,0.797934,0.214397,0.213290,1.069416,5900,23470,648,682
100,100,0.042932,0.799757,0.214397,0.214332,1.194918,5922,23460,658,660
100,100,0.045831,0.786235,0.214397,0.209218,1.174294,5799,23494,624,783
100,100,0.044202,0.793832,0.214397,0.212932,1.256936,5881,23462,656,701
100,100,0.046091,0.785020,0.214397,0.214300,3.082946,5873,23412,706,709
100,100,0.044169,0.793984,0.214397,0.213160,1.351119,5885,23459,659,697
100,100,0.042606,0.801276,0.214397,0.214072,1.198073,5923,23469,649,659
100,100,0.043257,0.798238,0.214397,0.212508,1.934760,5889,23483,635,693
100,100,0.045472,0.787906,0.214397,0.213160,2.952965,5865,23439,679,717
100,100,0.044072,0.794439,0.214397,0.212085,2.919716,5870,23477,641,712
100,100,0.042410,0.802188,0.214397,0.214463,1.244113,5932,23466,652,650
100,100,0.044658,0.791705,0.214397,0.213257,1.147391,5879,23450,668,703
100,100,0.044202,0.793832,0.214397,0.214104,2.317596,5899,23444,674,683
100,100,0.043648,0.796414,0.214397,0.212834,3.783276,5888,23472,646,694
100,100,0.044235,0.793680,0.214397,0.214007,2.255140,5897,23445,673,685
100,100,0.043290,0.798086,0.214397,0.213648,1.913801,5906,23465,653,676
100,100,0.043811,0.795655,0.214397,0.213974,1.239022,5903,23452,666,679
100,100,0.049316,0.769979,0.214397,0.213420,1.192564,5810,23376,742,772
100,100,0.047003,0.780766,0.214397,0.210130,1.136697,5795,23462,656,787
100,100,0.045277,0.788818,0.214397,0.213355,1.184104,5871,23439,679,711
100,100,0.047492,0.778487,0.214397,0.212313,2.608468,5821,23421,697,761
100,100,0.045700,0.786843,0.214397,0.215537,1.230173,5898,23399,719,684
100,100,0.043290,0.798086,0.214397,0.213713,1.114682,5907,23464,654,675
100,100,0.046710,0.782133,0.214397,0.213355,1.146311,5849,23417,701,733
100,100,0.044821,0.790945,0.214397,0.213681,1.135892,5883,23441,677,699
100,100,0.045700,0.786843,0.214397,0.214104,1.174207,5876,23421,697,706
100,100,0.043909,0.795199,0.214397,0.213355,1.309785,5892,23460,658,690
100,100,0.044039,0.794591,0.214397,0.213746,1.128535,5896,23452,666,686
100,100,0.045309,0.788666,0.214397,0.213062,1.206858,5866,23443,675,716
100,100,0.046384,0.783652,0.214397,0.213616,1.082998,5858,23418,700,724
100,100,0.045537,0.787603,0.214397,0.214593,1.151472,5886,23416,702,696
100,100,0.044039,0.794591,0.214397,0.213811,1.222775,5897,23451,667,685
100,100,0.043518,0.797022,0.214397,0.213811,1.166244,5905,23459,659,677
100,100,0.043811,0.795655,0.214397,0.212932,1.097930,5887,23468,650,695
100,100,0.045440,0.788058,0.214397,0.215277,1.049625,5898,23407,711,684
100,100,0.045114,0.789578,0.214397,0.213388,1.180596,5874,23441,677,708
100,100,0.044821,0.790945,0.214397,0.211857,1.492148,5855,23469,649,727
100,100,0.042638,0.801124,0.214397,0.214235,1.217464,5925,23466,652,657
100,100,0.043746,0.795959,0.214397,0.215081,2.437416,5921,23436,682,661
100,100,0.042117,0.803555,0.214397,0.215081,1.241053,5946,23461,657,636
100,100,0.043583,0.796718,0.214397,0.212443,1.138904,5883,23479,639,699
100,100,0.045863,0.786083,0.214397,0.213550,1.518371,5865,23427,691,717
100,100,0.045635,0.787147,0.214397,0.214430,1.112489,5882,23417,701,700
100,100,0.044853,0.790793,0.214397,0.212736,1.124655,5868,23455,663,714
100,100,0.044528,0.792312,0.214397,0.214886,1.104395,5906,23427,691,676
100,100,0.042638,0.801124,0.214397,0.212932,1.192193,5905,23486,632,677
100,100,0.043941,0.795047,0.214397,0.215603,1.119943,5926,23425,693,656
100,100,0.044169,0.793984,0.214397,0.212769,1.110512,5879,23465,653,703
100,100,0.042834,0.800213,0.214397,0.214560,1.137063,5927,23458,660,655
100,100,0.045896,0.785931,0.214397,0.211303,1.184086,5830,23461,657,752
100,100,0.044397,0.792920,0.214397,0.214756,1.163498,5906,23431,687,676
100,100,0.045961,0.785627,0.214397,0.211629,1.191255,5834,23455,663,748
100,100,0.043876,0.795351,0.214397,0.213062,1.257483,5888,23465,653,694
100,100,0.045537,0.787603,0.214397,0.212313,1.371315,5851,23451,667,731
100,100,0.047231,0.779702,0.214397,0.214397,1.212583,5857,23393,725,725
100,100,0.045407,0.788210,0.214397,0.213225,1.110609,5867,23439,679,715
100,100,0.042345,0.802492,0.214397,0.214658,1.188285,5936,23464,654,646
100,100,0.044169,0.793984,0.214397,0.215309,1.403091,5918,23426,692,664
100,100,0.042964,0.799605,0.214397,0.213192,1.312239,5904,23477,641,678
100,100,0.044267,0.793528,0.214397,0.215016,1.258483,5912,23429,689,670
100,100,0.043648,0.796414,0.214397,0.215375,1.103368,5927,23433,685,655
100,100,0.048860,0.772106,0.214397,0.209446,1.091475,5756,23444,674,826
100,100,0.043322,0.797934,0.214397,0.213290,1.127245,5900,23470,648,682
100,100,0.043518,0.797022,0.214397,0.213420,1.247931,5899,23465,653,683
100,100,0.047264,0.779550,0.214397,0.213583,1.379817,5844,23405,713,738
100,100,0.042410,0.802188,0.214397,0.213355,1.104528,5915,23483,635,667
100,100,0.042769,0.800517,0.214397,0.216319,1.203345,5955,23432,686,627
100,100,0.045472,0.787906,0.214397,0.213681,1.189448,5873,23431,687,709
100,100,0.042378,0.802340,0.214397,0.211433,1.141096,5886,23513,605,696
100,100,0.044821,0.790945,0.214397,0.213681,1.253222,5883,23441,677,699
100,100,0.043583,0.796718,0.214397,0.214007,1.681118,5907,23455,663,675
100,100,0.043518,0.797022,0.214397,0.211922,2.228513,5876,23488,630,706
100,100,0.041694,0.805530,0.214397,0.214072,1.210951,5937,23483,635,645
100,100,0.044332,0.793224,0.214397,0.210717,1.085299,5845,23494,624,737
100,100,0.043616,0.796566,0.214397,0.213909,1.105759,5905,23456,662,677
100,100,0.046189,0.784564,0.214397,0.211922,1.252223,5835,23447,671,747
100,100,0.044625,0.791857,0.214397,0.211987,1.202157,5860,23470,648,722
100,100,0.046287,0.784108,0.214397,0.212932,1.142638,5849,23430,688,733
100,100,0.044235,0.793680,0.214397,0.213550,1.658545,5890,23452,666,692
100,100,0.042443,0.802036,0.214397,0.214886,1.345087,5938,23459,659,644
100,100,0.044137,0.794136,0.214397,0.215212,1.157154,5917,23428,690,665
100,100,0.044300,0.793376,0.214397,0.215179,1.118238,5914,23426,692,668
100,100,0.047752,0.777271,0.214397,0.213094,1.104925,5829,23405,713,753
100,100,0.046580,0.782741,0.214397,0.210684,1.658368,5810,23460,658,772
100,100,0.043192,0.798541,0.214397,0.212638,1.128367,5892,23482,636,690
100,100,0.047296,0.779398,0.214397,0.210619,1.112569,5798,23450,668,784
100,100,0.042606,0.801276,0.214397,0.212899,1.282797,5905,23487,631,677
100,100,0.045244,0.788970,0.214397,0.210782,2.532800,5832,23479,639,750
100,100,0.043355,0.797782,0.214397,0.212866,1.807977,5893,23476,642,689
