1,1,0.318332,0.057006,0.337576,0.090416,0.458568,2003,22899,1300,10329
1,1,0.311872,0.076143,0.337576,0.095836,0.460664,2220,22918,1281,10112
1,1,0.302757,0.103146,0.337576,0.101010,0.424938,2481,22990,1209,9851
1,1,0.322959,0.043302,0.337576,0.067504,1.089901,1500,23233,966,10832
1,1,0.321699,0.047032,0.337576,0.060113,0.842446,1388,23391,808,10944
1,1,0.299362,0.113201,0.337576,0.122198,0.468127,2930,22665,1534,9402
1,1,0.298185,0.116688,0.337576,0.159892,0.519197,3640,21998,2201,8692
1,1,0.300621,0.109471,0.337576,0.134023,0.424162,3123,22426,1773,9209
1,1,0.289699,0.141826,0.337576,0.143631,0.457902,3498,22450,1749,8834
1,1,0.325942,0.034463,0.337576,0.048041,0.455753,1090,23534,665,11242
1,1,0.310832,0.079225,0.337576,0.093865,0.430364,2203,22973,1226,10129
1,1,0.309545,0.083036,0.337576,0.106923,0.429460,2465,22758,1441,9867
1,1,0.295858,0.123581,0.337576,0.139936,0.516234,3318,22405,1794,9014
1,1,0.317101,0.060655,0.337576,0.066793,0.459981,1594,23353,846,10738
1,1,0.301744,0.106147,0.337576,0.102242,0.510236,2522,22986,1213,9810
1,1,0.301744,0.106147,0.337576,0.102242,0.419490,2522,22986,1213,9810
1,1,0.283458,0.160315,0.337576,0.147081,0.518335,3675,22501,1698,8657
1,1,0.314308,0.068926,0.337576,0.101010,0.426038,2270,22779,1420,10062
1,1,0.289699,0.141826,0.337576,0.143631,0.430293,3498,22450,1749,8834
1,1,0.310093,0.081414,0.337576,0.110865,0.445234,2527,22676,1523,9805
1,1,0.310531,0.080117,0.337576,0.082122,1.317727,1994,23193,1006,10338
1,1,0.297802,0.117824,0.337576,0.137226,1.466141,3233,22419,1780,9099
1,1,0.305302,0.095605,0.337576,0.097315,0.493127,2367,23011,1188,9965
1,1,0.319728,0.052871,0.337576,0.077359,0.506718,1739,23112,1087,10593
1,1,0.319783,0.052708,0.337576,0.078344,1.075150,1756,23093,1106,10576
1,1,0.301744,0.106147,0.337576,0.102242,1.468092,2522,22986,1213,9810
1,1,0.299718,0.112147,0.337576,0.130328,1.178092,3072,22510,1689,9260
1,1,0.283458,0.160315,0.337576,0.147081,0.433835,3675,22501,1698,8657
1,1,0.320440,0.050762,0.337576,0.060113,0.478714,1411,23414,785,10921
1,1,0.327256,0.030571,0.337576,0.047056,0.442137,1048,23528,671,11284
1,1,0.297118,0.119851,0.337576,0.130574,0.466408,3124,22553,1646,9208
1,1,0.300293,0.110444,0.337576,0.126632,0.444697,2994,22567,1632,9338
1,1,0.316006,0.063899,0.337576,0.092141,0.436465,2077,22910,1289,10255
1,1,0.295858,0.123581,0.337576,0.136487,0.429657,3255,22468,1731,9077
1,1,0.282883,0.162018,0.337576,0.155211,0.511290,3834,22363,1836,8498
1,1,0.296543,0.121554,0.337576,0.135255,0.466607,3220,22478,1721,9112
1,1,0.300512,0.109796,0.337576,0.141414,0.821985,3260,22293,1906,9072
1,1,0.297200,0.119608,0.337576,0.132299,0.752715,3154,22520,1679,9178
1,1,0.300786,0.108985,0.337576,0.099641,0.451859,2492,23051,1148,9840
1,1,0.302428,0.104119,0.337576,0.103474,0.431449,2532,22951,1248,9800
1,1,0.316060,0.063737,0.337576,0.066245,0.421385,1603,23382,817,10729
1,1,0.317046,0.060817,0.337576,0.087706,0.425904,1977,22972,1227,10355
1,1,0.279434,0.172235,0.337576,0.157182,0.495138,3933,22390,1809,8399
1,1,0.313460,0.071440,0.337576,0.089924,0.419793,2083,22997,1202,10249
1,1,0.283212,0.161044,0.337576,0.147327,0.814487,3684,22501,1698,8648
1,1,0.299198,0.113688,0.337576,0.129096,0.946826,3059,22542,1657,9273
1,1,0.326243,0.033571,0.337576,0.042430,0.859605,982,23631,568,11350
1,1,0.318469,0.056601,0.337576,0.063234,0.434239,1504,23393,806,10828
1,1,0.320084,0.051816,0.337576,0.072678,0.465116,1647,23191,1008,10685
1,1,0.330048,0.022300,0.337576,0.031288,0.467088,709,23765,434,11623
1,1,0.316608,0.062115,0.337576,0.080315,0.419248,1850,23115,1084,10482
1,1,0.324163,0.039734,0.337576,0.065041,0.431693,1433,23256,943,10899
1,1,0.314883,0.067223,0.337576,0.098300,1.356864,2210,22818,1381,10122
1,1,0.324054,0.040058,0.337576,0.064548,1.445514,1426,23267,932,10906
1,1,0.323041,0.043059,0.337576,0.074156,1.465878,1620,23110,1089,10712
1,1,0.315978,0.063980,0.337576,0.097807,0.668682,2181,22807,1392,10151
1,1,0.292135,0.134609,0.337576,0.120172,0.430890,3025,22834,1365,9307
1,1,0.314254,0.069089,0.337576,0.084750,0.460350,1974,23077,1122,10358
1,1,0.310312,0.080765,0.337576,0.101503,0.426512,2352,22843,1356,9980
1,1,0.332238,0.015813,0.337576,0.023405,0.461392,525,23869,330,11807
1,1,0.327612,0.029517,0.337576,0.047302,0.427740,1046,23517,682,11286
1,1,0.317429,0.059682,0.337576,0.099039,0.478081,2177,22758,1441,10155
1,1,0.304508,0.097957,0.337576,0.120227,0.462005,2800,22607,1592,9532
1,1,0.315431,0.065602,0.337576,0.087953,0.424539,2011,22997,1202,10321
1,1,0.315075,0.066656,0.337576,0.085735,0.446503,1977,23044,1155,10355
1,1,0.323807,0.040788,0.337576,0.054447,0.500598,1246,23456,743,11086
1,1,0.300402,0.110120,0.337576,0.140429,0.425824,3244,22313,1886,9088
1,1,0.323287,0.042329,0.337576,0.075388,0.462557,1638,23083,1116,10694
1,1,0.314746,0.067629,0.337576,0.111850,0.682152,2460,22573,1626,9872
1,1,0.286551,0.151151,0.337576,0.142892,1.470202,3542,22521,1678,8790
1,1,0.304399,0.098281,0.337576,0.097561,0.562376,2388,23023,1176,9944
1,1,0.303769,0.100146,0.337576,0.102242,0.466364,2485,22949,1250,9847
1,1,0.308943,0.084820,0.337576,0.089677,0.652282,2161,23084,1115,10171
1,1,0.312584,0.074035,0.337576,0.106677,1.058523,2405,22707,1492,9927
1,1,0.318196,0.057412,0.337576,0.093126,0.449351,2055,22852,1347,10277
1,1,0.306479,0.092118,0.337576,0.094988,0.427873,2303,23032,1167,10029
1,1,0.319537,0.053438,0.337576,0.075142,0.422517,1702,23156,1043,10630
1,1,0.310476,0.080279,0.337576,0.092141,0.446560,2178,23011,1188,10154
1,1,0.321152,0.048654,0.337576,0.054474,0.427008,1295,23504,695,11037
1,1,0.297337,0.119202,0.337576,0.132545,0.439901,3156,22513,1686,9176
1,1,0.301744,0.106147,0.337576,0.129835,0.420812,3026,22482,1717,9306
1,1,0.279434,0.172235,0.337576,0.157182,0.419250,3933,22390,1809,8399
1,1,0.307684,0.088550,0.337576,0.120227,0.506747,2742,22549,1650,9590
1,1,0.315978,0.063980,0.337576,0.097807,0.421616,2181,22807,1392,10151
1,1,0.288796,0.144502,0.337576,0.150283,0.452043,3636,22345,1854,8696
1,1,0.323944,0.040383,0.337576,0.060113,0.437813,1347,23350,849,10985
1,1,0.314883,0.067223,0.337576,0.098300,0.437131,2210,22818,1381,10122
1,1,0.305248,0.095767,0.337576,0.122444,0.470140,2827,22553,1646,9505
1,1,0.318716,0.055871,0.337576,0.066272,0.478929,1555,23333,866,10777
1,1,0.328488,0.026922,0.337576,0.029564,0.457241,706,23825,374,11626
1,1,0.295831,0.123662,0.337576,0.141661,0.471894,3350,22374,1825,8982
1,1,0.315075,0.066656,0.337576,0.085735,0.428660,1977,23044,1155,10355
1,1,0.286551,0.151151,0.337576,0.142892,0.465392,3542,22521,1678,8790
1,1,0.296543,0.121554,0.337576,0.135255,0.448951,3220,22478,1721,9112
1,1,0.309354,0.083604,0.337576,0.109633,0.533731,2518,22712,1487,9814
1,1,0.293614,0.130230,0.337576,0.131067,0.424550,3197,22608,1591,9135
1,1,0.308943,0.084820,0.337576,0.089677,0.420776,2161,23084,1115,10171
1,1,0.303550,0.100795,0.337576,0.103720,0.437723,2516,22926,1273,9816
1,1,0.295694,0.124067,0.337576,0.128603,0.422002,3114,22615,1584,9218
1,1,0.321261,0.048330,0.337576,0.077852,0.446918,1720,23075,1124,10612
2,2,0.295475,0.124716,0.337576,0.159645,0.553063,3685,22052,2147,8647
2,2,0.284827,0.156260,0.337576,0.189948,0.578530,4433,21693,2506,7899
2,2,0.291834,0.135501,0.337576,0.122389,0.543670,3071,22799,1400,9261
2,2,0.309874,0.082063,0.337576,0.096357,0.638286,2266,22945,1254,10066
2,2,0.269661,0.201184,0.337576,0.220498,0.783091,5268,21412,2787,7064
2,2,0.291697,0.135907,0.337576,0.135501,0.606219,3313,22562,1637,9019
2,2,0.302291,0.104525,0.337576,0.159892,0.582634,3565,21923,2276,8767
2,2,0.294709,0.126987,0.337576,0.159645,0.647629,3699,22066,2133,8633
2,2,0.269689,0.201103,0.337576,0.226164,0.555909,5371,21308,2891,6961
2,2,0.284580,0.156990,0.337576,0.168022,0.538895,4037,22098,2101,8295
2,2,0.292875,0.132420,0.337576,0.131313,0.563287,3215,22617,1582,9117
2,2,0.296488,0.121716,0.337576,0.140675,0.739947,3320,22380,1819,9012
2,2,0.269306,0.202238,0.337576,0.190195,0.665619,4721,21972,2227,7611
2,2,0.274178,0.187804,0.337576,0.180340,1.746477,4452,22063,2136,7880
2,2,0.289891,0.141259,0.337576,0.156579,0.575890,3731,22210,1989,8601
2,2,0.282801,0.162261,0.337576,0.150639,0.663883,3752,22448,1751,8580
2,2,0.285265,0.154963,0.337576,0.208672,0.554093,4767,21343,2856,7565
2,2,0.284416,0.157476,0.337576,0.181818,0.595702,4292,21849,2350,8040
2,2,0.284033,0.158612,0.337576,0.189702,0.542892,4443,21712,2487,7889
2,2,0.260518,0.228268,0.337576,0.230845,1.216549,5624,21390,2809,6708
2,2,0.297172,0.119689,0.337576,0.113109,2.032212,2804,22871,1328,9528
2,2,0.279051,0.173370,0.337576,0.171964,0.978110,4210,22127,2072,8122
2,2,0.309381,0.083523,0.337576,0.091703,0.610925,2190,23039,1160,10142
2,2,0.293778,0.129744,0.337576,0.174427,0.627338,3986,21813,2386,8346
2,2,0.267800,0.206698,0.337576,0.206701,0.657242,5050,21698,2501,7282
2,2,0.313268,0.072008,0.337576,0.122690,0.628434,2685,22402,1797,9647
2,2,0.293723,0.129906,0.337576,0.155156,1.764513,3635,22166,2033,8697
2,2,0.305795,0.094145,0.337576,0.123922,0.977030,2844,22516,1683,9488
2,2,0.307054,0.090415,0.337576,0.110618,0.553454,2578,22736,1463,9754
2,2,0.306343,0.092524,0.337576,0.126386,0.617970,2879,22461,1738,9453
2,2,0.277928,0.176695,0.337576,0.186992,0.558477,4505,21873,2326,7827
2,2,0.278996,0.173532,0.337576,0.163423,0.613480,4055,22284,1915,8277
2,2,0.287509,0.148313,0.337576,0.184528,0.923317,4285,21743,2456,8047
2,2,0.281843,0.165099,0.337576,0.176891,0.558366,4249,21986,2213,8083
2,2,0.270729,0.198021,0.337576,0.223700,0.569194,5307,21334,2865,7025
2,2,0.290329,0.139961,0.337576,0.170485,0.862245,3977,21948,2251,8355
2,2,0.273713,0.189183,0.337576,0.203745,0.661125,4888,21644,2555,7444
2,2,0.256275,0.240837,0.337576,0.244888,0.557208,5958,21211,2988,6374
2,2,0.266951,0.209212,0.337576,0.175413,0.615245,4494,22285,1914,7838
2,2,0.289946,0.141096,0.337576,0.156196,0.624242,3723,22216,1983,8609
2,2,0.278284,0.175641,0.337576,0.185651,0.587376,4474,21891,2308,7858
2,2,0.291040,0.137853,0.337576,0.165394,0.624600,3871,22028,2171,8461
2,2,0.271331,0.196237,0.337576,0.214831,0.537028,5134,21485,2714,7198
2,2,0.295995,0.123175,0.337576,0.124415,0.587286,3032,22686,1513,9300
2,2,0.272508,0.192751,0.337576,0.186006,0.554474,4586,21990,2209,7746
2,2,0.302428,0.104119,0.337576,0.120446,0.654633,2842,22641,1558,9490
2,2,0.268758,0.203860,0.337576,0.201527,0.540987,4938,21775,2424,7394
2,2,0.265145,0.214564,0.337576,0.212313,0.662016,5201,21644,2555,7131
2,2,0.281569,0.165910,0.337576,0.187731,0.568860,4452,21793,2406,7880
2,2,0.277134,0.179046,0.337576,0.208426,0.541276,4911,21496,2703,7421
2,2,0.292491,0.133555,0.337576,0.126386,0.563034,3132,22714,1485,9200
2,2,0.281377,0.166477,0.337576,0.175659,0.542988,4235,22017,2182,8097
2,2,0.294736,0.126906,0.337576,0.133284,0.574292,3217,22547,1652,9115
2,2,0.291013,0.137934,0.337576,0.152501,0.548745,3636,22264,1935,8696
2,2,0.321015,0.049059,0.337576,0.061181,0.610704,1420,23384,815,10912
2,2,0.296844,0.120662,0.337576,0.127618,0.626881,3075,22612,1587,9257
2,2,0.294188,0.128527,0.337576,0.141661,0.633572,3380,22404,1795,8952
2,2,0.291807,0.135582,0.337576,0.161123,0.569364,3779,22092,2107,8553
2,2,0.281022,0.167532,0.337576,0.200049,0.542103,4687,21578,2621,7645
2,2,0.271276,0.196400,0.337576,0.214339,0.575843,5126,21495,2704,7206
2,2,0.277408,0.178235,0.337576,0.205469,0.541835,4852,21545,2654,7480
2,2,0.272344,0.193237,0.337576,0.191426,0.569467,4688,21894,2305,7644
2,2,0.277600,0.177668,0.337576,0.193343,0.580756,4627,21763,2436,7705
2,2,0.287400,0.148638,0.337576,0.179601,0.591247,4197,21835,2364,8135
2,2,0.275903,0.182695,0.337576,0.201774,0.600276,4812,21640,2559,7520
2,2,0.305877,0.093902,0.337576,0.122198,0.546799,2811,22546,1653,9521
2,2,0.298158,0.116769,0.337576,0.140921,0.687592,3294,22345,1854,9038
2,2,0.281651,0.165667,0.337576,0.188963,0.608425,4473,21769,2430,7859
2,2,0.309792,0.082306,0.337576,0.129835,0.558326,2879,22335,1864,9453
2,2,0.291123,0.137609,0.337576,0.149051,0.559073,3571,22325,1874,8761
2,2,0.263721,0.218780,0.337576,0.226164,0.570421,5480,21417,2782,6852
2,2,0.304344,0.098443,0.337576,0.132052,0.575696,3019,22394,1805,9313
2,2,0.297309,0.119283,0.337576,0.142920,0.544420,3346,22324,1875,8986
2,2,0.284060,0.158531,0.337576,0.177630,0.554860,4222,21932,2267,8110
2,2,0.283239,0.160963,0.337576,0.154198,0.573997,3809,22375,1824,8523
2,2,0.261039,0.226727,0.337576,0.223700,0.583111,5484,21511,2688,6848
2,2,0.291342,0.136961,0.337576,0.124908,0.631105,3126,22762,1437,9206
2,2,0.274945,0.185534,0.337576,0.210397,0.587085,4987,21500,2699,7345
2,2,0.271359,0.196156,0.337576,0.200296,0.552483,4868,21750,2449,7464
2,2,0.291697,0.135907,0.337576,0.184282,0.590471,4204,21671,2528,8128
2,2,0.279708,0.171424,0.337576,0.177384,0.651770,4297,22016,2183,8035
2,2,0.300375,0.110201,0.337576,0.147573,0.549889,3375,22183,2016,8957
2,2,0.264269,0.217159,0.337576,0.213846,0.532614,5245,21632,2567,7087
2,2,0.285703,0.153665,0.337576,0.173688,0.556321,4120,21974,2225,8212
2,2,0.290958,0.138096,0.337576,0.151022,0.540734,3610,22292,1907,8722
2,2,0.291615,0.136150,0.337576,0.176152,0.649919,4057,21821,2378,8275
2,2,0.303797,0.100065,0.337576,0.115299,0.594043,2723,22710,1489,9609
2,2,0.272371,0.193156,0.337576,0.163204,0.653159,4172,22409,1790,8160
2,2,0.293039,0.131933,0.337576,0.151460,0.590188,3580,22246,1953,8752
2,2,0.300430,0.110039,0.337576,0.140182,0.579100,3239,22317,1882,9093
2,2,0.267800,0.206698,0.337576,0.186006,0.546785,4672,22076,2123,7660
2,2,0.287482,0.148394,0.337576,0.154608,0.546345,3739,22290,1909,8593
2,2,0.304810,0.097065,0.337576,0.119378,0.608128,2779,22617,1582,9553
2,2,0.301059,0.108174,0.337576,0.136487,0.571813,3160,22373,1826,9172
2,2,0.264761,0.215699,0.337576,0.171471,0.652633,4462,22397,1802,7870
2,2,0.292820,0.132582,0.337576,0.149051,0.595208,3540,22294,1905,8792
2,2,0.273658,0.189345,0.337576,0.212614,0.614566,5051,21483,2716,7281
2,2,0.296762,0.120905,0.337576,0.136240,0.608137,3234,22456,1743,9098
2,2,0.269990,0.200211,0.337576,0.185514,0.591108,4623,22045,2154,7709
2,2,0.290493,0.139475,0.337576,0.137965,0.562935,3380,22539,1660,8952
4,4,0.266158,0.211563,0.337576,0.226356,0.798597,5439,21369,2830,6893
4,4,0.232624,0.310898,0.337576,0.280857,0.788843,7047,20986,3213,5285
4,4,0.283020,0.161612,0.337576,0.222961,0.928260,5069,21123,3076,7263
4,4,0.253648,0.248621,0.337576,0.261148,0.827855,6303,20962,3237,6029
4,4,0.259807,0.230376,0.337576,0.271742,0.801360,6384,20656,3543,5948
4,4,0.262517,0.222348,0.337576,0.229120,0.880298,5556,21385,2814,6776
4,4,0.246804,0.268894,0.337576,0.265309,0.955524,6504,21011,3188,5828
4,4,0.250226,0.258758,0.337576,0.259150,0.871501,6329,21061,3138,6003
4,4,0.244094,0.276922,0.337576,0.271249,0.887402,6662,20952,3247,5670
4,4,0.224221,0.335793,0.337576,0.283567,1.449364,7250,21090,3109,5082
4,4,0.252963,0.250649,0.337576,0.247105,1.067866,6059,21231,2968,6273
4,4,0.243902,0.277489,0.337576,0.267554,0.834568,6598,21023,3176,5734
4,4,0.257507,0.237188,0.337576,0.228381,0.888038,5634,21490,2709,6698
4,4,0.249788,0.260055,0.337576,0.270264,0.895382,6540,20866,3333,5792
4,4,0.242233,0.282436,0.337576,0.250773,0.821684,6322,21360,2839,6010
4,4,0.248611,0.263542,0.337576,0.214776,0.900319,5548,21901,2298,6784
4,4,0.236292,0.300032,0.337576,0.259670,0.858741,6593,21306,2893,5739
4,4,0.240399,0.287869,0.337576,0.275437,1.813715,6806,20943,3256,5526
4,4,0.277271,0.178641,0.337576,0.189456,0.887337,4562,21840,2359,7770
4,4,0.238510,0.293464,0.337576,0.273713,1.650446,6809,21009,3190,5523
4,4,0.269853,0.200616,0.337576,0.221237,1.278677,5278,21395,2804,7054
4,4,0.256713,0.239539,0.337576,0.248830,1.838507,6022,21131,3068,6310
4,4,0.246503,0.269786,0.337576,0.259916,1.932047,6411,21115,3084,5921
4,4,0.266568,0.210347,0.337576,0.228628,0.855341,5473,21320,2879,6859
4,4,0.239906,0.289329,0.337576,0.278886,0.766922,6878,20889,3310,5454
4,4,0.242698,0.281057,0.337576,0.267718,0.799798,6623,21042,3157,5709
4,4,0.262845,0.221375,0.337576,0.219759,0.800170,5379,21550,2649,6953
4,4,0.284197,0.158125,0.337576,0.181544,0.809586,4291,21858,2341,8041
4,4,0.260546,0.228187,0.337576,0.221729,0.900886,5457,21556,2643,6875
4,4,0.272454,0.192913,0.337576,0.218308,0.898289,5177,21401,2798,7155
4,4,0.276286,0.181560,0.337576,0.179053,1.213638,4390,22048,2151,7942
4,4,0.247790,0.265975,0.337576,0.253264,0.844877,6266,21213,2986,6066
4,4,0.241110,0.285761,0.337576,0.259177,0.798128,6496,21227,2972,5836
4,4,0.257261,0.237918,0.337576,0.253210,0.831017,6092,21041,3158,6240
4,4,0.249979,0.259488,0.337576,0.259177,0.802383,6334,21065,3134,5998
4,4,0.249131,0.262001,0.337576,0.206701,0.806006,5391,22039,2160,6941
4,4,0.255071,0.244405,0.337576,0.260655,2.194204,6268,20945,3254,6064
4,4,0.251868,0.253892,0.337576,0.241138,1.806864,5970,21360,2839,6362
4,4,0.235745,0.301654,0.337576,0.268046,0.769061,6756,21163,3036,5576
4,4,0.277134,0.179046,0.337576,0.215324,0.904411,5037,21370,2829,7295
4,4,0.239386,0.290869,0.337576,0.274205,0.790906,6802,20984,3215,5530
4,4,0.237278,0.297113,0.337576,0.270510,0.793537,6773,21090,3109,5559
4,4,0.270811,0.197778,0.337576,0.181079,0.805036,4527,22111,2088,7805
4,4,0.287235,0.149124,0.337576,0.200022,0.800964,4573,21465,2734,7759
4,4,0.230188,0.318115,0.337576,0.270756,0.793431,6907,21215,2984,5425
4,4,0.260217,0.229160,0.337576,0.226493,0.789107,5550,21475,2724,6782
4,4,0.236621,0.299059,0.337576,0.259177,0.770113,6578,21309,2890,5754
4,4,0.262489,0.222429,0.337576,0.230188,0.807088,5576,21366,2833,6756
4,4,0.259259,0.231998,0.337576,0.206099,0.828789,5195,21865,2334,7137
4,4,0.243218,0.279517,0.337576,0.276669,1.352273,6777,20869,3330,5555
4,4,0.225069,0.333279,0.337576,0.282500,2.715844,7215,21094,3105,5117
4,4,0.248885,0.262731,0.337576,0.271495,1.445068,6579,20860,3339,5753
4,4,0.259615,0.230944,0.337576,0.259177,0.780518,6158,20889,3310,6174
4,4,0.261011,0.226808,0.337576,0.233035,0.789847,5655,21341,2858,6677
4,4,0.273466,0.189912,0.337576,0.237223,0.900670,5504,21037,3162,6828
4,4,0.255591,0.242864,0.337576,0.245134,0.813822,5975,21219,2980,6357
4,4,0.251595,0.254703,0.337576,0.243656,0.829346,6021,21319,2880,6311
4,4,0.255235,0.243918,0.337576,0.251293,1.169771,6094,21113,3086,6238
4,4,0.277326,0.178479,0.337576,0.198817,1.378522,4732,21668,2531,7600
4,4,0.249049,0.262245,0.337576,0.264104,0.795687,6441,20992,3207,5891
4,4,0.255509,0.243107,0.337576,0.242807,0.838033,5934,21263,2936,6398
4,4,0.235663,0.301898,0.337576,0.275191,1.941094,6888,21034,3165,5444
4,4,0.244970,0.274327,0.337576,0.257453,0.816351,6394,21188,3011,5938
4,4,0.271988,0.194291,0.337576,0.204593,0.789422,4935,21660,2539,7397
4,4,0.242944,0.280328,0.337576,0.236977,0.847050,6057,21599,2600,6275
4,4,0.277436,0.178154,0.337576,0.218527,0.912335,5090,21306,2893,7242
4,4,0.249541,0.260785,0.337576,0.268539,0.792445,6513,20902,3297,5819
4,4,0.274315,0.187399,0.337576,0.213052,0.834726,5047,21463,2736,7285
4,4,0.236539,0.299303,0.337576,0.277655,0.921373,6917,20973,3226,5415
4,4,0.248337,0.264353,0.337576,0.279379,0.829164,6733,20726,3473,5599
4,4,0.252936,0.250730,0.337576,0.262188,0.786888,6335,20956,3243,5997
4,4,0.254770,0.245297,0.337576,0.223892,0.915574,5602,21622,2577,6730
4,4,0.252826,0.251054,0.337576,0.243026,1.669560,5987,21308,2891,6345
4,4,0.251896,0.253811,0.337576,0.267061,0.996781,6443,20886,3313,5889
4,4,0.252580,0.251784,0.337576,0.271085,0.867596,6504,20800,3399,5828
4,4,0.276149,0.181966,0.337576,0.195505,0.891521,4693,21750,2449,7639
4,4,0.251512,0.254946,0.337576,0.261039,0.956289,6340,21003,3196,5992
4,4,0.261668,0.224862,0.337576,0.257453,0.858793,6089,20883,3316,6243
4,4,0.277381,0.178317,0.337576,0.224440,0.877671,5199,21199,3000,7133
4,4,0.242780,0.280814,0.337576,0.245134,0.795170,6209,21453,2746,6123
4,4,0.231064,0.315521,0.337576,0.269169,0.790006,6862,21228,2971,5470
4,4,0.248337,0.264353,0.337576,0.261641,0.799712,6409,21050,3149,5923
4,4,0.245326,0.273273,0.337576,0.272645,0.820229,6665,20904,3295,5667
4,4,0.257261,0.237918,0.337576,0.261641,0.787669,6246,20887,3312,6086
4,4,0.256275,0.240837,0.337576,0.225617,0.792127,5606,21563,2636,6726
4,4,0.238756,0.292734,0.337576,0.274397,0.815989,6817,20992,3207,5515
4,4,0.257179,0.238161,0.337576,0.236758,0.777945,5793,21343,2856,6539
4,4,0.243026,0.280084,0.337576,0.256221,0.890586,6407,21246,2953,5925
4,4,0.254633,0.245702,0.337576,0.241384,0.806986,5924,21305,2894,6408
4,4,0.238346,0.293951,0.337576,0.288002,0.835824,7073,20751,3448,5259
4,4,0.239331,0.291031,0.337576,0.263858,0.799663,6614,21174,3025,5718
4,4,0.234322,0.305871,0.337576,0.280365,0.816417,7007,20964,3235,5325
4,4,0.250417,0.258190,0.337576,0.254743,0.831165,6245,21138,3061,6087
4,4,0.241849,0.283571,0.337576,0.279133,0.789788,6847,20849,3350,5485
4,4,0.258383,0.234593,0.337576,0.239659,0.792808,5824,21268,2931,6508
4,4,0.221702,0.343253,0.337576,0.289973,0.855205,7413,21019,3180,4919
4,4,0.240891,0.286409,0.337576,0.282336,0.777804,6923,20808,3391,5409
4,4,0.233829,0.307331,0.337576,0.283814,0.850021,7079,20910,3289,5253
4,4,0.240426,0.287788,0.337576,0.273713,0.785200,6774,20974,3225,5558
4,4,0.245326,0.273273,0.337576,0.250308,0.784672,6257,21312,2887,6075
8,8,0.196628,0.417532,0.337576,0.327366,1.372844,8554,20794,3405,3778
8,8,0.233035,0.309682,0.337576,0.306069,3.242252,7500,20518,3681,4832
8,8,0.211793,0.372608,0.337576,0.310668,1.271679,7972,20822,3377,4360
8,8,0.225808,0.331090,0.337576,0.298678,1.260142,7497,20785,3414,4835
8,8,0.203362,0.397584,0.337576,0.315978,1.249307,8223,20879,3320,4109
8,8,0.215242,0.362391,0.337576,0.314610,1.259081,7981,20687,3512,4351
8,8,0.208645,0.381933,0.337576,0.319071,1.228832,8183,20726,3473,4149
8,8,0.217760,0.354930,0.337576,0.291999,2.128714,7522,21054,3145,4810
8,8,0.222167,0.341875,0.337576,0.313542,1.276107,7835,20580,3619,4497
8,8,0.197503,0.414937,0.337576,0.316580,1.254987,8341,20975,3224,3991
8,8,0.208070,0.383636,0.337576,0.316088,1.936838,8139,20791,3408,4193
8,8,0.202732,0.399449,0.337576,0.302045,1.792587,7980,21145,3054,4352
8,8,0.212669,0.370013,0.337576,0.302455,1.921968,7806,20956,3243,4526
8,8,0.209411,0.379663,0.337576,0.320276,3.540318,8191,20690,3509,4141
8,8,0.227752,0.325332,0.337576,0.243738,2.652637,6458,21753,2446,5874
8,8,0.219512,0.349741,0.337576,0.322329,1.370432,8044,20468,3731,4288
8,8,0.222222,0.341713,0.337576,0.308943,1.271504,7750,20663,3536,4582
8,8,0.230763,0.316413,0.337576,0.292683,1.312561,7297,20804,3395,5035
8,8,0.228546,0.322981,0.337576,0.239659,1.253526,6369,21813,2386,5963
8,8,0.205962,0.389880,0.337576,0.316827,1.268056,8191,20816,3383,4141
8,8,0.201774,0.402287,0.337576,0.318223,1.664774,8293,20867,3332,4039
8,8,0.213189,0.368472,0.337576,0.300950,1.468811,7769,20974,3225,4563
8,8,0.207632,0.384934,0.337576,0.304755,2.269411,7940,21006,3193,4392
8,8,0.254305,0.246675,0.337576,0.233555,1.339429,5787,21454,2745,6545
8,8,0.212559,0.370337,0.337576,0.291944,1.996489,7616,21150,3049,4716
8,8,0.205798,0.390367,0.337576,0.305549,1.268121,7988,21025,3174,4344
8,8,0.208645,0.381933,0.337576,0.315294,1.324765,8114,20795,3404,4218
8,8,0.205524,0.391177,0.337576,0.315841,1.377202,8181,20842,3357,4151
8,8,0.226000,0.330522,0.337576,0.302866,1.446192,7570,20705,3494,4762
8,8,0.198352,0.412423,0.337576,0.316334,1.292229,8321,20964,3235,4011
8,8,0.194985,0.422397,0.337576,0.312146,1.247984,8306,21102,3097,4026
8,8,0.228190,0.324035,0.337576,0.313432,1.582961,7723,20472,3727,4609
8,8,0.210369,0.376825,0.337576,0.309682,2.983427,7980,20866,3333,4352
8,8,0.212121,0.371635,0.337576,0.316964,1.369223,8081,20701,3498,4251
8,8,0.217350,0.356147,0.337576,0.302045,1.304630,7713,20878,3321,4619
8,8,0.211437,0.373662,0.337576,0.320604,2.454999,8160,20647,3552,4172
8,8,0.253182,0.250000,0.337576,0.204237,2.570824,5272,22010,2189,7060
8,8,0.218198,0.353633,0.337576,0.302674,1.218788,7709,20851,3348,4623
8,8,0.209220,0.380230,0.337576,0.300813,1.204332,7839,21049,3150,4493
8,8,0.215954,0.360282,0.337576,0.294845,2.020709,7607,21035,3164,4725
8,8,0.197722,0.414288,0.337576,0.316197,1.390092,8330,20978,3221,4002
8,8,0.195177,0.421829,0.337576,0.324218,1.644795,8523,20878,3321,3809
8,8,0.205770,0.390448,0.337576,0.319920,1.432933,8251,20763,3436,4081
8,8,0.226027,0.330441,0.337576,0.296816,1.387804,7459,20815,3384,4873
8,8,0.221374,0.344226,0.337576,0.318278,1.694396,7936,20508,3691,4396
8,8,0.210698,0.375851,0.337576,0.315047,2.287113,8072,20762,3437,4260
8,8,0.224576,0.334739,0.337576,0.304508,1.354718,7626,20701,3498,4706
8,8,0.212422,0.370743,0.337576,0.314363,1.298346,8028,20743,3456,4304
8,8,0.209384,0.379744,0.337576,0.322712,1.363325,8236,20646,3553,4096
8,8,0.207522,0.385258,0.337576,0.317073,1.349446,8167,20783,3416,4165
8,8,0.231201,0.315115,0.337576,0.300348,1.796083,7429,20656,3543,4903
8,8,0.208261,0.383068,0.337576,0.316334,1.353880,8140,20783,3416,4192
8,8,0.207112,0.386474,0.337576,0.311735,1.310422,8077,20888,3311,4255
8,8,0.199255,0.409747,0.337576,0.317073,1.208715,8318,20934,3265,4014
8,8,0.227588,0.325819,0.337576,0.308067,1.291329,7636,20581,3618,4696
8,8,0.207495,0.385339,0.337576,0.304892,1.516814,7945,21006,3193,4387
8,8,0.215598,0.361336,0.337576,0.295804,1.264835,7631,21024,3175,4701
8,8,0.214092,0.365796,0.337576,0.295119,1.338508,7646,21064,3135,4686
8,8,0.227916,0.324846,0.337576,0.288796,1.374684,7278,20927,3272,5054
8,8,0.201226,0.403909,0.337576,0.317456,1.295680,8289,20891,3308,4043
8,8,0.225863,0.330928,0.337576,0.292437,1.266357,7382,20898,3301,4950
8,8,0.223618,0.337577,0.337576,0.304153,1.233686,7637,20725,3474,4695
8,8,0.202622,0.399773,0.337576,0.310531,1.267375,8137,20992,3207,4195
8,8,0.225069,0.333279,0.337576,0.292683,1.235434,7401,20908,3291,4931
8,8,0.235690,0.301816,0.337576,0.235526,1.228758,6163,21758,2441,6169
8,8,0.216008,0.360120,0.337576,0.318059,1.227699,8030,20610,3589,4302
8,8,0.208152,0.383393,0.337576,0.319017,1.295101,8191,20736,3463,4141
8,8,0.216994,0.357201,0.337576,0.287509,1.278430,7454,21150,3049,4878
8,8,0.207577,0.385096,0.337576,0.300320,1.226209,7860,21088,3111,4472
8,8,0.207522,0.385258,0.337576,0.298185,1.234969,7822,21128,3071,4510
8,8,0.206865,0.387204,0.337576,0.309189,1.292918,8035,20939,3260,4297
8,8,0.249186,0.261839,0.337576,0.262380,1.350904,6407,21021,3178,5925
8,8,0.209220,0.380230,0.337576,0.318716,1.237363,8166,20722,3477,4166
8,8,0.209548,0.379257,0.337576,0.314993,1.317977,8092,20784,3415,4240
8,8,0.195368,0.421262,0.337576,0.321672,1.305341,8473,20921,3278,3859
8,8,0.219704,0.349173,0.337576,0.304618,1.572186,7717,20788,3411,4615
8,8,0.220689,0.346254,0.337576,0.314254,2.579700,7875,20594,3605,4457
8,8,0.209247,0.380149,0.337576,0.298760,2.734177,7801,21086,3113,4531
8,8,0.205743,0.390529,0.337576,0.314363,3.888113,8150,20865,3334,4182
8,8,0.207030,0.386717,0.337576,0.312858,3.078476,8099,20869,3330,4233
8,8,0.208316,0.382906,0.337576,0.318305,1.315501,8175,20746,3453,4157
8,8,0.207331,0.385825,0.337576,0.311461,1.241469,8068,20889,3310,4264
8,8,0.215023,0.363039,0.337576,0.321508,1.274264,8111,20565,3634,4221
8,8,0.219184,0.350714,0.337576,0.290466,2.801392,7468,21056,3143,4864
8,8,0.217815,0.354768,0.337576,0.309518,1.316259,7841,20733,3466,4491
8,8,0.235553,0.302222,0.337576,0.287345,1.298243,7112,20814,3385,5220
8,8,0.231009,0.315683,0.337576,0.302401,1.318184,7470,20622,3577,4862
8,8,0.209028,0.380798,0.337576,0.325313,1.276561,8290,20605,3594,4042
8,8,0.228655,0.322657,0.337576,0.270702,1.266905,6934,21244,2955,5398
8,8,0.206564,0.388096,0.337576,0.308724,1.336965,8032,20953,3246,4300
8,8,0.206811,0.387366,0.337576,0.303769,1.222714,7937,21039,3160,4395
8,8,0.215844,0.360607,0.337576,0.320632,1.376498,8080,20566,3633,4252
8,8,0.233062,0.309601,0.337576,0.295858,1.361959,7313,20704,3495,5019
8,8,0.214311,0.365148,0.337576,0.293422,2.721121,7611,21091,3108,4721
8,8,0.219238,0.350551,0.337576,0.306671,2.375484,7763,20759,3440,4569
8,8,0.207386,0.385663,0.337576,0.323232,1.293648,8282,20673,3526,4050
8,8,0.210342,0.376906,0.337576,0.319290,3.247085,8156,20691,3508,4176
8,8,0.206044,0.389637,0.337576,0.317566,2.764225,8203,20801,3398,4129
8,8,0.207906,0.384123,0.337576,0.322931,1.229745,8267,20669,3530,4065
8,8,0.209493,0.379419,0.337576,0.310668,1.272770,8014,20864,3335,4318
16,16,0.166242,0.507541,0.337576,0.333333,2.151213,9218,21240,2959,3114
16,16,0.170102,0.496108,0.337576,0.329802,2.206312,9083,21234,2965,3249
16,16,0.180586,0.465050,0.337576,0.335469,2.244716,8995,20939,3260,3337
16,16,0.168870,0.499757,0.337576,0.337494,2.224720,9246,21116,3083,3086
16,16,0.166133,0.507866,0.337576,0.330377,2.199589,9166,21296,2903,3166
16,16,0.167036,0.505190,0.337576,0.337631,3.034760,9282,21147,3052,3050
16,16,0.173496,0.486053,0.337576,0.326736,2.360501,8965,21228,2971,3367
16,16,0.165230,0.510542,0.337576,0.331116,2.137927,9196,21299,2900,3136
16,16,0.184473,0.453536,0.337576,0.320030,3.554025,8642,21150,3049,3690
16,16,0.174591,0.482809,0.337576,0.333251,2.258705,9064,21089,3110,3268
16,16,0.166680,0.506244,0.337576,0.335469,2.180559,9249,21193,3006,3083
16,16,0.176754,0.476403,0.337576,0.325450,2.296297,8882,21192,3007,3450
16,16,0.170321,0.495459,0.337576,0.336043,2.203195,9193,21116,3083,3139
16,16,0.165147,0.510785,0.337576,0.335852,2.131304,9284,21214,2985,3048
16,16,0.162711,0.518002,0.337576,0.337960,3.257351,9367,21220,2979,2965
16,16,0.184008,0.454914,0.337576,0.335441,3.825240,8932,20877,3322,3400
16,16,0.180504,0.465294,0.337576,0.339000,3.386349,9061,20876,3323,3271
16,16,0.169062,0.499189,0.337576,0.331718,2.073812,9137,21218,2981,3195
16,16,0.167556,0.503649,0.337576,0.336509,2.244085,9252,21158,3041,3080
16,16,0.164792,0.511839,0.337576,0.334839,3.144728,9272,21239,2960,3060
16,16,0.180504,0.465294,0.337576,0.326189,4.254393,8827,21110,3089,3505
16,16,0.174455,0.483214,0.337576,0.329337,2.247170,8995,21163,3036,3337
16,16,0.172292,0.489620,0.337576,0.333689,2.662787,9114,21123,3076,3218
16,16,0.166735,0.506082,0.337576,0.333826,3.831745,9218,21222,2977,3114
16,16,0.171416,0.492215,0.337576,0.332102,3.345443,9101,21168,3031,3231
16,16,0.159153,0.528544,0.337576,0.332923,2.501402,9340,21377,2822,2992
16,16,0.171389,0.492296,0.337576,0.333388,4.068292,9125,21145,3054,3207
16,16,0.178917,0.469997,0.337576,0.332868,2.320469,8978,21017,3182,3354
16,16,0.177466,0.474295,0.337576,0.335195,2.218556,9047,21001,3198,3285
16,16,0.165284,0.510380,0.337576,0.329419,2.186055,9164,21329,2870,3168
16,16,0.153431,0.545491,0.337576,0.333498,5.880095,9455,21471,2728,2877
16,16,0.173715,0.485404,0.337576,0.321261,2.205675,8861,21324,2875,3471
16,16,0.166981,0.505352,0.337576,0.328379,3.273177,9114,21317,2882,3218
16,16,0.180340,0.465780,0.337576,0.324711,3.438224,8803,21140,3059,3529
16,16,0.167173,0.504784,0.337576,0.330541,2.619245,9150,21274,2925,3182
16,16,0.177137,0.475268,0.337576,0.330541,2.203870,8968,21092,3107,3364
16,16,0.175194,0.481025,0.337576,0.332430,2.326729,9038,21093,3106,3294
16,16,0.173086,0.487269,0.337576,0.332457,4.397608,9077,21131,3068,3255
16,16,0.170403,0.495216,0.337576,0.329172,2.676364,9066,21240,2959,3266
16,16,0.174564,0.482890,0.337576,0.333717,3.112080,9073,21081,3118,3259
16,16,0.170759,0.494162,0.337576,0.334510,4.323623,9157,21136,3063,3175
16,16,0.163998,0.514191,0.337576,0.329391,2.703713,9187,21353,2846,3145
16,16,0.179765,0.467483,0.337576,0.334155,2.745090,8986,20978,3221,3346
16,16,0.173989,0.484593,0.337576,0.334072,2.845330,9090,21085,3114,3242
16,16,0.179574,0.468051,0.337576,0.334072,2.271935,8988,20983,3216,3344
16,16,0.184939,0.452157,0.337576,0.326079,3.865793,8744,21031,3168,3588
16,16,0.172894,0.487837,0.337576,0.335332,2.413037,9133,21082,3117,3199
16,16,0.164080,0.513947,0.337576,0.328652,2.465396,9172,21365,2834,3160
16,16,0.161671,0.521083,0.337576,0.333251,2.827704,9300,21325,2874,3032
16,16,0.164354,0.513137,0.337576,0.334784,2.947680,9279,21248,2951,3053
16,16,0.161616,0.521246,0.337576,0.331116,2.445238,9262,21365,2834,3070
16,16,0.174728,0.482404,0.337576,0.331472,4.052349,9029,21119,3080,3303
16,16,0.177986,0.472754,0.337576,0.330131,3.071484,8945,21084,3115,3387
16,16,0.159371,0.527895,0.337576,0.336153,2.403119,9395,21314,2885,2937
16,16,0.178643,0.470808,0.337576,0.330131,2.184927,8933,21072,3127,3399
16,16,0.166379,0.507136,0.337576,0.334456,4.890231,9236,21217,2982,3096
16,16,0.171361,0.492378,0.337576,0.330842,2.616075,9079,21192,3007,3253
16,16,0.156141,0.537464,0.337576,0.336043,2.156322,9452,21375,2824,2880
16,16,0.179464,0.468375,0.337576,0.327448,2.080309,8869,21106,3093,3463
16,16,0.169582,0.497648,0.337576,0.335742,2.366635,9201,21135,3064,3131
16,16,0.177028,0.475592,0.337576,0.328899,2.580812,8940,21124,3075,3392
16,16,0.166735,0.506082,0.337576,0.334921,5.284501,9238,21202,2997,3094
16,16,0.173551,0.485890,0.337576,0.329145,2.230403,9008,21183,3016,3324
16,16,0.171608,0.491648,0.337576,0.334319,2.361209,9138,21124,3075,3194
16,16,0.173387,0.486377,0.337576,0.335660,2.313712,9130,21067,3132,3202
16,16,0.179218,0.469105,0.337576,0.331143,4.265541,8941,21043,3156,3391
16,16,0.178287,0.471862,0.337576,0.329391,2.390953,8926,21092,3107,3406
16,16,0.164737,0.512001,0.337576,0.331116,2.321649,9205,21308,2891,3127
16,16,0.169664,0.497405,0.337576,0.334510,2.291171,9177,21156,3043,3155
16,16,0.179491,0.468294,0.337576,0.331746,2.343996,8947,21027,3172,3385
16,16,0.171717,0.491323,0.337576,0.326380,3.085175,8991,21267,2932,3341
16,16,0.175303,0.480701,0.337576,0.330514,2.366431,9001,21126,3073,3331
16,16,0.172703,0.488404,0.337576,0.332019,2.638051,9076,21146,3053,3256
16,16,0.179327,0.468780,0.337576,0.322657,2.344753,8784,21196,3003,3548
16,16,0.175358,0.480538,0.337576,0.333361,2.183461,9052,21073,3126,3280
16,16,0.186253,0.448265,0.337576,0.336536,2.289840,8911,20816,3383,3421
16,16,0.184857,0.452400,0.337576,0.325012,2.140341,8726,21052,3147,3606
16,16,0.174208,0.483944,0.337576,0.328160,2.289650,8978,21189,3010,3354
16,16,0.177082,0.475430,0.337576,0.326271,2.168262,8891,21171,3028,3441
16,16,0.159481,0.527571,0.337576,0.337795,2.287485,9423,21282,2917,2909
16,16,0.177028,0.475592,0.337576,0.325450,2.805530,8877,21187,3012,3455
16,16,0.170212,0.495783,0.337576,0.336372,2.221743,9201,21112,3087,3131
16,16,0.165777,0.508920,0.337576,0.336865,2.174971,9291,21184,3015,3041
16,16,0.163888,0.514515,0.337576,0.329063,2.637365,9183,21361,2838,3149
16,16,0.171964,0.490594,0.337576,0.332266,2.411682,9094,21155,3044,3238
16,16,0.179601,0.467970,0.337576,0.336180,2.197843,9026,20944,3255,3306
16,16,0.173168,0.487026,0.337576,0.327338,2.232489,8982,21223,2976,3350
16,16,0.167803,0.502919,0.337576,0.331773,2.249555,9161,21240,2959,3171
16,16,0.185568,0.450292,0.337576,0.329172,2.809729,8789,20963,3236,3543
16,16,0.166160,0.507785,0.337576,0.332704,2.514706,9208,21253,2946,3124
16,16,0.172593,0.488729,0.337576,0.322329,2.245019,8901,21325,2874,3431
16,16,0.170321,0.495459,0.337576,0.330514,2.353867,9092,21217,2982,3240
16,16,0.188278,0.442264,0.337576,0.334784,2.301201,8842,20811,3388,3490
16,16,0.165941,0.508433,0.337576,0.333689,5.948275,9230,21239,2960,3102
16,16,0.178780,0.470402,0.337576,0.334757,2.277219,9015,20985,3214,3317
16,16,0.185651,0.450049,0.337576,0.323561,3.053548,8685,21064,3135,3647
16,16,0.159673,0.527003,0.337576,0.330870,2.361794,9293,21405,2794,3039
16,16,0.180148,0.466348,0.337576,0.339082,2.310811,9069,20881,3318,3263
16,16,0.164326,0.513218,0.337576,0.332841,2.700056,9244,21284,2915,3088
16,16,0.166023,0.508190,0.337576,0.330103,2.157780,9163,21303,2896,3169
27,27,0.140566,0.583604,0.337576,0.337494,3.503646,9763,21633,2566,2569
27,27,0.139169,0.587739,0.337576,0.338945,3.501010,9815,21632,2567,2517
27,27,0.140921,0.582549,0.337576,0.334894,4.516315,9709,21674,2525,2623
27,27,0.143850,0.573873,0.337576,0.334538,4.076720,9649,21627,2572,2683
27,27,0.155375,0.539734,0.337576,0.335824,3.475436,9462,21393,2806,2870
27,27,0.151187,0.552141,0.337576,0.340286,4.316263,9620,21388,2811,2712
27,27,0.152446,0.548411,0.337576,0.337275,4.087063,9542,21420,2779,2790
27,27,0.149572,0.556925,0.337576,0.336755,3.526454,9585,21482,2717,2747
27,27,0.145986,0.567548,0.337576,0.332841,3.885210,9579,21619,2580,2753
27,27,0.147820,0.562115,0.337576,0.334346,3.761601,9573,21558,2641,2759
27,27,0.145876,0.567872,0.337576,0.333881,5.690615,9600,21602,2597,2732
27,27,0.135392,0.598930,0.337576,0.337138,4.564738,9851,21734,2465,2481
27,27,0.154910,0.541113,0.337576,0.337439,3.444390,9500,21372,2827,2832
27,27,0.139197,0.587658,0.337576,0.335250,3.424083,9747,21699,2500,2585
27,27,0.147874,0.561953,0.337576,0.335441,3.487710,9592,21537,2662,2740
27,27,0.153322,0.545816,0.337576,0.335961,3.610285,9502,21428,2771,2830
27,27,0.146752,0.565277,0.337576,0.337494,3.672739,9650,21520,2679,2682
27,27,0.142482,0.577927,0.337576,0.333607,3.499545,9657,21669,2530,2675
27,27,0.146287,0.566656,0.337576,0.335277,4.457265,9618,21569,2630,2714
27,27,0.146232,0.566818,0.337576,0.333580,6.797585,9588,21601,2598,2744
27,27,0.153459,0.545410,0.337576,0.333634,4.485844,9457,21468,2731,2875
27,27,0.141606,0.580522,0.337576,0.333333,3.323133,9668,21690,2509,2664
27,27,0.142865,0.576792,0.337576,0.336399,3.560821,9701,21611,2588,2631
27,27,0.154882,0.541194,0.337576,0.341901,3.703315,9582,21291,2908,2750
27,27,0.142235,0.578657,0.337576,0.335824,3.552477,9702,21633,2566,2630
27,27,0.144069,0.573224,0.337576,0.336290,3.678002,9677,21591,2608,2655
27,27,0.151132,0.552303,0.337576,0.333333,4.403195,9494,21516,2683,2838
27,27,0.144124,0.573062,0.337576,0.332841,4.609629,9613,21653,2546,2719
27,27,0.144261,0.572657,0.337576,0.335770,8.356077,9664,21597,2602,2668
27,27,0.149873,0.556033,0.337576,0.337987,4.864450,9602,21454,2745,2730
27,27,0.147902,0.561872,0.337576,0.335031,5.295239,9584,21544,2655,2748
27,27,0.148176,0.561061,0.337576,0.330760,3.227019,9501,21617,2582,2831
27,27,0.139717,0.586117,0.337576,0.334291,3.430693,9720,21707,2492,2612
27,27,0.140045,0.585144,0.337576,0.334675,4.076328,9721,21694,2505,2611
27,27,0.137801,0.591794,0.337576,0.333853,6.389055,9747,21750,2449,2585
27,27,0.146341,0.566494,0.337576,0.339328,3.351505,9691,21494,2705,2641
27,27,0.139799,0.585874,0.337576,0.332512,3.802891,9686,21738,2461,2646
27,27,0.153951,0.543951,0.337576,0.335824,3.466643,9488,21419,2780,2844
27,27,0.135255,0.599335,0.337576,0.336618,3.673691,9844,21746,2453,2488
27,27,0.144097,0.573143,0.337576,0.336810,3.479248,9686,21581,2618,2646
27,27,0.149353,0.557574,0.337576,0.335113,4.451526,9559,21516,2683,2773
27,27,0.142728,0.577198,0.337576,0.337357,6.422772,9721,21596,2603,2611
27,27,0.150037,0.555547,0.337576,0.338042,3.809508,9600,21450,2749,2732
27,27,0.142098,0.579063,0.337576,0.334976,3.322057,9689,21651,2548,2643
27,27,0.144754,0.571197,0.337576,0.335058,3.612583,9642,21601,2598,2690
27,27,0.142181,0.578819,0.337576,0.336262,7.312671,9711,21626,2573,2621
27,27,0.150940,0.552871,0.337576,0.336865,3.390320,9562,21455,2744,2770
27,27,0.152364,0.548654,0.337576,0.339821,7.501471,9590,21375,2824,2742
27,27,0.154307,0.542897,0.337576,0.336071,4.305804,9486,21408,2791,2846
27,27,0.141359,0.581252,0.337576,0.336372,4.217481,9728,21639,2560,2604
27,27,0.142509,0.577846,0.337576,0.338343,4.155966,9743,21582,2617,2589
27,27,0.158277,0.531139,0.337576,0.334456,3.715442,9384,21365,2834,2948
27,27,0.150365,0.554573,0.337576,0.322384,3.498675,9308,21730,2469,3024
27,27,0.139991,0.585307,0.337576,0.334072,6.074497,9711,21706,2493,2621
27,27,0.136405,0.595929,0.337576,0.332184,4.757004,9742,21806,2393,2590
27,27,0.140429,0.584009,0.337576,0.338452,9.491853,9783,21618,2581,2549
27,27,0.150365,0.554573,0.337576,0.334702,3.747476,9533,21505,2694,2799
27,27,0.142263,0.578576,0.337576,0.333498,6.855861,9659,21675,2524,2673
27,27,0.141551,0.580684,0.337576,0.333990,7.934032,9681,21679,2520,2651
27,27,0.138649,0.589280,0.337576,0.333990,4.345780,9734,21732,2467,2598
27,27,0.148696,0.559520,0.337576,0.334018,7.475621,9551,21548,2651,2781
27,27,0.155238,0.540139,0.337576,0.338753,4.266174,9518,21342,2857,2814
27,27,0.137992,0.591226,0.337576,0.335140,7.670438,9767,21723,2476,2565
27,27,0.141140,0.581901,0.337576,0.334018,3.510722,9689,21686,2513,2643
27,27,0.141852,0.579792,0.337576,0.336755,4.156584,9726,21623,2576,2606
27,27,0.148312,0.560655,0.337576,0.338836,3.881292,9646,21467,2732,2686
27,27,0.150886,0.553033,0.337576,0.327886,6.292164,9399,21620,2579,2933
27,27,0.137554,0.592524,0.337576,0.335195,3.735103,9776,21730,2469,2556
27,27,0.139826,0.585793,0.337576,0.334456,6.810067,9721,21702,2497,2611
27,27,0.146205,0.566899,0.337576,0.335523,4.556177,9624,21566,2633,2708
27,27,0.139772,0.585955,0.337576,0.333196,6.481515,9699,21726,2473,2633
27,27,0.146095,0.567223,0.337576,0.335195,6.249123,9620,21574,2625,2712
27,27,0.143166,0.575900,0.337576,0.334565,3.500784,9662,21639,2560,2670
27,27,0.145739,0.568278,0.337576,0.337412,3.449926,9667,21540,2659,2665
27,27,0.147929,0.561790,0.337576,0.333689,4.161457,9559,21568,2631,2773
27,27,0.140757,0.583036,0.337576,0.336591,3.314045,9743,21646,2553,2589
27,27,0.141879,0.579711,0.337576,0.335633,4.447634,9705,21643,2556,2627
27,27,0.136870,0.594551,0.337576,0.337741,5.007146,9835,21696,2503,2497
27,27,0.160740,0.523840,0.337576,0.337248,5.577092,9390,21269,2930,2942
27,27,0.148942,0.558790,0.337576,0.335140,3.378420,9567,21523,2676,2765
27,27,0.139471,0.586847,0.337576,0.336509,3.380877,9765,21671,2528,2567
27,27,0.147272,0.563737,0.337576,0.335715,3.381832,9608,21543,2656,2724
27,27,0.148422,0.560331,0.337576,0.335386,7.131280,9581,21528,2671,2751
27,27,0.142838,0.576873,0.337576,0.334620,3.502511,9669,21644,2555,2663
27,27,0.146040,0.567386,0.337576,0.333333,3.663210,9587,21609,2590,2745
27,27,0.145520,0.568926,0.337576,0.337357,3.473468,9670,21545,2654,2662
27,27,0.149873,0.556033,0.337576,0.332676,3.425293,9505,21551,2648,2827
27,27,0.142728,0.577198,0.337576,0.334346,5.169298,9666,21651,2548,2666
27,27,0.145712,0.568359,0.337576,0.338753,3.487752,9692,21516,2683,2640
27,27,0.141879,0.579711,0.337576,0.335031,3.535364,9694,21654,2545,2638
27,27,0.135748,0.597875,0.337576,0.334428,7.193772,9795,21777,2422,2537
27,27,0.148805,0.559196,0.337576,0.336098,3.529544,9587,21508,2691,2745
27,27,0.136432,0.595848,0.337576,0.334839,3.241687,9790,21757,2442,2542
27,27,0.142865,0.576792,0.337576,0.333224,3.451308,9643,21669,2530,2689
27,27,0.138348,0.590172,0.337576,0.334346,3.564073,9746,21731,2468,2586
27,27,0.140511,0.583766,0.337576,0.339684,3.562897,9804,21594,2605,2528
27,27,0.144672,0.571440,0.337576,0.335523,3.501545,9652,21594,2605,2680
27,27,0.147601,0.562764,0.337576,0.336810,3.351917,9622,21517,2682,2710
27,27,0.145931,0.567710,0.337576,0.336563,6.269546,9648,21552,2647,2684
27,27,0.143659,0.574440,0.337576,0.335660,3.757927,9673,21610,2589,2659
