1,1,0.268681,0.040427,0.280000,0.050394,0.557039,1333,30260,844,10763
1,1,0.274792,0.018601,0.280000,0.021227,0.555709,571,30758,346,11525
1,1,0.268472,0.041171,0.280000,0.050556,0.508917,1341,30261,843,10755
1,1,0.268472,0.041171,0.280000,0.048935,0.480728,1306,30296,808,10790
1,1,0.267593,0.044312,0.280000,0.053472,0.501847,1423,30217,887,10673
1,1,0.265278,0.052579,0.280000,0.062222,0.529172,1662,30078,1026,10434
1,1,0.266574,0.047950,0.280000,0.056389,0.640176,1508,30176,928,10588
1,1,0.274884,0.018271,0.280000,0.021551,0.767825,576,30749,355,11520
1,1,0.266690,0.047536,0.280000,0.056227,0.858033,1502,30177,927,10594
1,1,0.265787,0.050761,0.280000,0.059954,0.500374,1602,30116,988,10494
1,1,0.266366,0.048694,0.280000,0.056875,0.542639,1523,30170,934,10573
1,1,0.265509,0.051753,0.280000,0.061898,0.482214,1650,30080,1024,10446
1,1,0.272130,0.028108,0.280000,0.032731,0.502692,877,30567,537,11219
1,1,0.272222,0.027778,0.280000,0.032407,0.485518,868,30572,532,11228
1,1,0.266829,0.047040,0.280000,0.056227,0.492833,1499,30174,930,10597
1,1,0.268009,0.042824,0.280000,0.051528,0.501897,1372,30250,854,10724
1,1,0.268681,0.040427,0.280000,0.050394,0.504718,1333,30260,844,10763
1,1,0.265417,0.052083,0.280000,0.061898,0.532025,1652,30082,1022,10444
1,1,0.271991,0.028604,0.280000,0.033380,0.522124,894,30556,548,11202
1,1,0.269329,0.038112,0.280000,0.047153,0.486174,1249,30316,788,10847
1,1,0.275370,0.016534,0.280000,0.020741,0.540206,548,30756,348,11548
1,1,0.275370,0.016534,0.280000,0.020417,0.512541,541,30763,341,11555
1,1,0.267245,0.045552,0.280000,0.054931,0.513374,1462,30193,911,10634
1,1,0.269769,0.036541,0.280000,0.046343,0.519106,1222,30324,780,10874
1,1,0.267106,0.046048,0.280000,0.055579,0.544911,1479,30182,922,10617
1,1,0.272986,0.025050,0.280000,0.030625,0.483209,813,30594,510,11283
1,1,0.267222,0.045635,0.280000,0.055093,0.491732,1466,30190,914,10630
1,1,0.266019,0.049934,0.280000,0.059630,0.531555,1590,30118,986,10506
1,1,0.267407,0.044974,0.280000,0.054120,0.497279,1441,30207,897,10655
1,1,0.272500,0.026786,0.280000,0.031759,0.510341,848,30580,524,11248
1,1,0.268079,0.042576,0.280000,0.051042,0.490207,1360,30259,845,10736
1,1,0.267037,0.046296,0.280000,0.055417,0.516738,1477,30187,917,10619
1,1,0.273148,0.024471,0.280000,0.031435,0.487023,827,30573,531,11269
1,1,0.267500,0.044643,0.280000,0.052500,0.488865,1404,30240,864,10692
1,1,0.267361,0.045139,0.280000,0.054444,0.496388,1449,30201,903,10647
1,1,0.272986,0.025050,0.280000,0.031921,0.483286,841,30566,538,11255
1,1,0.265556,0.051587,0.280000,0.061574,0.548301,1642,30086,1018,10454
1,1,0.266389,0.048611,0.280000,0.057685,0.535125,1540,30152,952,10556
1,1,0.265810,0.050678,0.280000,0.060116,0.481683,1605,30112,992,10491
1,1,0.267338,0.045222,0.280000,0.054606,0.543900,1453,30198,906,10643
1,1,0.267199,0.045718,0.280000,0.054931,0.542372,1463,30194,910,10633
1,1,0.267569,0.044395,0.280000,0.051690,0.492887,1385,30256,848,10711
1,1,0.267523,0.044560,0.280000,0.053310,0.497340,1421,30222,882,10675
1,1,0.275162,0.017278,0.280000,0.021227,0.510392,563,30750,354,11533
1,1,0.274954,0.018022,0.280000,0.021389,0.568201,571,30751,353,11525
1,1,0.268218,0.042080,0.280000,0.050069,0.572076,1336,30277,827,10760
1,1,0.266296,0.048942,0.280000,0.057685,0.521183,1542,30154,950,10554
1,1,0.267894,0.043237,0.280000,0.052014,0.971783,1385,30242,862,10711
1,1,0.265509,0.051753,0.280000,0.061898,0.532748,1650,30080,1024,10446
1,1,0.269421,0.037781,0.280000,0.047153,0.573764,1247,30314,790,10849
1,1,0.265486,0.051835,0.280000,0.062060,0.764736,1654,30077,1027,10442
1,1,0.275023,0.017774,0.280000,0.021227,1.996925,566,30753,351,11530
1,1,0.266296,0.048942,0.280000,0.057685,0.590895,1542,30154,950,10554
1,1,0.272477,0.026868,0.280000,0.032245,0.604919,859,30570,534,11237
1,1,0.267222,0.045635,0.280000,0.055093,0.584643,1466,30190,914,10630
1,1,0.267778,0.043651,0.280000,0.052500,0.588630,1398,30234,870,10698
1,1,0.272778,0.025794,0.280000,0.031759,0.568314,842,30574,530,11254
1,1,0.267245,0.045552,0.280000,0.053958,0.512654,1441,30214,890,10655
1,1,0.267546,0.044478,0.280000,0.053148,0.494472,1417,30225,879,10679
1,1,0.266667,0.047619,0.280000,0.057037,0.518725,1520,30160,944,10576
1,1,0.268495,0.041088,0.280000,0.049097,0.511998,1309,30292,812,10787
1,1,0.272130,0.028108,0.280000,0.032731,0.497997,877,30567,537,11219
1,1,0.267500,0.044643,0.280000,0.053796,0.501826,1432,30212,892,10664
1,1,0.272361,0.027282,0.280000,0.032731,0.488986,872,30562,542,11224
1,1,0.266690,0.047536,0.280000,0.056875,0.524078,1516,30163,941,10580
1,1,0.275116,0.017444,0.280000,0.021875,0.483104,578,30737,367,11518
1,1,0.271852,0.029101,0.280000,0.034028,0.491129,911,30545,559,11185
1,1,0.267523,0.044560,0.280000,0.053310,0.491390,1421,30222,882,10675
1,1,0.267847,0.043403,0.280000,0.052338,0.482905,1393,30236,868,10703
1,1,0.272639,0.026290,0.280000,0.032083,0.514926,852,30570,534,11244
1,1,0.267523,0.044560,0.280000,0.053634,0.554190,1428,30215,889,10668
1,1,0.269815,0.036376,0.280000,0.046019,0.482833,1214,30330,774,10882
1,1,0.267778,0.043651,0.280000,0.052500,0.482241,1398,30234,870,10698
1,1,0.272708,0.026042,0.280000,0.031597,0.487192,840,30579,525,11256
1,1,0.269282,0.038277,0.280000,0.048773,1.404603,1285,30282,822,10811
1,1,0.265255,0.052662,0.280000,0.063032,0.918467,1680,30061,1043,10416
1,1,0.265741,0.050926,0.280000,0.060278,0.535138,1610,30110,994,10486
1,1,0.268681,0.040427,0.280000,0.050394,0.506760,1333,30260,844,10763
1,1,0.266944,0.046627,0.280000,0.055741,0.493784,1486,30182,922,10610
1,1,0.275440,0.016286,0.280000,0.020579,0.495875,543,30758,346,11553
1,1,0.268079,0.042576,0.280000,0.051042,0.496828,1360,30259,845,10736
1,1,0.268750,0.040179,0.280000,0.050231,0.505236,1328,30262,842,10768
1,1,0.271991,0.028604,0.280000,0.033380,0.491897,894,30556,548,11202
1,1,0.272801,0.025711,0.280000,0.031921,0.537748,845,30570,534,11251
1,1,0.265579,0.051505,0.280000,0.061412,0.527939,1638,30089,1015,10458
1,1,0.268495,0.041088,0.280000,0.050718,0.481643,1344,30257,847,10752
1,1,0.264769,0.054398,0.280000,0.065787,0.481852,1750,30012,1092,10346
1,1,0.267523,0.044560,0.280000,0.053634,0.493909,1428,30215,889,10668
1,1,0.267130,0.045966,0.280000,0.055417,0.484830,1475,30185,919,10621
1,1,0.266667,0.047619,0.280000,0.057037,0.526042,1520,30160,944,10576
1,1,0.272847,0.025546,0.280000,0.031273,0.566366,830,30583,521,11266
1,1,0.272176,0.027943,0.280000,0.032407,0.493752,869,30573,531,11227
1,1,0.265556,0.051587,0.280000,0.061574,0.540478,1642,30086,1018,10454
1,1,0.272639,0.026290,0.280000,0.031759,0.484997,845,30577,527,11251
1,1,0.265301,0.052497,0.280000,0.062708,0.532604,1672,30067,1037,10424
1,1,0.272986,0.025050,0.280000,0.030301,0.495257,806,30601,503,11290
1,1,0.272014,0.028522,0.280000,0.033218,0.486157,890,30559,545,11206
1,1,0.266806,0.047123,0.280000,0.054769,0.484622,1468,30206,898,10628
1,1,0.271991,0.028604,0.280000,0.033380,0.491350,894,30556,548,11202
1,1,0.272708,0.026042,0.280000,0.031597,0.481953,840,30579,525,11256
2,2,0.258079,0.078290,0.280000,0.089282,0.601046,2402,29649,1455,9694
2,2,0.256806,0.082837,0.280000,0.096574,0.593544,2587,29519,1585,9509
2,2,0.267662,0.044064,0.280000,0.051690,0.589768,1383,30254,850,10713
2,2,0.260231,0.070602,0.280000,0.084907,0.605790,2261,29697,1407,9835
2,2,0.260185,0.070767,0.280000,0.083935,0.598165,2241,29719,1385,9855
2,2,0.255671,0.086888,0.280000,0.101921,0.623293,2727,29428,1676,9369
2,2,0.257245,0.081267,0.280000,0.092523,0.613432,2490,29597,1507,9606
2,2,0.260787,0.068618,0.280000,0.081019,0.650008,2165,29769,1335,9931
2,2,0.257083,0.081845,0.280000,0.094630,0.602475,2539,29555,1549,9557
2,2,0.262037,0.064153,0.280000,0.076157,0.593048,2033,29847,1257,10063
2,2,0.262361,0.062996,0.280000,0.074861,0.668612,1998,29868,1236,10098
2,2,0.265185,0.052910,0.280000,0.064815,0.632750,1720,30024,1080,10376
2,2,0.258403,0.077133,0.280000,0.090903,0.637570,2430,29607,1497,9666
2,2,0.260810,0.068535,0.280000,0.082153,0.586913,2189,29744,1360,9907
2,2,0.267315,0.045304,0.280000,0.052824,0.600947,1415,30237,867,10681
2,2,0.263356,0.059441,0.280000,0.074051,0.628984,1959,29864,1240,10137
2,2,0.254444,0.091270,0.280000,0.105000,0.598573,2820,29388,1716,9276
2,2,0.258889,0.075397,0.280000,0.090417,0.590538,2409,29607,1497,9687
2,2,0.261250,0.066964,0.280000,0.079074,0.592492,2113,29801,1303,9983
2,2,0.258056,0.078373,0.280000,0.091065,0.886480,2441,29611,1493,9655
2,2,0.259491,0.073247,0.280000,0.084907,0.609196,2277,29713,1391,9819
2,2,0.260741,0.068783,0.280000,0.081667,0.603759,2180,29756,1348,9916
2,2,0.258981,0.075066,0.280000,0.087824,0.602327,2351,29661,1443,9745
2,2,0.256134,0.085235,0.280000,0.095764,0.614683,2584,29551,1553,9512
2,2,0.261019,0.067791,0.280000,0.079722,0.615322,2132,29792,1312,9964
2,2,0.261088,0.067543,0.280000,0.081181,0.633100,2162,29759,1345,9934
2,2,0.258495,0.076802,0.280000,0.092199,0.600599,2456,29577,1527,9640
2,2,0.258588,0.076472,0.280000,0.089606,0.591581,2398,29631,1473,9698
2,2,0.254375,0.091518,0.280000,0.108079,0.591224,2888,29323,1781,9208
2,2,0.255023,0.089203,0.280000,0.107755,0.584382,2867,29316,1788,9229
2,2,0.258356,0.077298,0.280000,0.087662,0.656458,2361,29678,1426,9735
2,2,0.254745,0.090195,0.280000,0.103542,0.600516,2782,29413,1691,9314
2,2,0.262755,0.061591,0.280000,0.072755,0.684982,1944,29905,1199,10152
2,2,0.255231,0.088459,0.280000,0.101111,0.661079,2719,29455,1649,9377
2,2,0.262546,0.062335,0.280000,0.078102,1.347731,2064,29794,1310,10032
2,2,0.260185,0.070767,0.280000,0.084259,2.000727,2248,29712,1392,9848
2,2,0.260764,0.068700,0.280000,0.081505,0.721670,2176,29759,1345,9920
2,2,0.257222,0.081349,0.280000,0.092685,1.240752,2494,29594,1510,9602
2,2,0.263449,0.059110,0.280000,0.071134,0.596275,1894,29925,1179,10202
2,2,0.256574,0.083664,0.280000,0.099167,0.595325,2648,29468,1636,9448
2,2,0.266481,0.048280,0.280000,0.054769,0.623222,1475,30213,891,10621
2,2,0.256134,0.085235,0.280000,0.094144,0.947360,2549,29586,1518,9547
2,2,0.260579,0.069362,0.280000,0.081181,1.039795,2173,29770,1334,9923
2,2,0.263634,0.058449,0.280000,0.069514,0.651607,1855,29956,1148,10241
2,2,0.260509,0.069610,0.280000,0.084259,0.715225,2241,29705,1399,9855
2,2,0.260486,0.069692,0.280000,0.084097,0.656525,2238,29709,1395,9858
2,2,0.255671,0.086888,0.280000,0.099329,0.633100,2671,29484,1620,9425
2,2,0.255602,0.087136,0.280000,0.104028,2.002786,2774,29384,1720,9322
2,2,0.258819,0.075645,0.280000,0.088958,1.873935,2379,29640,1464,9717
2,2,0.263380,0.059358,0.280000,0.069676,1.624270,1864,29958,1146,10232
2,2,0.259653,0.072669,0.280000,0.085718,0.626474,2291,29692,1412,9805
2,2,0.258125,0.078125,0.280000,0.092847,0.662992,2478,29571,1533,9618
2,2,0.255046,0.089120,0.280000,0.101111,0.625767,2723,29459,1645,9373
2,2,0.266644,0.047702,0.280000,0.055579,0.629486,1489,30192,912,10607
2,2,0.262940,0.060929,0.280000,0.074375,1.933487,1975,29866,1238,10121
2,2,0.255671,0.086888,0.280000,0.096412,1.661581,2608,29547,1557,9488
2,2,0.258912,0.075314,0.280000,0.085069,0.662229,2293,29722,1382,9803
2,2,0.257199,0.081432,0.280000,0.090903,0.595955,2456,29633,1471,9640
2,2,0.260370,0.070106,0.280000,0.082639,0.659104,2209,29743,1361,9887
2,2,0.254699,0.090360,0.280000,0.103866,1.056095,2790,29407,1697,9306
2,2,0.261065,0.067626,0.280000,0.080694,2.386313,2152,29770,1334,9944
2,2,0.255856,0.086227,0.280000,0.096088,1.652126,2597,29550,1554,9499
2,2,0.256412,0.084243,0.280000,0.093819,0.658496,2536,29587,1517,9560
2,2,0.258611,0.076389,0.280000,0.093657,0.629454,2485,29543,1561,9611
2,2,0.256759,0.083003,0.280000,0.095602,0.625376,2567,29541,1563,9529
2,2,0.259236,0.074157,0.280000,0.087662,0.602061,2342,29659,1445,9754
2,2,0.262546,0.062335,0.280000,0.076157,0.631778,2022,29836,1268,10074
2,2,0.255903,0.086062,0.280000,0.099329,1.827037,2666,29479,1625,9430
2,2,0.259468,0.073330,0.280000,0.087986,1.487721,2344,29647,1457,9752
2,2,0.257292,0.081101,0.280000,0.093819,0.953880,2517,29568,1536,9579
2,2,0.258912,0.075314,0.280000,0.089282,0.717237,2384,29631,1473,9712
2,2,0.263819,0.057788,0.280000,0.068866,0.639531,1837,29966,1138,10259
2,2,0.265509,0.051753,0.280000,0.062222,0.599741,1657,30073,1031,10439
2,2,0.263333,0.059524,0.280000,0.070324,0.631408,1879,29945,1159,10217
2,2,0.261528,0.065972,0.280000,0.077778,0.627358,2079,29823,1281,10017
2,2,0.254699,0.090360,0.280000,0.107431,0.601871,2867,29330,1774,9229
2,2,0.256528,0.083829,0.280000,0.093333,0.603450,2523,29595,1509,9573
2,2,0.256019,0.085648,0.280000,0.097222,0.651824,2618,29522,1582,9478
2,2,0.256065,0.085483,0.280000,0.098843,0.630410,2652,29486,1618,9444
2,2,0.265787,0.050761,0.280000,0.058333,0.658567,1567,30151,953,10529
2,2,0.261551,0.065890,0.280000,0.078588,0.619875,2096,29805,1299,10000
2,2,0.263819,0.057788,0.280000,0.070810,0.594485,1879,29924,1180,10217
2,2,0.262454,0.062665,0.280000,0.071944,0.636843,1933,29929,1175,10163
2,2,0.257546,0.080192,0.280000,0.094954,0.604385,2536,29538,1566,9560
2,2,0.260370,0.070106,0.280000,0.079074,0.702662,2132,29820,1284,9964
2,2,0.267500,0.044643,0.280000,0.050880,0.745505,1369,30275,829,10727
2,2,0.253611,0.094246,0.280000,0.106296,1.165088,2866,29378,1726,9230
2,2,0.261782,0.065063,0.280000,0.075995,0.626114,2035,29856,1248,10061
2,2,0.258333,0.077381,0.280000,0.085880,0.606911,2323,29717,1387,9773
2,2,0.254722,0.090278,0.280000,0.101759,0.595211,2744,29452,1652,9352
2,2,0.253750,0.093750,0.280000,0.106620,0.602761,2870,29368,1736,9226
2,2,0.255995,0.085731,0.280000,0.099977,0.740583,2678,29463,1641,9418
2,2,0.262778,0.061508,0.280000,0.075833,0.617240,2010,29838,1266,10086
2,2,0.256806,0.082837,0.280000,0.100139,0.723416,2664,29442,1662,9432
2,2,0.260069,0.071181,0.280000,0.085718,0.659156,2282,29683,1421,9814
2,2,0.263588,0.058614,0.280000,0.070486,0.641524,1877,29936,1168,10219
2,2,0.255648,0.086971,0.280000,0.098194,0.685027,2647,29509,1595,9449
2,2,0.256806,0.082837,0.280000,0.093333,0.636354,2517,29589,1515,9579
2,2,0.257940,0.078786,0.280000,0.087014,0.624900,2356,29701,1403,9740
2,2,0.255648,0.086971,0.280000,0.099167,0.604771,2668,29488,1616,9428
4,4,0.241991,0.135747,0.280000,0.152315,0.842782,4111,28635,2469,7985
4,4,0.240347,0.141617,0.280000,0.145671,0.807979,4003,28814,2290,8093
4,4,0.247708,0.115327,0.280000,0.133032,0.850400,3571,28928,2176,8525
4,4,0.244398,0.127149,0.280000,0.134815,0.855893,3681,28961,2143,8415
4,4,0.243426,0.130622,0.280000,0.144537,1.507312,3912,28772,2332,8184
4,4,0.243403,0.130704,0.280000,0.145995,1.791031,3944,28741,2363,8152
4,4,0.248287,0.113261,0.280000,0.128981,1.886533,3471,29003,2101,8625
4,4,0.238102,0.149636,0.280000,0.157500,0.826810,4307,28607,2497,7789
4,4,0.245671,0.122603,0.280000,0.126875,1.262397,3482,29105,1999,8614
4,4,0.241944,0.135913,0.280000,0.145509,0.816417,3965,28783,2321,8131
4,4,0.237801,0.150711,0.280000,0.165440,1.433393,4485,28442,2662,7611
4,4,0.247176,0.117229,0.280000,0.139676,0.818697,3726,28796,2308,8370
4,4,0.239977,0.142940,0.280000,0.151505,0.852936,4137,28696,2408,7959
4,4,0.244838,0.125579,0.280000,0.140810,0.874736,3801,28822,2282,8295
4,4,0.241551,0.137318,0.280000,0.149560,0.859715,4061,28704,2400,8035
4,4,0.246852,0.118386,0.280000,0.130926,1.550186,3544,28992,2112,8552
4,4,0.242731,0.133102,0.280000,0.148102,2.615440,4004,28710,2394,8092
4,4,0.242431,0.134177,0.280000,0.148912,2.194875,4028,28699,2405,8068
4,4,0.241597,0.137153,0.280000,0.157662,0.847434,4235,28528,2576,7861
4,4,0.256458,0.084077,0.280000,0.093171,0.855609,2521,29600,1504,9575
4,4,0.253866,0.093337,0.280000,0.106458,0.854699,2864,29369,1735,9232
4,4,0.245069,0.124752,0.280000,0.139514,0.904848,3768,28845,2259,8328
4,4,0.239144,0.145916,0.280000,0.164144,0.948451,4428,28441,2663,7668
4,4,0.251782,0.100777,0.280000,0.110347,0.826861,2993,29330,1774,9103
4,4,0.241736,0.136657,0.280000,0.145347,0.833924,3966,28791,2313,8130
4,4,0.246597,0.119296,0.280000,0.130116,0.904082,3532,29015,2089,8564
4,4,0.243773,0.129382,0.280000,0.145023,0.912145,3915,28754,2350,8181
4,4,0.250903,0.103919,0.280000,0.121366,0.899017,3250,29111,1993,8846
4,4,0.241713,0.136739,0.280000,0.153287,0.877233,4138,28620,2484,7958
4,4,0.245440,0.123429,0.280000,0.143079,0.889636,3837,28760,2344,8259
4,4,0.240579,0.140790,0.280000,0.158310,0.812439,4271,28536,2568,7825
4,4,0.238194,0.149306,0.280000,0.166574,0.906052,4501,28409,2695,7595
4,4,0.241204,0.138558,0.280000,0.152315,0.913496,4128,28652,2452,7968
4,4,0.246968,0.117973,0.280000,0.135301,0.830458,3636,28895,2209,8460
4,4,0.237778,0.150794,0.280000,0.166574,1.038276,4510,28418,2686,7586
4,4,0.244120,0.128142,0.280000,0.148750,0.939723,3988,28666,2438,8108
4,4,0.243796,0.129299,0.280000,0.142917,1.017450,3869,28799,2305,8227
4,4,0.251157,0.103009,0.280000,0.116343,2.112898,3136,29214,1890,8960
4,4,0.240810,0.139964,0.280000,0.144699,1.058899,3972,28825,2279,8124
4,4,0.241620,0.137070,0.280000,0.151667,0.948626,4105,28657,2447,7991
4,4,0.242963,0.132275,0.280000,0.148102,0.866053,3999,28705,2399,8097
4,4,0.250069,0.106895,0.280000,0.119421,0.884729,3226,29171,1933,8870
4,4,0.253032,0.096313,0.280000,0.111968,0.957796,3001,29268,1836,9095
4,4,0.236875,0.154018,0.280000,0.159931,0.860943,4386,28581,2523,7710
4,4,0.244375,0.127232,0.280000,0.135949,1.778449,3706,28937,2167,8390
4,4,0.243681,0.129712,0.280000,0.136921,0.827760,3742,28931,2173,8354
4,4,0.242917,0.132440,0.280000,0.152639,0.915967,4098,28608,2496,7998
4,4,0.244907,0.125331,0.280000,0.140648,0.816093,3796,28824,2280,8300
4,4,0.239745,0.143767,0.280000,0.151829,0.914484,4149,28694,2410,7947
4,4,0.243310,0.131035,0.280000,0.150208,0.877605,4037,28652,2452,8059
4,4,0.242315,0.134590,0.280000,0.152639,1.127992,4111,28621,2483,7985
4,4,0.244468,0.126901,0.280000,0.144051,0.802053,3879,28760,2344,8217
4,4,0.256597,0.083581,0.280000,0.092523,0.822848,2504,29611,1493,9592
4,4,0.238171,0.149388,0.280000,0.155069,1.194311,4253,28658,2446,7843
4,4,0.244375,0.127232,0.280000,0.135301,0.833172,3692,28951,2153,8404
4,4,0.241481,0.137566,0.280000,0.145185,0.854014,3968,28800,2304,8128
4,4,0.238495,0.148231,0.280000,0.161551,0.819312,4386,28511,2593,7710
4,4,0.253403,0.094990,0.280000,0.110023,1.924426,2951,29302,1802,9145
4,4,0.242546,0.133763,0.280000,0.149722,2.766845,4043,28679,2425,8053
4,4,0.247037,0.117725,0.280000,0.130926,2.766072,3540,28988,2116,8556
4,4,0.246319,0.120288,0.280000,0.137569,0.863022,3699,28860,2244,8397
4,4,0.247060,0.117642,0.280000,0.130440,2.232720,3529,28998,2106,8567
4,4,0.238287,0.148975,0.280000,0.161065,0.845694,4380,28526,2578,7716
4,4,0.244421,0.127067,0.280000,0.137245,0.847447,3733,28908,2196,8363
4,4,0.240255,0.141948,0.280000,0.154745,1.206096,4201,28620,2484,7895
4,4,0.243981,0.128638,0.280000,0.139028,1.071569,3781,28879,2225,8315
4,4,0.243588,0.130043,0.280000,0.140162,0.835408,3814,28863,2241,8282
4,4,0.249190,0.110036,0.280000,0.125255,0.786332,3371,29064,2040,8725
4,4,0.244537,0.126653,0.280000,0.139352,0.802686,3776,28860,2244,8320
4,4,0.242917,0.132440,0.280000,0.148102,0.814718,4000,28706,2398,8096
4,4,0.246690,0.118965,0.280000,0.132708,0.808499,3586,28957,2147,8510
4,4,0.248657,0.111938,0.280000,0.119907,1.647314,3267,29191,1913,8829
4,4,0.244861,0.125496,0.280000,0.142593,1.665333,3839,28783,2321,8257
4,4,0.247384,0.116485,0.280000,0.126875,0.980038,3445,29068,2036,8651
4,4,0.243472,0.130456,0.280000,0.135463,0.794105,3715,28967,2137,8381
4,4,0.243657,0.129795,0.280000,0.142917,1.571382,3872,28802,2302,8224
4,4,0.243287,0.131118,0.280000,0.141620,0.841032,3852,28838,2266,8244
4,4,0.246366,0.120122,0.280000,0.137245,1.409483,3691,28866,2238,8405
4,4,0.244583,0.126488,0.280000,0.143889,0.867641,3873,28761,2343,8223
4,4,0.246343,0.120205,0.280000,0.132222,0.840723,3583,28975,2129,8513
4,4,0.245116,0.124587,0.280000,0.145347,0.823675,3893,28718,2386,8203
4,4,0.242500,0.133929,0.280000,0.136435,0.851096,3757,28967,2137,8339
4,4,0.241759,0.136574,0.280000,0.154259,1.031148,4158,28598,2506,7938
4,4,0.242083,0.135417,0.280000,0.149074,0.844015,4039,28703,2401,8057
4,4,0.240093,0.142526,0.280000,0.160093,0.888685,4320,28508,2596,7776
4,4,0.240602,0.140708,0.280000,0.149074,0.881936,4071,28735,2369,8025
4,4,0.239213,0.145668,0.280000,0.157500,0.859154,4283,28583,2521,7813
4,4,0.239352,0.145172,0.280000,0.155556,0.865692,4238,28622,2482,7858
4,4,0.241065,0.139054,0.280000,0.156204,0.896803,4215,28571,2533,7881
4,4,0.243565,0.130126,0.280000,0.144537,0.941563,3909,28769,2335,8187
4,4,0.241736,0.136657,0.280000,0.153449,0.872904,4141,28616,2488,7955
4,4,0.239259,0.145503,0.280000,0.159444,0.976028,4324,28540,2564,7772
4,4,0.240926,0.139550,0.280000,0.151667,2.062401,4120,28672,2432,7976
4,4,0.237847,0.150546,0.280000,0.163171,0.867676,4435,28490,2614,7661
4,4,0.243148,0.131614,0.280000,0.145509,0.878296,3939,28757,2347,8157
4,4,0.238866,0.146908,0.280000,0.165440,0.824601,4462,28419,2685,7634
4,4,0.241273,0.138310,0.280000,0.150856,0.841881,4095,28682,2422,8001
4,4,0.251968,0.100116,0.280000,0.111644,0.819909,3017,29298,1806,9079
4,4,0.246528,0.119544,0.280000,0.132222,0.870021,3579,28971,2133,8517
4,4,0.245671,0.122603,0.280000,0.136597,1.079711,3692,28895,2209,8404
8,8,0.220440,0.212715,0.280000,0.193634,1.233389,5469,28208,2896,6627
8,8,0.222569,0.205109,0.280000,0.206597,1.280800,5703,27882,3222,6393
8,8,0.215787,0.229332,0.280000,0.221991,2.047683,6182,27696,3408,5914
8,8,0.217824,0.222057,0.280000,0.209676,1.271040,5872,27918,3186,6224
8,8,0.218727,0.218833,0.280000,0.213079,1.335454,5926,27825,3279,6170
8,8,0.227824,0.186343,0.280000,0.192824,2.091805,5292,28066,3038,6804
8,8,0.220023,0.214203,0.280000,0.212755,1.327540,5891,27804,3300,6205
8,8,0.224491,0.198247,0.280000,0.200278,2.145085,5525,27977,3127,6571
8,8,0.224815,0.197090,0.280000,0.205139,2.655581,5623,27865,3239,6473
8,8,0.222106,0.206763,0.280000,0.208866,2.014209,5762,27843,3261,6334
8,8,0.224838,0.197007,0.280000,0.202708,1.677852,5570,27917,3187,6526
8,8,0.221319,0.209573,0.280000,0.204977,2.719299,5695,27944,3160,6401
8,8,0.221019,0.210648,0.280000,0.213889,2.032205,5894,27758,3346,6202
8,8,0.217963,0.221561,0.280000,0.221667,1.319654,6128,27656,3448,5968
8,8,0.227755,0.186591,0.280000,0.193634,1.336080,5311,28050,3054,6785
8,8,0.222454,0.205522,0.280000,0.209676,2.324103,5772,27818,3286,6324
8,8,0.220069,0.214038,0.280000,0.211782,1.252705,5869,27824,3280,6227
8,8,0.225347,0.195188,0.280000,0.199468,1.315381,5489,27976,3128,6607
8,8,0.220671,0.211888,0.280000,0.207245,1.684816,5758,27909,3195,6338
8,8,0.221898,0.207507,0.280000,0.209676,1.358936,5784,27830,3274,6312
8,8,0.217431,0.223462,0.280000,0.219884,1.539616,6101,27706,3398,5995
8,8,0.214051,0.235532,0.280000,0.229282,1.346303,6377,27576,3528,5719
8,8,0.219352,0.216601,0.280000,0.213241,1.317952,5916,27808,3296,6180
8,8,0.224190,0.199322,0.280000,0.183912,1.292644,5178,28337,2767,6918
8,8,0.223032,0.203456,0.280000,0.188449,1.327936,5301,28264,2840,6795
8,8,0.222106,0.206763,0.280000,0.213079,1.351661,5853,27752,3352,6243
8,8,0.217222,0.224206,0.280000,0.206435,1.529172,5815,28001,3103,6281
8,8,0.218519,0.219577,0.280000,0.225231,1.369839,6193,27567,3537,5903
8,8,0.216782,0.225777,0.280000,0.219884,1.278262,6115,27720,3384,5981
8,8,0.217801,0.222140,0.280000,0.212755,1.306119,5939,27852,3252,6157
8,8,0.221250,0.209821,0.280000,0.217454,1.345361,5966,27676,3428,6130
8,8,0.216875,0.225446,0.280000,0.224421,1.292582,6211,27620,3484,5885
8,8,0.220741,0.211640,0.280000,0.214213,1.334057,5907,27757,3347,6189
8,8,0.218657,0.219081,0.280000,0.206435,1.252629,5784,27970,3134,6312
8,8,0.222384,0.205771,0.280000,0.211782,1.366184,5819,27774,3330,6277
8,8,0.224028,0.199901,0.280000,0.199630,1.327392,5521,28001,3103,6575
8,8,0.219699,0.215360,0.280000,0.210162,1.335881,5842,27867,3237,6254
8,8,0.220903,0.211062,0.280000,0.219236,2.482500,6012,27645,3459,6084
8,8,0.220347,0.213046,0.280000,0.211458,1.236902,5856,27825,3279,6240
8,8,0.224769,0.197255,0.280000,0.202870,1.278574,5575,27915,3189,6521
8,8,0.222014,0.207093,0.280000,0.207245,3.483427,5729,27880,3224,6367
8,8,0.219213,0.217097,0.280000,0.213241,1.283430,5919,27811,3293,6177
8,8,0.216991,0.225033,0.280000,0.223287,2.313398,6184,27642,3462,5912
8,8,0.219282,0.216849,0.280000,0.216644,1.262719,5991,27736,3368,6105
8,8,0.214977,0.232226,0.280000,0.220856,1.220437,6175,27738,3366,5921
8,8,0.220972,0.210813,0.280000,0.216157,1.301559,5944,27710,3394,6152
8,8,0.222708,0.204613,0.280000,0.205949,1.283049,5686,27893,3211,6410
8,8,0.219653,0.215526,0.280000,0.211134,1.303296,5864,27847,3257,6232
8,8,0.215162,0.231564,0.280000,0.225069,1.267145,6262,27643,3461,5834
8,8,0.214606,0.233548,0.280000,0.224097,1.324392,6253,27676,3428,5843
8,8,0.222060,0.206928,0.280000,0.195579,1.310327,5476,28131,2973,6620
8,8,0.230394,0.177166,0.280000,0.186829,1.283272,5107,28140,2964,6989
8,8,0.220741,0.211640,0.280000,0.227824,1.488566,6201,27463,3641,5895
8,8,0.219120,0.217427,0.280000,0.220046,1.422731,6068,27666,3438,6028
8,8,0.217593,0.222884,0.280000,0.221667,1.282706,6136,27664,3440,5960
8,8,0.222569,0.205109,0.280000,0.200440,1.319450,5570,28015,3089,6526
8,8,0.219167,0.217262,0.280000,0.216481,1.263875,5990,27742,3362,6106
8,8,0.219329,0.216683,0.280000,0.208218,1.430622,5808,27917,3187,6288
8,8,0.216898,0.225364,0.280000,0.222639,1.231134,6172,27658,3446,5924
8,8,0.219815,0.214947,0.280000,0.202870,1.286283,5682,28022,3082,6414
8,8,0.220532,0.212384,0.280000,0.216968,1.904212,5971,27702,3402,6125
8,8,0.219028,0.217758,0.280000,0.210324,1.499757,5860,27878,3226,6236
8,8,0.219583,0.215774,0.280000,0.216481,2.535788,5981,27733,3371,6115
8,8,0.216944,0.225198,0.280000,0.211944,1.294946,5940,27888,3216,6156
8,8,0.225694,0.193948,0.280000,0.205139,1.339659,5604,27846,3258,6492
8,8,0.225972,0.192956,0.280000,0.189259,1.707620,5255,28183,2921,6841
8,8,0.216157,0.228009,0.280000,0.211944,1.284450,5957,27905,3199,6139
8,8,0.219537,0.215939,0.280000,0.202870,1.502328,5688,28028,3076,6408
8,8,0.218773,0.218667,0.280000,0.214699,1.348432,5960,27789,3315,6136
8,8,0.217384,0.223628,0.280000,0.220208,1.265417,6109,27700,3404,5987
8,8,0.225903,0.193204,0.280000,0.202384,1.284613,5540,27901,3203,6556
8,8,0.224468,0.198330,0.280000,0.197523,1.252831,5466,28037,3067,6630
8,8,0.218194,0.220734,0.280000,0.225231,2.999569,6200,27574,3530,5896
8,8,0.216204,0.227844,0.280000,0.222315,1.331461,6180,27680,3424,5916
8,8,0.224907,0.196759,0.280000,0.198657,1.229852,5481,28003,3101,6615
8,8,0.218565,0.219411,0.280000,0.218102,1.295586,6038,27720,3384,6058
8,8,0.220625,0.212054,0.280000,0.201088,1.287836,5626,28043,3061,6470
8,8,0.218241,0.220569,0.280000,0.206759,1.439545,5800,27972,3132,6296
8,8,0.216597,0.226438,0.280000,0.221505,1.314088,6154,27689,3415,5942
8,8,0.220556,0.212302,0.280000,0.208056,1.385441,5778,27894,3210,6318
8,8,0.221181,0.210069,0.280000,0.205625,1.296084,5712,27933,3171,6384
8,8,0.215718,0.229580,0.280000,0.227338,1.291899,6299,27582,3522,5797
8,8,0.221296,0.209656,0.280000,0.219722,1.304377,6014,27626,3478,6082
8,8,0.221204,0.209987,0.280000,0.210000,1.298502,5806,27838,3266,6290
8,8,0.222940,0.203786,0.280000,0.201412,1.345288,5583,27986,3118,6513
8,8,0.225370,0.195106,0.280000,0.188935,2.876384,5261,28203,2901,6835
8,8,0.217569,0.222966,0.280000,0.221829,1.247996,6140,27661,3443,5956
8,8,0.220579,0.212219,0.280000,0.215347,1.372895,5935,27736,3368,6161
8,8,0.221111,0.210317,0.280000,0.199630,1.341088,5584,28064,3040,6512
8,8,0.224468,0.198330,0.280000,0.204653,1.339392,5620,27883,3221,6476
8,8,0.218704,0.218915,0.280000,0.211620,1.298815,5895,27857,3247,6201
8,8,0.218009,0.221396,0.280000,0.219074,1.241046,6071,27711,3393,6025
8,8,0.218333,0.220238,0.280000,0.219398,1.323766,6071,27697,3407,6025
8,8,0.215185,0.231481,0.280000,0.232685,1.358768,6426,27478,3626,5670
8,8,0.218958,0.218006,0.280000,0.216319,2.123957,5991,27750,3354,6105
8,8,0.221273,0.209739,0.280000,0.206597,1.290674,5731,27910,3194,6365
8,8,0.225000,0.196429,0.280000,0.196713,1.251612,5437,28043,3061,6659
8,8,0.219838,0.214864,0.280000,0.200440,1.222986,5629,28074,3030,6467
8,8,0.216991,0.225033,0.280000,0.231389,1.322614,6359,27467,3637,5737
8,8,0.217731,0.222388,0.280000,0.215509,1.268188,6000,27794,3310,6096
16,16,0.190694,0.318948,0.280000,0.263796,2.242509,7627,27335,3769,4469
16,16,0.195972,0.300099,0.280000,0.255694,2.211960,7338,27396,3708,4758
16,16,0.194606,0.304977,0.280000,0.247755,2.140400,7196,27597,3507,4900
16,16,0.193218,0.309937,0.280000,0.265903,2.142937,7618,27235,3869,4478
16,16,0.192269,0.313327,0.280000,0.255370,2.716229,7411,27483,3621,4685
16,16,0.191134,0.317378,0.280000,0.259745,2.692516,7530,27413,3691,4566
16,16,0.190718,0.318866,0.280000,0.262662,2.983288,7602,27359,3745,4494
16,16,0.191921,0.314567,0.280000,0.257477,2.280894,7464,27445,3659,4632
16,16,0.195903,0.300347,0.280000,0.260718,2.435819,7448,27289,3815,4648
16,16,0.190671,0.319031,0.280000,0.257153,2.241781,7484,27479,3625,4612
16,16,0.192361,0.312996,0.280000,0.253750,3.226493,7374,27516,3588,4722
16,16,0.194120,0.306713,0.280000,0.243380,2.911015,7112,27702,3402,4984
16,16,0.191782,0.315063,0.280000,0.265579,2.441929,7642,27273,3831,4454
16,16,0.189421,0.323495,0.280000,0.271088,2.214519,7812,27205,3899,4284
16,16,0.192199,0.313575,0.280000,0.257801,2.195483,7465,27432,3672,4631
16,16,0.192407,0.312831,0.280000,0.245000,2.255010,7184,27704,3400,4912
16,16,0.189259,0.324074,0.280000,0.268009,2.201834,7749,27275,3829,4347
16,16,0.191644,0.315559,0.280000,0.266875,2.620829,7673,27248,3856,4423
16,16,0.193194,0.310020,0.280000,0.268657,4.513039,7678,27176,3928,4418
16,16,0.194861,0.304067,0.280000,0.234630,2.246606,6907,27875,3229,5189
16,16,0.192222,0.313492,0.280000,0.262500,2.606607,7566,27330,3774,4530
16,16,0.194329,0.305969,0.280000,0.251644,2.254533,7286,27519,3585,4810
16,16,0.190972,0.317956,0.280000,0.258935,2.259609,7516,27434,3670,4580
16,16,0.194630,0.304894,0.280000,0.252130,3.935786,7290,27502,3602,4806
16,16,0.190556,0.319444,0.280000,0.268333,2.949441,7728,27240,3864,4368
16,16,0.189352,0.323743,0.280000,0.263796,2.727387,7656,27364,3740,4440
16,16,0.190949,0.318039,0.280000,0.263310,3.199784,7611,27340,3764,4485
16,16,0.187940,0.328786,0.280000,0.265579,3.059326,7725,27356,3748,4371
16,16,0.191366,0.316551,0.280000,0.264931,2.318218,7637,27296,3808,4459
16,16,0.196574,0.297950,0.280000,0.251806,2.779399,7241,27467,3637,4855
16,16,0.192569,0.312252,0.280000,0.262014,2.304941,7548,27333,3771,4548
16,16,0.193472,0.309028,0.280000,0.268333,2.191894,7665,27177,3927,4431
16,16,0.194167,0.306548,0.280000,0.259583,2.232216,7461,27351,3753,4635
16,16,0.193657,0.308366,0.280000,0.263472,3.065603,7556,27278,3826,4540
16,16,0.192500,0.312500,0.280000,0.260880,2.209270,7525,27359,3745,4571
16,16,0.194722,0.304563,0.280000,0.264444,2.258718,7554,27234,3870,4542
16,16,0.197014,0.296379,0.280000,0.251968,2.813559,7235,27454,3650,4861
16,16,0.193241,0.309854,0.280000,0.254398,3.011885,7369,27483,3621,4727
16,16,0.194514,0.305308,0.280000,0.266551,2.279628,7604,27193,3911,4492
16,16,0.189306,0.323909,0.280000,0.262824,2.220102,7636,27386,3718,4460
16,16,0.192037,0.314153,0.280000,0.251481,2.140115,7332,27572,3532,4764
16,16,0.190856,0.318370,0.280000,0.268819,2.802856,7732,27223,3881,4364
16,16,0.191181,0.317212,0.280000,0.260069,2.714636,7536,27405,3699,4560
16,16,0.192824,0.311343,0.280000,0.245324,2.551530,7182,27688,3416,4914
16,16,0.193264,0.309772,0.280000,0.257801,4.488967,7442,27409,3695,4654
16,16,0.195625,0.301339,0.280000,0.260394,3.392290,7447,27302,3802,4649
16,16,0.191366,0.316551,0.280000,0.256829,2.149566,7462,27471,3633,4634
16,16,0.193241,0.309854,0.280000,0.256667,2.091687,7418,27434,3670,4678
16,16,0.195463,0.301918,0.280000,0.257963,4.009112,7398,27358,3746,4698
16,16,0.192106,0.313905,0.280000,0.259097,2.947211,7495,27406,3698,4601
16,16,0.195139,0.303075,0.280000,0.251806,2.137706,7272,27498,3606,4824
16,16,0.189792,0.322173,0.280000,0.263634,2.122178,7643,27358,3746,4453
16,16,0.186782,0.332920,0.280000,0.268495,2.285452,7813,27318,3786,4283
16,16,0.188750,0.325893,0.280000,0.263796,4.048140,7669,27377,3727,4427
16,16,0.193611,0.308532,0.280000,0.261204,2.681640,7508,27328,3776,4588
16,16,0.189259,0.324074,0.280000,0.262500,2.966232,7630,27394,3710,4466
16,16,0.195579,0.301505,0.280000,0.260069,2.189678,7441,27310,3794,4655
16,16,0.191829,0.314897,0.280000,0.255208,2.205563,7417,27496,3608,4679
16,16,0.191736,0.315228,0.280000,0.263958,3.049734,7608,27309,3795,4488
16,16,0.189676,0.322586,0.280000,0.255046,2.149521,7460,27546,3558,4636
16,16,0.190764,0.318700,0.280000,0.258773,4.314127,7517,27442,3662,4579
16,16,0.193356,0.309441,0.280000,0.256829,2.658271,7419,27428,3676,4677
16,16,0.195046,0.303406,0.280000,0.252454,2.375928,7288,27486,3618,4808
16,16,0.189583,0.322917,0.280000,0.266389,2.320615,7707,27303,3801,4389
16,16,0.188449,0.326968,0.280000,0.263958,2.550018,7679,27380,3724,4417
16,16,0.188241,0.327712,0.280000,0.261852,3.412294,7638,27430,3674,4458
16,16,0.191319,0.316716,0.280000,0.265255,3.483090,7645,27290,3814,4451
16,16,0.193032,0.310599,0.280000,0.266551,2.289071,7636,27225,3879,4460
16,16,0.193218,0.309937,0.280000,0.261366,2.296479,7520,27333,3771,4576
16,16,0.192222,0.313492,0.280000,0.263472,2.201588,7587,27309,3795,4509
16,16,0.190208,0.320685,0.280000,0.270116,2.312855,7774,27209,3895,4322
16,16,0.194468,0.305473,0.280000,0.252616,2.265778,7304,27495,3609,4792
16,16,0.192523,0.312417,0.280000,0.257477,2.627171,7451,27432,3672,4645
16,16,0.191597,0.315724,0.280000,0.263958,2.885606,7611,27312,3792,4485
16,16,0.192755,0.311591,0.280000,0.257801,2.335419,7453,27420,3684,4643
16,16,0.193426,0.309193,0.280000,0.260880,2.713945,7505,27339,3765,4591
16,16,0.192130,0.313823,0.280000,0.259907,2.251756,7512,27388,3716,4584
16,16,0.194352,0.305886,0.280000,0.263472,2.259036,7541,27263,3841,4555
16,16,0.191065,0.317626,0.280000,0.263796,2.475233,7619,27327,3777,4477
16,16,0.197199,0.295718,0.280000,0.244514,2.977807,7070,27611,3493,5026
16,16,0.192546,0.312335,0.280000,0.267361,2.113328,7664,27218,3886,4432
16,16,0.186644,0.333416,0.280000,0.268819,2.302321,7823,27314,3790,4273
16,16,0.190093,0.321098,0.280000,0.264444,2.142668,7654,27334,3770,4442
16,16,0.193819,0.307788,0.280000,0.260394,2.191253,7486,27341,3763,4610
16,16,0.195718,0.301009,0.280000,0.254560,2.153826,7319,27426,3678,4777
16,16,0.197037,0.296296,0.280000,0.256991,2.564090,7343,27345,3759,4753
16,16,0.190972,0.317956,0.280000,0.267685,2.286771,7705,27245,3859,4391
16,16,0.192037,0.314153,0.280000,0.262824,2.580952,7577,27327,3777,4519
16,16,0.192917,0.311012,0.280000,0.262500,2.251702,7551,27315,3789,4545
16,16,0.192523,0.312417,0.280000,0.250671,2.596177,7304,27579,3525,4792
16,16,0.188843,0.325562,0.280000,0.264769,2.330312,7688,27354,3750,4408
16,16,0.192824,0.311343,0.280000,0.253426,2.375174,7357,27513,3591,4739
16,16,0.195602,0.301422,0.280000,0.254722,2.420179,7325,27425,3679,4771
16,16,0.193472,0.309028,0.280000,0.260556,3.159106,7497,27345,3759,4599
16,16,0.190648,0.319114,0.280000,0.259907,2.231608,7544,27420,3684,4552
16,16,0.194792,0.304315,0.280000,0.261042,2.259814,7479,27306,3798,4617
16,16,0.193194,0.310020,0.280000,0.251157,2.833405,7300,27554,3550,4796
16,16,0.191852,0.314815,0.280000,0.251157,2.363076,7329,27583,3521,4767
16,16,0.201644,0.279845,0.280000,0.246458,2.340432,7016,27473,3631,5080
16,16,0.189051,0.324818,0.280000,0.262986,3.341012,7645,27388,3716,4451
25,25,0.172870,0.382606,0.280000,0.276435,4.370062,8285,27447,3657,3811
25,25,0.171088,0.388972,0.280000,0.277245,3.368336,8341,27468,3636,3755
25,25,0.177431,0.366319,0.280000,0.249699,3.316704,7609,27926,3178,4487
25,25,0.172130,0.385251,0.280000,0.277731,3.681153,8329,27435,3669,3767
25,25,0.172060,0.385499,0.280000,0.269144,3.583329,8145,27622,3482,3951
25,25,0.172222,0.384921,0.280000,0.274491,3.247584,8257,27503,3601,3839
25,25,0.171875,0.386161,0.280000,0.275301,3.261108,8282,27493,3611,3814
25,25,0.173981,0.378638,0.280000,0.268657,3.434684,8093,27591,3513,4003
25,25,0.173843,0.379134,0.280000,0.268657,3.479688,8096,27594,3510,4000
25,25,0.173657,0.379795,0.280000,0.274167,3.340429,8219,27479,3625,3877
25,25,0.172500,0.383929,0.280000,0.268981,4.066257,8132,27616,3488,3964
25,25,0.176389,0.370040,0.280000,0.261852,5.133754,7894,27686,3418,4202
25,25,0.171574,0.387235,0.280000,0.277407,5.217027,8334,27454,3650,3762
25,25,0.171921,0.385995,0.280000,0.273032,6.513300,8232,27541,3563,3864
25,25,0.174606,0.376405,0.280000,0.277245,3.704934,8265,27392,3712,3831
25,25,0.179352,0.359458,0.280000,0.274491,3.281081,8103,27349,3755,3993
25,25,0.173958,0.378720,0.280000,0.272708,3.270208,8181,27504,3600,3915
25,25,0.172523,0.383846,0.280000,0.267523,5.223402,8100,27647,3457,3996
25,25,0.176019,0.371362,0.280000,0.273519,3.519544,8154,27442,3662,3942
25,25,0.175231,0.374173,0.280000,0.276111,3.569770,8227,27403,3701,3869
25,25,0.171759,0.386574,0.280000,0.276435,5.890973,8309,27471,3633,3787
25,25,0.175278,0.374008,0.280000,0.270278,3.407174,8100,27528,3576,3996
25,25,0.172199,0.385003,0.280000,0.268495,3.824598,8128,27633,3471,3968
25,25,0.172963,0.382275,0.280000,0.276759,3.414986,8290,27438,3666,3806
25,25,0.172755,0.383019,0.280000,0.274977,3.789784,8256,27481,3623,3840
25,25,0.170278,0.391865,0.280000,0.276759,3.653441,8348,27496,3608,3748
25,25,0.172616,0.383515,0.280000,0.265903,4.437592,8063,27680,3424,4033
25,25,0.168819,0.397073,0.280000,0.269144,3.169271,8215,27692,3412,3881
25,25,0.170694,0.390377,0.280000,0.276111,3.149553,8325,27501,3603,3771
25,25,0.174352,0.377315,0.280000,0.275139,3.309652,8225,27443,3661,3871
25,25,0.175579,0.372933,0.280000,0.267199,3.853492,8027,27588,3516,4069
25,25,0.170926,0.389550,0.280000,0.270602,4.333271,8201,27615,3489,3895
25,25,0.172500,0.383929,0.280000,0.273843,3.237528,8237,27511,3593,3859
25,25,0.169514,0.394593,0.280000,0.275625,4.381130,8340,27537,3567,3756
25,25,0.174167,0.377976,0.280000,0.275139,3.146179,8229,27447,3657,3867
25,25,0.174884,0.375413,0.280000,0.275625,3.627323,8224,27421,3683,3872
25,25,0.177199,0.367146,0.280000,0.270440,3.280155,8062,27483,3621,4034
25,25,0.171736,0.386657,0.280000,0.276273,3.312114,8306,27475,3629,3790
25,25,0.172454,0.384094,0.280000,0.276759,3.044414,8301,27449,3655,3795
25,25,0.171806,0.386409,0.280000,0.269954,6.566091,8168,27610,3494,3928
25,25,0.172500,0.383929,0.280000,0.275139,6.283115,8265,27483,3621,3831
25,25,0.174421,0.377067,0.280000,0.272060,3.201371,8157,27508,3596,3939
25,25,0.172176,0.385086,0.280000,0.276111,4.640598,8293,27469,3635,3803
25,25,0.171296,0.388228,0.280000,0.272870,3.766213,8242,27558,3546,3854
25,25,0.174259,0.377646,0.280000,0.272222,3.125236,8164,27508,3596,3932
25,25,0.170069,0.392609,0.280000,0.275301,3.125356,8321,27532,3572,3775
25,25,0.171991,0.385747,0.280000,0.276759,4.662893,8311,27459,3645,3785
25,25,0.173912,0.378886,0.280000,0.275301,6.277715,8238,27449,3655,3858
25,25,0.176343,0.370205,0.280000,0.258611,3.162165,7825,27757,3347,4271
25,25,0.174097,0.378224,0.280000,0.274005,3.382150,8206,27473,3631,3890
25,25,0.175278,0.374008,0.280000,0.272870,4.607919,8156,27472,3632,3940
25,25,0.172106,0.385334,0.280000,0.267523,3.200509,8109,27656,3448,3987
25,25,0.172500,0.383929,0.280000,0.276759,3.163249,8300,27448,3656,3796
25,25,0.170162,0.392278,0.280000,0.274977,3.179807,8312,27537,3567,3784
25,25,0.176458,0.369792,0.280000,0.274005,3.416941,8155,27422,3682,3941
25,25,0.172755,0.383019,0.280000,0.273681,3.775162,8228,27509,3595,3868
25,25,0.169792,0.393601,0.280000,0.273681,3.415679,8292,27573,3531,3804
25,25,0.172986,0.382192,0.280000,0.275949,3.379686,8272,27455,3649,3824
25,25,0.173171,0.381531,0.280000,0.274977,4.180141,8247,27472,3632,3849
25,25,0.172106,0.385334,0.280000,0.267523,7.835132,8109,27656,3448,3987
25,25,0.171181,0.388641,0.280000,0.272708,5.141778,8241,27564,3540,3855
25,25,0.170579,0.390790,0.280000,0.277894,4.797721,8366,27465,3639,3730
25,25,0.174005,0.378555,0.280000,0.273356,6.801565,8194,27489,3615,3902
25,25,0.175764,0.372272,0.280000,0.275949,3.518622,8212,27395,3709,3884
25,25,0.171644,0.386987,0.280000,0.278542,3.253983,8357,27428,3676,3739
25,25,0.179329,0.359540,0.280000,0.275949,3.237439,8135,27318,3786,3961
25,25,0.172639,0.383433,0.280000,0.276759,5.660000,8297,27445,3659,3799
25,25,0.169861,0.393353,0.280000,0.274815,4.250803,8315,27547,3557,3781
25,25,0.173634,0.379878,0.280000,0.270764,3.852377,8146,27553,3551,3950
25,25,0.173773,0.379382,0.280000,0.275301,3.101134,8241,27452,3652,3855
25,25,0.171458,0.387649,0.280000,0.276273,3.905215,8312,27481,3623,3784
25,25,0.173657,0.379795,0.280000,0.276111,3.233010,8261,27437,3667,3835
25,25,0.172083,0.385417,0.280000,0.273519,3.942478,8239,27527,3577,3857
25,25,0.173079,0.381862,0.280000,0.270440,3.431405,8151,27572,3532,3945
25,25,0.172523,0.383846,0.280000,0.276597,3.765322,8296,27451,3653,3800
25,25,0.174282,0.377563,0.280000,0.277245,4.472113,8272,27399,3705,3824
25,25,0.176736,0.368800,0.280000,0.277245,6.094369,8219,27346,3758,3877
25,25,0.175069,0.374752,0.280000,0.278866,4.099296,8290,27347,3757,3806
25,25,0.170231,0.392030,0.280000,0.273843,3.386954,8286,27560,3544,3810
25,25,0.172847,0.382688,0.280000,0.278542,3.239850,8331,27402,3702,3765
25,25,0.171852,0.386243,0.280000,0.273519,3.907766,8244,27532,3572,3852
25,25,0.175625,0.372768,0.280000,0.270764,5.910904,8103,27510,3594,3993
25,25,0.169352,0.395172,0.280000,0.277083,3.379004,8375,27509,3595,3721
25,25,0.175347,0.373760,0.280000,0.275625,4.321930,8214,27411,3693,3882
25,25,0.176574,0.369378,0.280000,0.271898,4.112224,8107,27465,3639,3989
25,25,0.176667,0.369048,0.280000,0.268657,4.840732,8035,27533,3571,4061
25,25,0.172616,0.383515,0.280000,0.271736,7.152550,8189,27554,3550,3907
25,25,0.172292,0.384673,0.280000,0.271088,3.521526,8182,27575,3529,3914
25,25,0.173079,0.381862,0.280000,0.276597,4.960236,8284,27439,3665,3812
25,25,0.175787,0.372189,0.280000,0.273194,3.835558,8152,27454,3650,3944
25,25,0.171597,0.387153,0.280000,0.275625,4.001879,8295,27492,3612,3801
25,25,0.171227,0.388476,0.280000,0.271088,5.341926,8205,27598,3506,3891
25,25,0.171921,0.385995,0.280000,0.274977,5.682326,8274,27499,3605,3822
25,25,0.175278,0.374008,0.280000,0.276759,3.610978,8240,27388,3716,3856
25,25,0.174306,0.377480,0.280000,0.273194,3.519985,8184,27486,3618,3912
25,25,0.173449,0.380539,0.280000,0.274653,4.464170,8234,27473,3631,3862
25,25,0.172454,0.384094,0.280000,0.275787,7.035257,8280,27470,3634,3816
25,25,0.174977,0.375083,0.280000,0.269792,5.935369,8096,27545,3559,4000
25,25,0.172755,0.383019,0.280000,0.274005,3.569237,8235,27502,3602,3861
25,25,0.169792,0.393601,0.280000,0.275949,3.629388,8341,27524,3580,3755
