1,1,0.039101,0.353585,0.060489,0.047697,0.076838,2190,58731,834,1645
1,1,0.057492,0.049544,0.060489,0.015268,0.524801,579,59176,389,3256
1,1,0.047871,0.208605,0.060489,0.045457,0.485079,1841,58524,1041,1994
1,1,0.047871,0.208605,0.060489,0.045457,0.493468,1841,58524,1041,1994
1,1,0.050915,0.158279,0.060489,0.046041,0.337771,1763,58409,1156,2072
1,1,0.050347,0.167666,0.060489,0.054243,0.078748,2041,58167,1398,1794
1,1,0.045505,0.247718,0.060489,0.046845,0.077556,1960,58555,1010,1875
1,1,0.044338,0.267014,0.060489,0.048580,0.077563,2052,58537,1028,1783
1,1,0.049180,0.186962,0.060489,0.056041,0.077138,2135,58147,1418,1700
1,1,0.045489,0.247979,0.060489,0.059038,0.117026,2347,58169,1396,1488
1,1,0.055726,0.078748,0.060489,0.017035,0.077369,691,59176,389,3144
1,1,0.049164,0.187223,0.060489,0.040063,0.076891,1629,58654,911,2206
1,1,0.048502,0.198175,0.060489,0.054543,0.077975,2109,58216,1349,1726
1,1,0.052082,0.138983,0.060489,0.047366,0.077105,1768,58330,1235,2067
1,1,0.043423,0.282138,0.060489,0.051483,0.228136,2173,58474,1091,1662
1,1,0.037697,0.376793,0.060489,0.050142,0.477647,2312,58698,867,1523
1,1,0.040268,0.334289,0.060489,0.046845,0.476244,2126,58721,844,1709
1,1,0.055110,0.088918,0.060489,0.018281,0.476432,750,59156,409,3085
1,1,0.041672,0.311082,0.060489,0.050647,0.477202,2202,58556,1009,1633
1,1,0.044211,0.269100,0.060489,0.048580,0.475991,2056,58541,1024,1779
1,1,0.045174,0.253194,0.060489,0.048533,0.479477,2024,58512,1053,1811
1,1,0.048975,0.190352,0.060489,0.047319,0.485748,1865,58430,1135,1970
1,1,0.052050,0.139505,0.060489,0.045252,0.476604,1702,58398,1167,2133
1,1,0.052035,0.139765,0.060489,0.048549,0.480073,1807,58294,1271,2028
1,1,0.044117,0.270665,0.060489,0.049685,0.475564,2094,58509,1056,1741
1,1,0.058281,0.036506,0.060489,0.012839,0.478383,477,59228,337,3358
1,1,0.047161,0.220339,0.060489,0.053328,0.478726,2113,58297,1268,1722
1,1,0.057587,0.047979,0.060489,0.016309,0.481923,609,59140,425,3226
1,1,0.046703,0.227901,0.060489,0.050820,0.479639,2048,58391,1174,1787
1,1,0.055079,0.089439,0.060489,0.018880,0.477325,770,59138,427,3065
1,1,0.043360,0.283181,0.060489,0.049842,0.250993,2123,58528,1037,1712
1,1,0.043297,0.284224,0.060489,0.045426,0.114039,1985,58670,895,1850
1,1,0.050931,0.158018,0.060489,0.045741,0.086634,1753,58418,1147,2082
1,1,0.054054,0.106389,0.060489,0.027539,0.077031,1077,58896,669,2758
1,1,0.041104,0.320469,0.060489,0.053644,0.076703,2315,58479,1086,1520
1,1,0.039101,0.353585,0.060489,0.047697,0.077246,2190,58731,834,1645
1,1,0.043139,0.286832,0.060489,0.047413,0.077398,2053,58612,953,1782
1,1,0.056940,0.058670,0.060489,0.018218,0.076614,690,59100,465,3145
1,1,0.050931,0.158018,0.060489,0.045741,0.076625,1753,58418,1147,2082
1,1,0.052082,0.138983,0.060489,0.048691,0.077451,1810,58288,1277,2025
1,1,0.054180,0.104302,0.060489,0.034385,0.076592,1290,58675,890,2545
1,1,0.047681,0.211734,0.060489,0.047413,0.077403,1909,58468,1097,1926
1,1,0.050489,0.165319,0.060489,0.050347,0.077243,1913,58286,1279,1922
1,1,0.048502,0.198175,0.060489,0.054543,0.076801,2109,58216,1349,1726
1,1,0.048991,0.190091,0.060489,0.050047,0.076885,1951,58343,1222,1884
1,1,0.046230,0.235724,0.060489,0.055647,0.077001,2216,58253,1312,1619
1,1,0.046230,0.235724,0.060489,0.055647,0.076992,2216,58253,1312,1619
1,1,0.040394,0.332203,0.060489,0.054543,0.076524,2366,58473,1092,1469
1,1,0.052082,0.138983,0.060489,0.048691,0.080543,1810,58288,1277,2025
1,1,0.042918,0.290482,0.060489,0.048580,0.078304,2097,58582,983,1738
1,1,0.040662,0.327771,0.060489,0.050142,0.078197,2218,58604,961,1617
1,1,0.052319,0.135072,0.060489,0.034700,0.077957,1359,58724,841,2476
1,1,0.053801,0.110561,0.060489,0.026404,0.078161,1049,58940,625,2786
1,1,0.045852,0.241982,0.060489,0.058139,0.078202,2307,58186,1379,1528
1,1,0.044306,0.267536,0.060489,0.049211,0.078038,2073,58518,1047,1762
1,1,0.045095,0.254498,0.060489,0.052744,0.078408,2160,58381,1184,1675
1,1,0.048959,0.190613,0.060489,0.053360,0.078155,2057,58239,1326,1778
1,1,0.049164,0.187223,0.060489,0.040063,0.078455,1629,58654,911,2206
1,1,0.048959,0.190613,0.060489,0.053360,0.078660,2057,58239,1326,1778
1,1,0.052461,0.132725,0.060489,0.040741,0.079867,1546,58528,1037,2289
1,1,0.042697,0.294133,0.060489,0.041009,0.079836,1864,58829,736,1971
1,1,0.046073,0.238331,0.060489,0.051009,0.084263,2074,58405,1160,1761
1,1,0.042729,0.293611,0.060489,0.050789,0.078033,2173,58518,1047,1662
1,1,0.053312,0.118644,0.060489,0.026073,0.078243,1054,58966,599,2781
1,1,0.054054,0.106389,0.060489,0.027539,0.078170,1077,58896,669,2758
1,1,0.047713,0.211213,0.060489,0.045457,0.078054,1846,58529,1036,1989
1,1,0.057366,0.051630,0.060489,0.016309,0.077746,616,59147,418,3219
1,1,0.046703,0.227901,0.060489,0.050820,0.077092,2048,58391,1174,1787
1,1,0.051215,0.153325,0.060489,0.044385,0.076087,1701,58452,1113,2134
1,1,0.046703,0.227901,0.060489,0.050820,0.075911,2048,58391,1174,1787
1,1,0.045174,0.253194,0.060489,0.048533,0.075870,2024,58512,1053,1811
1,1,0.046672,0.228422,0.060489,0.051104,0.076277,2058,58383,1182,1777
1,1,0.046987,0.223207,0.060489,0.046372,0.075890,1898,58523,1042,1937
1,1,0.046498,0.231291,0.060489,0.057839,0.076289,2277,58175,1390,1558
1,1,0.053896,0.108996,0.060489,0.038864,0.076204,1441,58542,1023,2394
1,1,0.044117,0.270665,0.060489,0.049685,0.076539,2094,58509,1056,1741
1,1,0.047965,0.207040,0.060489,0.050347,0.075949,1993,58366,1199,1842
1,1,0.055000,0.090743,0.060489,0.036088,0.076253,1318,58595,970,2517
1,1,0.048139,0.204172,0.060489,0.042098,0.086901,1726,58622,943,2109
1,1,0.044921,0.257366,0.060489,0.050047,0.115071,2080,58472,1093,1755
1,1,0.042697,0.294133,0.060489,0.041009,0.076283,1864,58829,736,1971
1,1,0.055726,0.078748,0.060489,0.017035,0.076265,691,59176,389,3144
1,1,0.053549,0.114733,0.060489,0.017319,0.350953,769,59236,329,3066
1,1,0.047019,0.222686,0.060489,0.045741,0.473126,1877,58542,1023,1958
1,1,0.041861,0.307953,0.060489,0.050047,0.472286,2177,58569,996,1658
1,1,0.042697,0.294133,0.060489,0.041009,0.475554,1864,58829,736,1971
1,1,0.044243,0.268579,0.060489,0.053091,0.184126,2198,58397,1168,1637
1,1,0.048675,0.195306,0.060489,0.054842,0.076858,2113,58201,1364,1722
1,1,0.040189,0.335593,0.060489,0.053044,0.076462,2325,58527,1038,1510
1,1,0.043139,0.286832,0.060489,0.049211,0.174902,2110,58555,1010,1725
1,1,0.048849,0.192438,0.060489,0.044795,0.337635,1789,58514,1051,2046
1,1,0.055379,0.084485,0.060489,0.022776,0.078708,884,59005,560,2951
1,1,0.055789,0.077705,0.060489,0.019243,0.078080,759,59104,461,3076
1,1,0.049006,0.189831,0.060489,0.051514,0.076070,1997,58296,1269,1838
1,1,0.053549,0.114733,0.060489,0.017319,0.077115,769,59236,329,3066
1,1,0.057492,0.049544,0.060489,0.015268,0.076226,579,59176,389,3256
1,1,0.041861,0.307953,0.060489,0.050047,0.328789,2177,58569,996,1658
1,1,0.048991,0.190091,0.060489,0.050047,0.087649,1951,58343,1222,1884
1,1,0.056451,0.066754,0.060489,0.016404,0.077724,648,59173,392,3187
1,1,0.052192,0.137158,0.060489,0.040221,0.077144,1538,58553,1012,2297
2,2,0.047461,0.215385,0.060489,0.046782,0.111655,1896,58495,1070,1939
2,2,0.032634,0.460495,0.060489,0.054795,0.108092,2620,58711,854,1215
2,2,0.050426,0.166362,0.060489,0.041640,0.110433,1639,58564,1001,2196
2,2,0.048091,0.204954,0.060489,0.055773,0.110910,2161,58190,1375,1674
2,2,0.038312,0.366623,0.060489,0.048076,0.109063,2227,58744,821,1608
2,2,0.040016,0.338462,0.060489,0.051546,0.108936,2283,58580,985,1552
2,2,0.040205,0.335332,0.060489,0.058927,0.108188,2511,58340,1225,1324
2,2,0.035931,0.405997,0.060489,0.057177,0.110898,2591,58531,1034,1244
2,2,0.041467,0.314472,0.060489,0.053628,0.108348,2303,58468,1097,1532
2,2,0.042192,0.302477,0.060489,0.060063,0.110223,2484,58241,1324,1351
2,2,0.042098,0.304042,0.060489,0.057256,0.110582,2398,58333,1232,1437
2,2,0.039558,0.346023,0.060489,0.057240,0.111336,2478,58414,1151,1357
2,2,0.040978,0.322555,0.060489,0.061562,0.110354,2570,58232,1333,1265
2,2,0.036341,0.399218,0.060489,0.052476,0.109197,2429,58667,898,1406
2,2,0.040442,0.331421,0.060489,0.052445,0.109050,2298,58538,1027,1537
2,2,0.036830,0.391134,0.060489,0.057256,0.111659,2565,58500,1065,1270
2,2,0.036924,0.389570,0.060489,0.057350,0.109139,2565,58494,1071,1270
2,2,0.038407,0.365059,0.060489,0.050315,0.115347,2295,58670,895,1540
2,2,0.041388,0.315776,0.060489,0.054558,0.114728,2335,58441,1124,1500
2,2,0.038691,0.360365,0.060489,0.054606,0.114426,2422,58525,1040,1413
2,2,0.044432,0.265450,0.060489,0.055868,0.111458,2280,58303,1262,1555
2,2,0.040931,0.323338,0.060489,0.056183,0.111549,2401,58404,1161,1434
2,2,0.043186,0.286050,0.060489,0.066987,0.110411,2672,57990,1575,1163
2,2,0.042003,0.305606,0.060489,0.045931,0.109059,2042,58695,870,1793
2,2,0.042855,0.291525,0.060489,0.049243,0.108053,2120,58563,1002,1715
2,2,0.045931,0.240678,0.060489,0.059606,0.108362,2351,58137,1428,1484
2,2,0.043107,0.287353,0.060489,0.049558,0.108739,2122,58545,1020,1713
2,2,0.044243,0.268579,0.060489,0.059621,0.109593,2405,58190,1375,1430
2,2,0.039448,0.347849,0.060489,0.056120,0.107895,2446,58453,1112,1389
2,2,0.046609,0.229465,0.060489,0.051420,0.107837,2070,58375,1190,1765
2,2,0.045852,0.241982,0.060489,0.060347,0.624942,2377,58116,1449,1458
2,2,0.039716,0.343416,0.060489,0.055505,0.376823,2418,58464,1101,1417
2,2,0.040158,0.336115,0.060489,0.050489,0.112721,2245,58609,956,1590
2,2,0.044763,0.259974,0.060489,0.056798,0.113562,2299,58263,1302,1536
2,2,0.040457,0.331160,0.060489,0.063502,0.112215,2648,58187,1378,1187
2,2,0.036278,0.400261,0.060489,0.052445,0.109234,2430,58670,895,1405
2,2,0.046041,0.238853,0.060489,0.059306,0.111363,2338,58143,1422,1497
2,2,0.042981,0.289439,0.060489,0.057666,0.111700,2383,58292,1273,1452
2,2,0.044369,0.266493,0.060489,0.059022,0.113147,2382,58205,1360,1453
2,2,0.039606,0.345241,0.060489,0.047129,0.108024,2156,58733,832,1679
2,2,0.034653,0.427119,0.060489,0.052082,0.110057,2470,58733,832,1365
2,2,0.040773,0.325945,0.060489,0.048707,0.110889,2169,58646,919,1666
2,2,0.036956,0.389048,0.060489,0.059937,0.108478,2646,58411,1154,1189
2,2,0.039574,0.345763,0.060489,0.055710,0.274121,2429,58462,1103,1406
2,2,0.042934,0.290222,0.060489,0.059038,0.113187,2428,58250,1315,1407
2,2,0.039968,0.339244,0.060489,0.054716,0.109577,2385,58481,1084,1450
2,2,0.038312,0.366623,0.060489,0.058738,0.109932,2565,58406,1159,1270
2,2,0.047476,0.215124,0.060489,0.056041,0.109200,2189,58201,1364,1646
2,2,0.037855,0.374185,0.060489,0.061215,0.111319,2658,58342,1223,1177
2,2,0.044322,0.267275,0.060489,0.057618,0.110001,2339,58251,1314,1496
2,2,0.043265,0.284746,0.060489,0.061041,0.109989,2481,58176,1389,1354
2,2,0.042524,0.297001,0.060489,0.060457,0.109377,2486,58218,1347,1349
2,2,0.044369,0.266493,0.060489,0.049811,0.108445,2090,58497,1068,1745
2,2,0.038470,0.364016,0.060489,0.049338,0.107252,2262,58699,866,1573
2,2,0.041577,0.312647,0.060489,0.060710,0.108097,2524,58240,1325,1311
2,2,0.042177,0.302738,0.060489,0.056609,0.109688,2375,58351,1214,1460
2,2,0.039085,0.353846,0.060489,0.052823,0.108423,2353,58569,996,1482
2,2,0.044984,0.256323,0.060489,0.059479,0.108287,2377,58171,1394,1458
2,2,0.041167,0.319426,0.060489,0.059038,0.107272,2484,58306,1259,1351
2,2,0.041325,0.316819,0.060489,0.053896,0.107432,2316,58464,1101,1519
2,2,0.042114,0.303781,0.060489,0.057429,0.108013,2403,58327,1238,1432
2,2,0.038044,0.371056,0.060489,0.055284,0.108973,2464,58524,1041,1371
2,2,0.039558,0.346023,0.060489,0.057303,0.274585,2480,58412,1153,1355
2,2,0.044448,0.265189,0.060489,0.059795,0.109587,2404,58178,1387,1431
2,2,0.044306,0.267536,0.060489,0.053628,0.108700,2213,58378,1187,1622
2,2,0.038580,0.362190,0.060489,0.051467,0.109038,2326,58628,937,1509
2,2,0.038155,0.369231,0.060489,0.047855,0.108648,2225,58756,809,1610
2,2,0.044606,0.262581,0.060489,0.054306,0.110111,2225,58347,1218,1610
2,2,0.040662,0.327771,0.060489,0.054842,0.108716,2367,58455,1110,1468
2,2,0.039259,0.350978,0.060489,0.046719,0.107937,2154,58757,808,1681
2,2,0.037871,0.373924,0.060489,0.061735,0.108833,2674,58325,1240,1161
2,2,0.039479,0.347327,0.060489,0.047697,0.110967,2178,58719,846,1657
2,2,0.040284,0.334029,0.060489,0.056798,0.108836,2441,58405,1160,1394
2,2,0.044527,0.263885,0.060489,0.055710,0.113195,2272,58305,1260,1563
2,2,0.045142,0.253716,0.060489,0.058754,0.269390,2349,58189,1376,1486
2,2,0.036719,0.392960,0.060489,0.061751,0.676391,2711,58361,1204,1124
2,2,0.038565,0.362451,0.060489,0.050442,0.178522,2294,58661,904,1541
2,2,0.043486,0.281095,0.060489,0.049211,0.108038,2099,58544,1021,1736
2,2,0.041467,0.314472,0.060489,0.047697,0.108528,2115,58656,909,1720
2,2,0.035962,0.405476,0.060489,0.051057,0.108013,2396,58724,841,1439
2,2,0.039590,0.345502,0.060489,0.051183,0.116385,2285,58605,960,1550
2,2,0.043596,0.279270,0.060489,0.059038,0.166972,2407,58229,1336,1428
2,2,0.045741,0.243807,0.060489,0.052003,0.115209,2116,58384,1181,1719
2,2,0.043091,0.287614,0.060489,0.060521,0.110253,2470,58198,1367,1365
2,2,0.050978,0.157236,0.060489,0.035063,0.112732,1413,58755,810,2422
2,2,0.043375,0.282920,0.060489,0.058533,0.111746,2398,58252,1313,1437
2,2,0.037019,0.388005,0.060489,0.060315,0.112918,2656,58397,1168,1179
2,2,0.044700,0.261017,0.060489,0.051404,0.109902,2130,58436,1129,1705
2,2,0.041404,0.315515,0.060489,0.056435,0.107851,2394,58381,1184,1441
2,2,0.033738,0.442243,0.060489,0.051483,0.113506,2480,58781,784,1355
2,2,0.039700,0.343677,0.060489,0.045426,0.111060,2099,58784,781,1736
2,2,0.042397,0.299087,0.060489,0.048565,0.108315,2113,58599,966,1722
2,2,0.043170,0.286310,0.060489,0.060694,0.109438,2473,58190,1375,1362
2,2,0.040994,0.322295,0.060489,0.055489,0.107474,2377,58424,1141,1458
2,2,0.044842,0.258670,0.060489,0.051640,0.110731,2133,58424,1141,1702
2,2,0.034890,0.423207,0.060489,0.057587,0.115190,2637,58551,1014,1198
2,2,0.034527,0.429205,0.060489,0.054700,0.117381,2557,58654,911,1278
2,2,0.038754,0.359322,0.060489,0.056341,0.115783,2475,58468,1097,1360
2,2,0.043044,0.288396,0.060489,0.049653,0.117924,2127,58544,1021,1708
2,2,0.036593,0.395046,0.060489,0.057744,0.108326,2588,58492,1073,1247
4,4,0.032461,0.463364,0.060489,0.055473,0.172397,2647,58695,870,1188
4,4,0.034590,0.428162,0.060489,0.060978,0.172649,2754,58453,1112,1081
4,4,0.037918,0.373142,0.060489,0.052192,0.171467,2370,58626,939,1465
4,4,0.034858,0.423729,0.060489,0.058628,0.577719,2671,58519,1046,1164
4,4,0.035899,0.406519,0.060489,0.058470,0.181705,2633,58491,1074,1202
4,4,0.033249,0.450326,0.060489,0.060584,0.171309,2784,58508,1057,1051
4,4,0.031435,0.480313,0.060489,0.056025,0.172844,2697,58710,855,1138
4,4,0.036388,0.398435,0.060489,0.058864,0.178887,2630,58463,1102,1205
4,4,0.033707,0.442764,0.060489,0.056782,0.172970,2649,58614,951,1186
4,4,0.037082,0.386962,0.060489,0.058801,0.527028,2606,58443,1122,1229
4,4,0.036120,0.402868,0.060489,0.058817,0.176325,2637,58473,1092,1198
4,4,0.037886,0.373664,0.060489,0.063517,0.186083,2730,58268,1297,1105
4,4,0.039448,0.347849,0.060489,0.060442,0.171897,2583,58316,1249,1252
4,4,0.040552,0.329596,0.060489,0.053912,0.177854,2341,58488,1077,1494
4,4,0.033502,0.446154,0.060489,0.056009,0.177312,2631,58645,920,1204
4,4,0.036167,0.402086,0.060489,0.050599,0.182261,2375,58732,833,1460
4,4,0.033580,0.444850,0.060489,0.061199,0.174977,2793,58478,1087,1042
4,4,0.033675,0.443286,0.060489,0.055804,0.187185,2619,58646,919,1216
4,4,0.031230,0.483703,0.060489,0.059890,0.178931,2826,58594,971,1009
4,4,0.035726,0.409387,0.060489,0.057666,0.181976,2613,58522,1043,1222
4,4,0.032918,0.455802,0.060489,0.058959,0.176393,2743,58570,995,1092
4,4,0.038170,0.368970,0.060489,0.058691,0.170771,2568,58412,1153,1267
4,4,0.033975,0.438331,0.060489,0.059669,0.174769,2732,58514,1051,1103
4,4,0.034937,0.422425,0.060489,0.059117,0.180456,2684,58501,1064,1151
4,4,0.034984,0.421643,0.060489,0.056956,0.175290,2614,58568,997,1221
4,4,0.034795,0.424772,0.060489,0.060205,0.172336,2723,58471,1094,1112
4,4,0.031025,0.487093,0.060489,0.058896,0.172559,2801,58632,933,1034
4,4,0.035599,0.411473,0.060489,0.056088,0.171066,2567,58576,989,1268
4,4,0.033297,0.449544,0.060489,0.057287,0.183449,2678,58611,954,1157
4,4,0.037476,0.380443,0.060489,0.057177,0.184568,2542,58482,1083,1293
4,4,0.037461,0.380704,0.060489,0.059369,0.178166,2612,58413,1152,1223
4,4,0.037019,0.388005,0.060489,0.048076,0.173779,2268,58785,780,1567
4,4,0.033833,0.440678,0.060489,0.054511,0.174210,2573,58682,883,1262
4,4,0.030284,0.499348,0.060489,0.057334,0.170715,2775,58705,860,1060
4,4,0.034432,0.430769,0.060489,0.056751,0.185372,2625,58592,973,1210
4,4,0.040536,0.329857,0.060489,0.061498,0.178744,2582,58248,1317,1253
4,4,0.034259,0.433638,0.060489,0.053864,0.170946,2539,58689,876,1296
4,4,0.046073,0.238331,0.060489,0.055710,0.178941,2223,58256,1309,1612
4,4,0.039606,0.345241,0.060489,0.053659,0.171850,2363,58526,1039,1472
4,4,0.037871,0.373924,0.060489,0.060221,0.172008,2626,58373,1192,1209
4,4,0.037666,0.377314,0.060489,0.047303,0.186899,2223,58789,776,1612
4,4,0.033991,0.438070,0.060489,0.057886,0.175231,2675,58570,995,1160
4,4,0.032524,0.462321,0.060489,0.059700,0.171286,2779,58559,1006,1056
4,4,0.030899,0.489179,0.060489,0.055521,0.174593,2698,58743,822,1137
4,4,0.034558,0.428683,0.060489,0.060536,0.171162,2741,58468,1097,1094
4,4,0.031909,0.472490,0.060489,0.054543,0.168638,2635,58742,823,1200
4,4,0.036167,0.402086,0.060489,0.052492,0.183867,2435,58672,893,1400
4,4,0.038533,0.362973,0.060489,0.052744,0.207219,2368,58589,976,1467
4,4,0.036972,0.388787,0.060489,0.053423,0.909859,2439,58617,948,1396
4,4,0.032145,0.468579,0.060489,0.055095,0.197432,2645,58717,848,1190
4,4,0.036325,0.399478,0.060489,0.059685,0.176030,2658,58439,1126,1177
4,4,0.033076,0.453194,0.060489,0.053975,0.604442,2580,58723,842,1255
4,4,0.032256,0.466754,0.060489,0.056088,0.998652,2673,58682,883,1162
4,4,0.032855,0.456845,0.060489,0.056183,0.897171,2657,58660,905,1178
4,4,0.035631,0.410952,0.060489,0.059338,1.116586,2669,58472,1093,1166
4,4,0.034811,0.424511,0.060489,0.059306,0.190128,2694,58499,1066,1141
4,4,0.031498,0.479270,0.060489,0.057066,0.177043,2728,58675,890,1107
4,4,0.034148,0.435463,0.060489,0.052303,0.245899,2493,58742,823,1342
4,4,0.034763,0.425293,0.060489,0.059890,0.181494,2714,58482,1083,1121
4,4,0.035268,0.416949,0.060489,0.054779,0.229116,2536,58628,937,1299
4,4,0.033817,0.440939,0.060489,0.057744,0.245498,2676,58580,985,1159
4,4,0.034606,0.427901,0.060489,0.057744,0.185117,2651,58555,1010,1184
4,4,0.033013,0.454237,0.060489,0.059274,0.181916,2750,58557,1008,1085
4,4,0.036546,0.395828,0.060489,0.059779,0.174619,2654,58429,1136,1181
4,4,0.040032,0.338201,0.060489,0.056325,0.185978,2434,58428,1137,1401
4,4,0.033580,0.444850,0.060489,0.050883,0.170490,2466,58805,760,1369
4,4,0.033659,0.443546,0.060489,0.056451,0.176387,2640,58626,939,1195
4,4,0.041420,0.315254,0.060489,0.056609,0.214837,2399,58375,1190,1436
4,4,0.044984,0.256323,0.060489,0.056167,0.181538,2272,58276,1289,1563
4,4,0.035268,0.416949,0.060489,0.059038,0.206453,2671,58493,1072,1164
4,4,0.035426,0.414342,0.060489,0.061593,0.341029,2747,58407,1158,1088
4,4,0.033076,0.453194,0.060489,0.058738,0.902302,2731,58572,993,1104
4,4,0.036845,0.390874,0.060489,0.059763,1.075185,2644,58420,1145,1191
4,4,0.039669,0.344198,0.060489,0.056877,1.169211,2463,58422,1143,1372
4,4,0.034858,0.423729,0.060489,0.061625,1.080433,2766,58424,1141,1069
4,4,0.033849,0.440417,0.060489,0.057177,1.078082,2657,58597,968,1178
4,4,0.033407,0.447718,0.060489,0.058533,0.608470,2714,58568,997,1121
4,4,0.032650,0.460235,0.060489,0.058123,0.173103,2725,58605,960,1110
4,4,0.038675,0.360626,0.060489,0.060962,0.181131,2624,58324,1241,1211
4,4,0.043864,0.274837,0.060489,0.058233,0.173974,2373,58246,1319,1462
4,4,0.038975,0.355671,0.060489,0.062334,0.172930,2658,58271,1294,1177
4,4,0.037760,0.375750,0.060489,0.063107,0.172148,2721,58285,1280,1114
4,4,0.031719,0.475619,0.060489,0.056751,0.293015,2711,58678,887,1124
4,4,0.035237,0.417471,0.060489,0.056546,0.234998,2593,58573,992,1242
4,4,0.036656,0.394003,0.060489,0.051845,0.182428,2399,58677,888,1436
4,4,0.031924,0.472229,0.060489,0.055789,0.175826,2674,58702,863,1161
4,4,0.036562,0.395567,0.060489,0.059732,0.176461,2652,58430,1135,1183
4,4,0.033139,0.452151,0.060489,0.055868,0.178841,2638,58661,904,1197
4,4,0.034054,0.437027,0.060489,0.053028,0.175545,2519,58722,843,1316
4,4,0.036861,0.390613,0.060489,0.054385,0.179414,2473,58590,975,1362
4,4,0.040032,0.338201,0.060489,0.060868,0.186623,2578,58284,1281,1257
4,4,0.033722,0.442503,0.060489,0.050394,0.185918,2446,58816,749,1389
4,4,0.035252,0.417210,0.060489,0.055899,0.234378,2572,58593,972,1263
4,4,0.035394,0.414863,0.060489,0.059606,0.233140,2685,58471,1094,1150
4,4,0.040599,0.328814,0.060489,0.054306,0.618747,2352,58474,1091,1483
4,4,0.036025,0.404433,0.060489,0.051656,1.063500,2413,58703,862,1422
4,4,0.030363,0.498044,0.060489,0.057950,0.811069,2792,58683,882,1043
4,4,0.049921,0.174707,0.060489,0.036593,0.182764,1495,58740,825,2340
4,4,0.035457,0.413820,0.060489,0.060394,0.176079,2708,58444,1121,1127
4,4,0.039858,0.341069,0.060489,0.055521,0.200225,2414,58459,1106,1421
8,8,0.029558,0.511343,0.060489,0.059637,0.799725,2871,58655,910,964
8,8,0.027792,0.540548,0.060489,0.056293,0.360766,2821,58817,748,1014
8,8,0.029353,0.514733,0.060489,0.057886,0.302037,2822,58717,848,1013
8,8,0.030410,0.497262,0.060489,0.056420,0.293836,2742,58730,835,1093
8,8,0.029953,0.504824,0.060489,0.056877,0.293461,2771,58730,835,1064
8,8,0.031009,0.487353,0.060489,0.061751,0.353960,2892,58542,1023,943
8,8,0.030063,0.502999,0.060489,0.058344,0.308971,2814,58680,885,1021
8,8,0.031136,0.485267,0.060489,0.058943,0.300478,2799,58627,938,1036
8,8,0.030426,0.497001,0.060489,0.059811,0.346857,2849,58622,943,986
8,8,0.029905,0.505606,0.060489,0.056262,0.294940,2753,58751,814,1082
8,8,0.029369,0.514472,0.060489,0.055978,0.318112,2761,58777,788,1074
8,8,0.031073,0.486310,0.060489,0.057397,0.304520,2752,58678,887,1083
8,8,0.033297,0.449544,0.060489,0.059369,0.315797,2744,58545,1020,1091
8,8,0.030804,0.490743,0.060489,0.057729,0.298545,2771,58676,889,1064
8,8,0.027744,0.541330,0.060489,0.057697,0.297023,2867,58774,791,968
8,8,0.029811,0.507171,0.060489,0.058943,0.294151,2841,58669,896,994
8,8,0.030615,0.493872,0.060489,0.060757,0.292188,2873,58586,979,962
8,8,0.030252,0.499870,0.060489,0.058249,0.308610,2805,58677,888,1030
8,8,0.029653,0.509778,0.060489,0.057366,0.299269,2796,58724,841,1039
8,8,0.033502,0.446154,0.060489,0.051246,0.312808,2480,58796,769,1355
8,8,0.032539,0.462060,0.060489,0.053533,0.295983,2583,58754,811,1252
8,8,0.029984,0.504302,0.060489,0.058770,0.293093,2830,58669,896,1005
8,8,0.031057,0.486571,0.060489,0.059716,0.301761,2826,58605,960,1009
8,8,0.033975,0.438331,0.060489,0.062066,0.305960,2808,58438,1127,1027
8,8,0.031562,0.478227,0.060489,0.060568,0.297557,2837,58562,1003,998
8,8,0.030757,0.491525,0.060489,0.059290,0.304251,2822,58628,937,1013
8,8,0.030883,0.489439,0.060489,0.058880,0.300685,2805,58637,928,1030
8,8,0.029685,0.509257,0.060489,0.059290,0.299379,2856,58662,903,979
8,8,0.030804,0.490743,0.060489,0.058707,0.301155,2802,58645,920,1033
8,8,0.031278,0.482920,0.060489,0.061451,0.291907,2874,58543,1022,961
8,8,0.033407,0.447718,0.060489,0.051562,0.302221,2493,58789,776,1342
8,8,0.029401,0.513950,0.060489,0.058565,1.385944,2842,58694,871,993
8,8,0.028423,0.530117,0.060489,0.057303,0.301850,2833,58765,800,1002
8,8,0.029826,0.506910,0.060489,0.058644,0.299317,2831,58678,887,1004
8,8,0.029716,0.508735,0.060489,0.061025,0.296592,2910,58606,959,925
8,8,0.032918,0.455802,0.060489,0.058170,0.298357,2718,58595,970,1117
8,8,0.030521,0.495437,0.060489,0.061451,0.371734,2898,58567,998,937
8,8,0.031798,0.474316,0.060489,0.056388,1.470286,2697,58687,878,1138
8,8,0.029890,0.505867,0.060489,0.059243,0.329677,2848,58657,908,987
8,8,0.033959,0.438592,0.060489,0.060095,0.301608,2746,58501,1064,1089
8,8,0.031782,0.474576,0.060489,0.058202,0.297545,2755,58630,935,1080
8,8,0.030962,0.488136,0.060489,0.053659,0.301045,2637,58800,765,1198
8,8,0.031230,0.483703,0.060489,0.058470,0.299061,2781,58639,926,1054
8,8,0.032744,0.458670,0.060489,0.059479,0.304140,2765,58559,1006,1070
8,8,0.031041,0.486832,0.060489,0.053864,0.296547,2641,58791,774,1194
8,8,0.028202,0.533768,0.060489,0.059953,0.298196,2924,58688,877,911
8,8,0.030237,0.500130,0.060489,0.058927,0.301244,2827,58656,909,1008
8,8,0.029448,0.513168,0.060489,0.058707,0.298983,2845,58688,877,990
8,8,0.031987,0.471186,0.060489,0.054117,0.295653,2619,58753,812,1216
8,8,0.029890,0.505867,0.060489,0.056215,0.300522,2752,58753,812,1083
8,8,0.029432,0.513429,0.060489,0.056325,0.296844,2770,58764,801,1065
8,8,0.030315,0.498827,0.060489,0.061120,0.298950,2894,58584,981,941
8,8,0.029590,0.510821,0.060489,0.054874,0.297376,2719,58805,760,1116
8,8,0.032208,0.467536,0.060489,0.058028,0.305657,2736,58622,943,1099
8,8,0.029322,0.515254,0.060489,0.059085,0.305606,2861,58680,885,974
8,8,0.030473,0.496219,0.060489,0.060899,0.309859,2882,58586,979,953
8,8,0.029369,0.514472,0.060489,0.058502,0.306984,2841,58697,868,994
8,8,0.034054,0.437027,0.060489,0.060442,0.300094,2754,58487,1078,1081
8,8,0.031703,0.475880,0.060489,0.061151,0.300128,2851,58539,1026,984
8,8,0.034890,0.423207,0.060489,0.059353,0.300984,2693,58495,1070,1142
8,8,0.029259,0.516297,0.060489,0.057918,0.309062,2826,58719,846,1009
8,8,0.032634,0.460495,0.060489,0.055457,0.882542,2641,58690,875,1194
8,8,0.029022,0.520209,0.060489,0.056230,0.300105,2780,58780,785,1055
8,8,0.032003,0.470926,0.060489,0.060946,0.302054,2835,58536,1029,1000
8,8,0.028785,0.524120,0.060489,0.058612,0.295391,2863,58712,853,972
8,8,0.029779,0.507692,0.060489,0.058817,0.298954,2838,58674,891,997
8,8,0.029669,0.509518,0.060489,0.059495,0.320104,2863,58656,909,972
8,8,0.028155,0.534550,0.060489,0.058612,0.294497,2883,58732,833,952
8,8,0.033707,0.442764,0.060489,0.052744,0.298266,2521,58742,823,1314
8,8,0.030678,0.492829,0.060489,0.058991,0.294639,2815,58640,925,1020
8,8,0.032886,0.456323,0.060489,0.060158,0.296972,2782,58533,1032,1053
8,8,0.031893,0.472751,0.060489,0.059164,0.295743,2782,58596,969,1053
8,8,0.031877,0.473012,0.060489,0.058801,0.297791,2771,58608,957,1064
8,8,0.031767,0.474837,0.060489,0.058785,0.318380,2774,58612,953,1061
8,8,0.027256,0.549413,0.060489,0.056167,0.309460,2834,58838,727,1001
8,8,0.029968,0.504563,0.060489,0.056230,0.302516,2750,58750,815,1085
8,8,0.031104,0.485789,0.060489,0.060962,0.300762,2864,58564,1001,971
8,8,0.029227,0.516819,0.060489,0.059653,0.302384,2882,58665,900,953
8,8,0.030489,0.495958,0.060489,0.058265,0.293710,2798,58669,896,1037
8,8,0.029921,0.505346,0.060489,0.057035,0.301254,2777,58726,839,1058
8,8,0.029495,0.512386,0.060489,0.056230,0.297750,2765,58765,800,1070
8,8,0.029006,0.520469,0.060489,0.058864,0.298564,2864,58697,868,971
8,8,0.030063,0.502999,0.060489,0.058186,0.491206,2809,58685,880,1026
8,8,0.029322,0.515254,0.060489,0.058644,0.312427,2847,58694,871,988
8,8,0.028628,0.526728,0.060489,0.057413,0.298778,2830,58755,810,1005
8,8,0.029905,0.505606,0.060489,0.059795,0.301515,2865,58639,926,970
8,8,0.030662,0.493090,0.060489,0.058943,0.306119,2814,58642,923,1021
8,8,0.032713,0.459192,0.060489,0.052539,0.297727,2546,58780,785,1289
8,8,0.029338,0.514993,0.060489,0.059921,0.299990,2887,58653,912,948
8,8,0.032744,0.458670,0.060489,0.057177,0.307536,2692,58632,933,1143
8,8,0.030079,0.502738,0.060489,0.056625,0.316220,2759,58734,831,1076
8,8,0.031025,0.487093,0.060489,0.060505,0.294595,2852,58581,984,983
8,8,0.030410,0.497262,0.060489,0.057145,0.311154,2765,58707,858,1070
8,8,0.029558,0.511343,0.060489,0.057587,0.338317,2806,58720,845,1029
8,8,0.029464,0.512907,0.060489,0.060710,0.298247,2908,58624,941,927
8,8,0.030694,0.492568,0.060489,0.057744,0.292254,2775,58679,886,1060
8,8,0.029574,0.511082,0.060489,0.058202,0.294561,2825,58700,865,1010
8,8,0.032382,0.464668,0.060489,0.063596,0.294715,2907,58440,1125,928
8,8,0.029416,0.513690,0.060489,0.056309,0.291064,2770,58765,800,1065
8,8,0.034369,0.431812,0.060489,0.061830,0.295087,2788,58433,1132,1047
16,16,0.025820,0.573142,0.060489,0.056940,0.557223,2904,58859,706,931
16,16,0.024653,0.592438,0.060489,0.057855,0.530975,2970,58867,698,865
16,16,0.026120,0.568188,0.060489,0.057965,0.519272,2927,58817,748,908
16,16,0.026151,0.567666,0.060489,0.059101,1.295498,2962,58780,785,873
16,16,0.026530,0.561408,0.060489,0.059006,0.716999,2947,58771,794,888
16,16,0.025962,0.570795,0.060489,0.055442,0.615558,2852,58902,663,983
16,16,0.025662,0.575750,0.060489,0.060442,0.530452,3020,58753,812,815
16,16,0.024464,0.595567,0.060489,0.057098,0.541030,2952,58897,668,883
16,16,0.027066,0.552542,0.060489,0.056609,0.603953,2854,58830,735,981
16,16,0.026672,0.559061,0.060489,0.055142,0.530018,2820,58889,676,1015
16,16,0.022981,0.620078,0.060489,0.057413,0.525520,3009,58934,631,826
16,16,0.024890,0.588527,0.060489,0.056703,0.544279,2926,58896,669,909
16,16,0.025473,0.578879,0.060489,0.054227,0.561829,2829,58956,609,1006
16,16,0.025379,0.580443,0.060489,0.055678,0.560149,2878,58913,652,957
16,16,0.025568,0.577314,0.060489,0.058107,0.551399,2949,58830,735,886
16,16,0.025237,0.582790,0.060489,0.057808,0.578251,2950,58850,715,885
16,16,0.024621,0.592960,0.060489,0.057697,0.561471,2966,58873,692,869
16,16,0.026215,0.566623,0.060489,0.059290,0.516927,2966,58772,793,869
16,16,0.026372,0.564016,0.060489,0.056451,0.528508,2871,58857,708,964
16,16,0.026120,0.568188,0.060489,0.057366,0.588100,2908,58836,729,927
16,16,0.023738,0.607562,0.060489,0.058991,0.534055,3035,58860,705,800
16,16,0.026467,0.562451,0.060489,0.060016,0.560643,2981,58741,824,854
16,16,0.026798,0.556975,0.060489,0.059274,0.565116,2947,58754,811,888
16,16,0.026893,0.555411,0.060489,0.058076,0.520477,2906,58789,776,929
16,16,0.027366,0.547588,0.060489,0.055836,0.521134,2820,58845,720,1015
16,16,0.024842,0.589309,0.060489,0.057476,0.520792,2952,58873,692,883
16,16,0.026341,0.564537,0.060489,0.058912,0.531587,2950,58780,785,885
16,16,0.025363,0.580704,0.060489,0.060394,0.523007,3028,58764,801,807
16,16,0.027492,0.545502,0.060489,0.059968,0.555970,2947,58710,855,888
16,16,0.027397,0.547066,0.060489,0.059685,0.532261,2941,58722,843,894
16,16,0.024858,0.589048,0.060489,0.057240,0.562814,2944,58880,685,891
16,16,0.025789,0.573664,0.060489,0.054826,0.522799,2838,58927,638,997
16,16,0.025489,0.578618,0.060489,0.057271,0.538423,2925,58859,706,910
16,16,0.024984,0.586962,0.060489,0.057934,0.544337,2962,58854,711,873
16,16,0.026356,0.564276,0.060489,0.057192,0.533874,2895,58834,731,940
16,16,0.024748,0.590874,0.060489,0.057918,0.546992,2969,58862,703,866
16,16,0.025410,0.579922,0.060489,0.058896,0.544986,2979,58810,755,856
16,16,0.026325,0.564798,0.060489,0.059274,0.526603,2962,58769,796,873
16,16,0.027792,0.540548,0.060489,0.059921,0.526912,2936,58702,863,899
16,16,0.026609,0.560104,0.060489,0.060032,0.660844,2977,58736,829,858
16,16,0.026798,0.556975,0.060489,0.058360,1.685211,2918,58783,782,917
16,16,0.024621,0.592960,0.060489,0.056309,0.576346,2922,58917,648,913
16,16,0.026009,0.570013,0.060489,0.060505,0.514316,3011,58740,825,824
16,16,0.027350,0.547849,0.060489,0.058407,0.523518,2902,58764,801,933
16,16,0.025552,0.577575,0.060489,0.060174,1.815569,3015,58765,800,820
16,16,0.027539,0.544720,0.060489,0.060142,0.554405,2951,58703,862,884
16,16,0.024795,0.590091,0.060489,0.058060,0.554444,2972,58856,709,863
16,16,0.026530,0.561408,0.060489,0.058091,0.575455,2918,58800,765,917
16,16,0.025631,0.576271,0.060489,0.054543,0.528781,2834,58941,624,1001
16,16,0.026609,0.560104,0.060489,0.053785,0.543642,2779,58934,631,1056
16,16,0.025505,0.578357,0.060489,0.057035,0.589881,2917,58866,699,918
16,16,0.025363,0.580704,0.060489,0.058155,0.598493,2957,58835,730,878
16,16,0.025221,0.583051,0.060489,0.057634,0.595949,2945,58856,709,890
16,16,0.025016,0.586441,0.060489,0.054968,0.544412,2867,58947,618,968
16,16,0.024921,0.588005,0.060489,0.058659,0.598284,2987,58833,732,848
16,16,0.025789,0.573664,0.060489,0.056435,0.576838,2889,58876,689,946
16,16,0.026325,0.564798,0.060489,0.058675,0.584636,2943,58788,777,892
16,16,0.024495,0.595046,0.060489,0.056562,0.586094,2934,58913,652,901
16,16,0.025820,0.573142,0.060489,0.061388,0.568942,3045,58718,847,790
16,16,0.026845,0.556193,0.060489,0.057492,0.555575,2889,58809,756,946
16,16,0.025552,0.577575,0.060489,0.059132,0.526234,2982,58798,767,853
16,16,0.026341,0.564537,0.060489,0.059132,0.563766,2957,58773,792,878
16,16,0.026909,0.555150,0.060489,0.056987,0.545703,2871,58823,742,964
16,16,0.025252,0.582529,0.060489,0.057666,0.628572,2945,58854,711,890
16,16,0.026751,0.557757,0.060489,0.056388,0.584881,2857,58847,718,978
16,16,0.026972,0.554107,0.060489,0.062161,1.475739,3033,58657,908,802
16,16,0.025789,0.573664,0.060489,0.060221,0.591915,3009,58756,809,826
16,16,0.026215,0.566623,0.060489,0.058628,0.547448,2945,58793,772,890
16,16,0.026025,0.569752,0.060489,0.057618,0.534519,2919,58831,734,916
16,16,0.026593,0.560365,0.060489,0.059416,0.529523,2958,58756,809,877
16,16,0.025710,0.574967,0.060489,0.058028,0.526551,2942,58828,737,893
16,16,0.026278,0.565580,0.060489,0.059732,0.534498,2978,58756,809,857
16,16,0.026073,0.568970,0.060489,0.058360,0.531966,2941,58806,759,894
16,16,0.027256,0.549413,0.060489,0.059132,0.546981,2928,58744,821,907
16,16,0.026372,0.564016,0.060489,0.058565,0.534420,2938,58790,775,897
16,16,0.026830,0.556454,0.060489,0.056909,0.535175,2871,58828,737,964
16,16,0.025095,0.585137,0.060489,0.055174,0.542391,2871,58938,627,964
16,16,0.025915,0.571578,0.060489,0.057098,0.551512,2906,58851,714,929
16,16,0.025158,0.584094,0.060489,0.059968,0.539865,3021,58784,781,814
16,16,0.027161,0.550978,0.060489,0.056420,0.585277,2845,58833,732,990
16,16,0.026782,0.557236,0.060489,0.060868,0.565174,2998,58704,861,837
16,16,0.025047,0.585919,0.060489,0.057524,0.535303,2947,58865,700,888
16,16,0.025662,0.575750,0.060489,0.057792,0.555963,2936,58837,728,899
16,16,0.025978,0.570535,0.060489,0.057003,0.526972,2901,58852,713,934
16,16,0.025552,0.577575,0.060489,0.056672,0.537124,2904,58876,689,931
16,16,0.026136,0.567927,0.060489,0.057950,0.532665,2926,58817,748,909
16,16,0.025489,0.578618,0.060489,0.054748,0.566240,2845,58939,626,990
16,16,0.025205,0.583312,0.060489,0.059448,0.545815,3003,58799,766,832
16,16,0.024590,0.593481,0.060489,0.057792,0.533486,2970,58871,694,865
16,16,0.026262,0.565841,0.060489,0.058927,0.562448,2953,58782,783,882
16,16,0.026293,0.565319,0.060489,0.059937,0.588142,2984,58749,816,851
16,16,0.024574,0.593742,0.060489,0.058312,0.559135,2987,58855,710,848
16,16,0.027019,0.553325,0.060489,0.057224,0.595756,2875,58812,753,960
16,16,0.026341,0.564537,0.060489,0.057492,0.539582,2905,58825,740,930
16,16,0.026104,0.568449,0.060489,0.058454,0.590287,2943,58802,763,892
16,16,0.025457,0.579140,0.060489,0.059038,0.543981,2982,58804,761,853
16,16,0.024385,0.596871,0.060489,0.057555,0.546886,2969,58885,680,866
16,16,0.026688,0.558801,0.060489,0.057145,0.585630,2883,58825,740,952
16,16,0.026262,0.565841,0.060489,0.059148,0.548640,2960,58775,790,875
16,16,0.024653,0.592438,0.060489,0.054006,0.539561,2848,58989,576,987
32,32,0.019527,0.677184,0.060489,0.057776,0.944420,3130,59032,533,705
32,32,0.021435,0.645632,0.060489,0.057256,0.951724,3053,58988,577,782
32,32,0.020946,0.653716,0.060489,0.057871,0.959744,3088,58984,581,747
32,32,0.020741,0.657106,0.060489,0.060599,1.040369,3181,58904,661,654
32,32,0.021309,0.647718,0.060489,0.055678,1.023887,3007,59042,523,828
32,32,0.020063,0.668318,0.060489,0.058533,0.948795,3137,58991,574,698
32,32,0.020016,0.669100,0.060489,0.057697,0.978960,3112,59019,546,723
32,32,0.021057,0.651890,0.060489,0.057697,0.960404,3079,58986,579,756
32,32,0.020868,0.655020,0.060489,0.057445,1.051052,3077,59000,565,758
32,32,0.020047,0.668579,0.060489,0.058013,0.961454,3121,59008,557,714
32,32,0.021104,0.651108,0.060489,0.060521,0.936972,3167,58895,670,668
32,32,0.019874,0.671447,0.060489,0.058375,0.968003,3138,59002,563,697
32,32,0.020221,0.665711,0.060489,0.057145,0.951334,3088,59030,535,747
32,32,0.020079,0.668057,0.060489,0.058139,0.953482,3124,59003,562,711
32,32,0.020820,0.655802,0.060489,0.057082,0.958482,3067,59013,552,768
32,32,0.020174,0.666493,0.060489,0.057035,0.912651,3086,59035,530,749
32,32,0.022161,0.633638,0.060489,0.056719,0.985365,3013,58982,583,822
32,32,0.020221,0.665711,0.060489,0.057177,0.969284,3089,59029,536,746
32,32,0.020473,0.661538,0.060489,0.059763,1.065318,3163,58939,626,672
32,32,0.021278,0.648240,0.060489,0.057224,0.943216,3057,58994,571,778
32,32,0.020394,0.662842,0.060489,0.058454,1.055112,3124,58983,582,711
32,32,0.021404,0.646154,0.060489,0.060568,1.036551,3159,58884,681,676
32,32,0.020252,0.665189,0.060489,0.058344,0.960195,3125,58991,574,710
32,32,0.021120,0.650847,0.060489,0.057666,0.959504,3076,58985,580,759
32,32,0.020126,0.667275,0.060489,0.059006,0.976226,3150,58974,591,685
32,32,0.020442,0.662060,0.060489,0.057965,0.936314,3107,58997,568,728
32,32,0.021451,0.645372,0.060489,0.057713,1.365558,3067,58973,592,768
32,32,0.020284,0.664668,0.060489,0.058628,0.934669,3133,58981,584,702
32,32,0.019858,0.671708,0.060489,0.059432,0.934473,3172,58969,596,663
32,32,0.020379,0.663103,0.060489,0.058438,0.988059,3124,58984,581,711
32,32,0.020631,0.658931,0.060489,0.060142,0.944208,3170,58922,643,665
32,32,0.020741,0.657106,0.060489,0.058991,0.930529,3130,58955,610,705
32,32,0.021293,0.647979,0.060489,0.058533,0.938993,3098,58952,613,737
32,32,0.020789,0.656323,0.060489,0.056767,0.999424,3058,59024,541,777
32,32,0.021262,0.648501,0.060489,0.058218,2.326620,3089,58963,602,746
32,32,0.019905,0.670926,0.060489,0.059732,0.979580,3180,58958,607,655
32,32,0.019448,0.678488,0.060489,0.058486,1.004418,3155,59012,553,680
32,32,0.021104,0.651108,0.060489,0.058060,0.949442,3089,58973,592,746
32,32,0.019274,0.681356,0.060489,0.058470,1.007707,3160,59018,547,675
32,32,0.020379,0.663103,0.060489,0.056735,0.970317,3070,59038,527,765
32,32,0.021057,0.651890,0.060489,0.058896,1.024936,3117,58948,617,718
32,32,0.020000,0.669361,0.060489,0.058028,0.982387,3123,59009,556,712
32,32,0.020268,0.664928,0.060489,0.059495,1.027754,3161,58954,611,674
32,32,0.019637,0.675359,0.060489,0.058896,2.481934,3162,58993,572,673
32,32,0.020331,0.663885,0.060489,0.057413,1.407935,3093,59018,547,742
32,32,0.019685,0.674576,0.060489,0.058028,1.005521,3133,59019,546,702
32,32,0.020410,0.662581,0.060489,0.056830,1.058474,3072,59034,531,763
32,32,0.019669,0.674837,0.060489,0.057634,1.029152,3121,59032,533,714
32,32,0.020174,0.666493,0.060489,0.058265,0.960460,3125,58996,569,710
32,32,0.020568,0.659974,0.060489,0.056356,0.950609,3052,59044,521,783
32,32,0.020662,0.658409,0.060489,0.056798,0.946324,3063,59027,538,772
32,32,0.019732,0.673794,0.060489,0.057539,0.997908,3116,59033,532,719
32,32,0.020410,0.662581,0.060489,0.058249,0.965317,3117,58989,576,718
32,32,0.020678,0.658149,0.060489,0.056814,1.071984,3063,59026,539,772
32,32,0.021041,0.652151,0.060489,0.057965,0.946895,3088,58978,587,747
32,32,0.020394,0.662842,0.060489,0.058391,0.929418,3122,58985,580,713
32,32,0.020473,0.661538,0.060489,0.058470,0.927764,3122,58980,585,713
32,32,0.021088,0.651369,0.060489,0.057256,0.983129,3064,58999,566,771
32,32,0.020000,0.669361,0.060489,0.057839,0.940527,3117,59015,550,718
32,32,0.020820,0.655802,0.060489,0.058375,1.095810,3108,58972,593,727
32,32,0.020426,0.662321,0.060489,0.056719,0.939651,3068,59037,528,767
32,32,0.020631,0.658931,0.060489,0.058155,3.705741,3107,58985,580,728
32,32,0.019811,0.672490,0.060489,0.058785,0.948242,3153,58991,574,682
32,32,0.021467,0.645111,0.060489,0.056814,1.429630,3038,59001,564,797
32,32,0.021246,0.648761,0.060489,0.057445,4.671871,3065,58988,577,770
32,32,0.020032,0.668840,0.060489,0.058565,2.313553,3139,58991,574,696
32,32,0.019700,0.674316,0.060489,0.056215,1.232107,3075,59076,489,760
32,32,0.019716,0.674055,0.060489,0.058849,1.002925,3158,58992,573,677
32,32,0.021309,0.647718,0.060489,0.056562,1.894363,3035,59014,551,800
32,32,0.021073,0.651630,0.060489,0.058628,1.316937,3108,58956,609,727
32,32,0.021151,0.650326,0.060489,0.057855,0.967060,3081,58978,587,754
32,32,0.020899,0.654498,0.060489,0.057003,0.940095,3062,59013,552,773
32,32,0.020284,0.664668,0.060489,0.058565,0.932724,3131,58983,582,704
32,32,0.019842,0.671969,0.060489,0.058344,0.954966,3138,59004,561,697
32,32,0.019700,0.674316,0.060489,0.058801,0.948689,3157,58994,571,678
32,32,0.020457,0.661799,0.060489,0.058360,1.040503,3119,58984,581,716
32,32,0.021956,0.637027,0.060489,0.055631,0.947482,2985,59023,542,850
32,32,0.020599,0.659452,0.060489,0.057776,1.020755,3096,58998,567,739
32,32,0.020237,0.665450,0.060489,0.057918,1.731230,3112,59005,560,723
32,32,0.020473,0.661538,0.060489,0.058691,0.930844,3129,58973,592,706
32,32,0.019937,0.670404,0.060489,0.056703,0.968022,3083,59053,512,752
32,32,0.020126,0.667275,0.060489,0.058155,1.455210,3123,59001,564,712
32,32,0.021782,0.639896,0.060489,0.055647,2.608303,2991,59028,537,844
32,32,0.019574,0.676402,0.060489,0.057539,1.049992,3121,59038,527,714
32,32,0.021451,0.645372,0.060489,0.058407,1.041344,3089,58951,614,746
32,32,0.020252,0.665189,0.060489,0.058470,1.010841,3129,58987,578,706
32,32,0.020789,0.656323,0.060489,0.058502,0.949105,3113,58969,596,722
32,32,0.020662,0.658409,0.060489,0.059795,1.517057,3158,58932,633,677
32,32,0.020410,0.662581,0.060489,0.057019,1.905401,3078,59028,537,757
32,32,0.020978,0.653194,0.060489,0.058943,3.007434,3121,58949,616,714
32,32,0.020599,0.659452,0.060489,0.058375,1.024420,3115,58979,586,720
32,32,0.021514,0.644329,0.060489,0.059322,0.954556,3116,58920,645,719
32,32,0.021167,0.650065,0.060489,0.056830,1.036753,3048,59010,555,787
32,32,0.020047,0.668579,0.060489,0.058675,0.989946,3142,58987,578,693
32,32,0.019748,0.673533,0.060489,0.058123,0.947302,3134,59014,551,701
32,32,0.021341,0.647197,0.060489,0.057886,0.975293,3076,58971,594,759
32,32,0.020615,0.659192,0.060489,0.057413,0.913146,3084,59009,556,751
32,32,0.020063,0.668318,0.060489,0.059101,1.031302,3155,58973,592,680
32,32,0.020852,0.655280,0.060489,0.058281,0.933441,3104,58974,591,731
32,32,0.020363,0.663364,0.060489,0.058107,3.572113,3114,58995,570,721
64,64,0.014653,0.757757,0.060489,0.058139,1.732427,3296,59175,390,539
64,64,0.014543,0.759583,0.060489,0.058155,1.564205,3300,59178,387,535
64,64,0.014621,0.758279,0.060489,0.058833,1.582774,3319,59154,411,516
64,64,0.014811,0.755150,0.060489,0.058517,1.566936,3303,59158,407,532
64,64,0.015142,0.749674,0.060489,0.058470,1.555893,3291,59149,416,544
64,64,0.014763,0.755932,0.060489,0.058817,5.476234,3314,59150,415,521
64,64,0.014621,0.758279,0.060489,0.057950,1.481890,3291,59182,383,544
64,64,0.014306,0.763494,0.060489,0.058454,1.591935,3317,59176,389,518
64,64,0.014211,0.765059,0.060489,0.059054,2.673032,3339,59160,405,496
64,64,0.015221,0.748370,0.060489,0.057603,1.524738,3261,59174,391,574
64,64,0.014732,0.756454,0.060489,0.058249,2.583157,3297,59169,396,538
64,64,0.014401,0.761930,0.060489,0.059243,2.761989,3339,59148,417,496
64,64,0.014874,0.754107,0.060489,0.058675,2.689913,3306,59151,414,529
64,64,0.014416,0.761669,0.060489,0.059448,1.599477,3345,59141,424,490
64,64,0.014432,0.761408,0.060489,0.059022,1.568533,3331,59154,411,504
64,64,0.015063,0.750978,0.060489,0.059243,1.604201,3318,59127,438,517
64,64,0.015126,0.749935,0.060489,0.057981,1.569695,3276,59165,400,559
64,64,0.014874,0.754107,0.060489,0.059054,1.554357,3318,59139,426,517
64,64,0.014196,0.765319,0.060489,0.058849,2.648146,3333,59167,398,502
64,64,0.014117,0.766623,0.060489,0.058423,3.294759,3322,59183,382,513
64,64,0.014748,0.756193,0.060489,0.058328,1.614844,3299,59166,399,536
64,64,0.014511,0.760104,0.060489,0.058596,1.550250,3315,59165,400,520
64,64,0.014748,0.756193,0.060489,0.058233,1.595513,3296,59169,396,539
64,64,0.015063,0.750978,0.060489,0.057918,1.680497,3276,59169,396,559
64,64,0.014890,0.753846,0.060489,0.057839,1.653126,3279,59177,388,556
64,64,0.014180,0.765580,0.060489,0.058423,1.561363,3320,59181,384,515
64,64,0.014763,0.755932,0.060489,0.058281,1.667289,3297,59167,398,538
64,64,0.014132,0.766362,0.060489,0.058281,1.549069,3317,59187,378,518
64,64,0.015536,0.743155,0.060489,0.059054,1.694013,3297,59118,447,538
64,64,0.014590,0.758801,0.060489,0.058454,2.178475,3308,59167,398,527
64,64,0.014259,0.764276,0.060489,0.058912,1.579759,3333,59163,402,502
64,64,0.013912,0.770013,0.060489,0.059669,1.797129,3368,59150,415,467
64,64,0.014543,0.759583,0.060489,0.058565,2.735755,3313,59165,400,522
64,64,0.014432,0.761408,0.060489,0.059243,3.257905,3338,59147,418,497
64,64,0.014858,0.754368,0.060489,0.057997,1.485848,3285,59173,392,550
64,64,0.014621,0.758279,0.060489,0.059243,2.338727,3332,59141,424,503
64,64,0.014479,0.760626,0.060489,0.058312,1.636101,3307,59175,390,528
64,64,0.014716,0.756714,0.060489,0.058864,1.554011,3317,59150,415,518
64,64,0.014148,0.766102,0.060489,0.058991,1.629222,3339,59164,401,496
64,64,0.014732,0.756454,0.060489,0.058438,1.625092,3303,59163,402,532
64,64,0.014511,0.760104,0.060489,0.058091,2.409235,3299,59181,384,536
64,64,0.014637,0.758018,0.060489,0.058312,1.534362,3302,59170,395,533
64,64,0.014685,0.757236,0.060489,0.059558,1.628753,3340,59129,436,495
64,64,0.014259,0.764276,0.060489,0.059543,2.450784,3353,59143,422,482
64,64,0.014322,0.763233,0.060489,0.058628,5.815863,3322,59170,395,513
64,64,0.014763,0.755932,0.060489,0.058091,1.517117,3291,59173,392,544
64,64,0.014826,0.754889,0.060489,0.058817,1.555414,3312,59148,417,523
64,64,0.014795,0.755411,0.060489,0.058375,1.499896,3299,59163,402,536
64,64,0.014290,0.763755,0.060489,0.058407,1.566404,3316,59178,387,519
64,64,0.014905,0.753585,0.060489,0.058013,1.579045,3284,59171,394,551
64,64,0.014748,0.756193,0.060489,0.059401,1.557462,3333,59132,433,502
64,64,0.014921,0.753325,0.060489,0.058785,4.313904,3308,59146,419,527
64,64,0.014401,0.761930,0.060489,0.058328,1.631020,3310,59177,388,525
64,64,0.015426,0.744980,0.060489,0.057839,1.621949,3262,59160,405,573
64,64,0.014495,0.760365,0.060489,0.059211,1.611367,3335,59146,419,500
64,64,0.014290,0.763755,0.060489,0.058722,1.537516,3326,59168,397,509
64,64,0.015489,0.743937,0.060489,0.058565,1.574323,3283,59135,430,552
64,64,0.014132,0.766362,0.060489,0.059732,1.664790,3363,59141,424,472
64,64,0.014732,0.756454,0.060489,0.058470,1.570813,3304,59162,403,531
64,64,0.014795,0.755411,0.060489,0.058312,1.530265,3297,59165,400,538
64,64,0.014905,0.753585,0.060489,0.059495,2.560828,3331,59124,441,504
64,64,0.015016,0.751760,0.060489,0.058754,5.016640,3304,59144,421,531
64,64,0.014826,0.754889,0.060489,0.057997,1.586052,3286,59174,391,549
64,64,0.013849,0.771056,0.060489,0.058659,1.615199,3338,59184,381,497
64,64,0.014685,0.757236,0.060489,0.059085,1.540057,3325,59144,421,510
64,64,0.014385,0.762190,0.060489,0.058028,1.545787,3301,59187,378,534
64,64,0.014338,0.762973,0.060489,0.058391,1.564762,3314,59177,388,521
64,64,0.014274,0.764016,0.060489,0.059054,1.543897,3337,59158,407,498
64,64,0.015347,0.746284,0.060489,0.058013,1.542801,3270,59157,408,565
64,64,0.014085,0.767145,0.060489,0.058549,1.518275,3327,59180,385,508
64,64,0.015315,0.746806,0.060489,0.058580,1.576567,3289,59140,425,546
64,64,0.014905,0.753585,0.060489,0.058170,1.514074,3289,59166,399,546
64,64,0.014779,0.755671,0.060489,0.058770,1.528692,3312,59151,414,523
64,64,0.014369,0.762451,0.060489,0.059306,1.584054,3342,59147,418,493
64,64,0.013991,0.768709,0.060489,0.058707,1.617653,3335,59178,387,500
64,64,0.014338,0.762973,0.060489,0.058580,1.567098,3320,59171,394,515
64,64,0.014779,0.755671,0.060489,0.058549,1.941462,3305,59158,407,530
64,64,0.014432,0.761408,0.060489,0.058959,2.486654,3329,59156,409,506
64,64,0.014890,0.753846,0.060489,0.058943,1.567740,3314,59142,423,521
64,64,0.014495,0.760365,0.060489,0.059874,1.628063,3356,59125,440,479
64,64,0.014527,0.759844,0.060489,0.058896,1.493665,3324,59155,410,511
64,64,0.014322,0.763233,0.060489,0.058628,1.515687,3322,59170,395,513
64,64,0.014211,0.765059,0.060489,0.058044,1.604496,3307,59192,373,528
64,64,0.014763,0.755932,0.060489,0.058218,1.564649,3295,59169,396,540
64,64,0.013833,0.771317,0.060489,0.059716,1.501957,3372,59151,414,463
64,64,0.014038,0.767927,0.060489,0.059574,1.514238,3361,59149,416,474
64,64,0.014306,0.763494,0.060489,0.059180,1.794312,3340,59153,412,495
64,64,0.014369,0.762451,0.060489,0.058517,1.572858,3317,59172,393,518
64,64,0.014700,0.756975,0.060489,0.057555,1.506808,3276,59192,373,559
64,64,0.014637,0.758018,0.060489,0.059164,1.547910,3329,59143,422,506
64,64,0.014874,0.754107,0.060489,0.058044,1.568952,3286,59171,394,549
64,64,0.015426,0.744980,0.060489,0.059132,1.554671,3303,59119,446,532
64,64,0.015205,0.748631,0.060489,0.058218,1.621457,3281,59155,410,554
64,64,0.014211,0.765059,0.060489,0.059085,2.465208,3340,59159,406,495
64,64,0.014227,0.764798,0.060489,0.058470,1.545430,3320,59178,387,515
64,64,0.014401,0.761930,0.060489,0.058139,1.648614,3304,59183,382,531
64,64,0.015000,0.752021,0.060489,0.057950,1.590694,3279,59170,395,556
64,64,0.014432,0.761408,0.060489,0.058675,1.566405,3320,59165,400,515
64,64,0.014905,0.753585,0.060489,0.059432,1.548121,3329,59126,439,506
64,64,0.014338,0.762973,0.060489,0.059495,5.131418,3349,59142,423,486
128,128,0.007050,0.883442,0.060489,0.059621,2.417965,3584,59369,196,251
128,128,0.006388,0.894394,0.060489,0.059905,1.632283,3614,59381,184,221
128,128,0.006845,0.886832,0.060489,0.059606,2.785438,3590,59376,189,245
128,128,0.006530,0.892047,0.060489,0.059921,4.204906,3610,59376,189,225
128,128,0.006262,0.896480,0.060489,0.059811,1.862622,3615,59388,177,220
128,128,0.006798,0.887614,0.060489,0.059621,2.586890,3592,59377,188,243
128,128,0.006278,0.896219,0.060489,0.059795,2.077870,3614,59388,177,221
128,128,0.007003,0.884224,0.060489,0.059511,1.724823,3582,59374,191,253
128,128,0.006498,0.892568,0.060489,0.059700,1.758560,3604,59384,181,231
128,128,0.006798,0.887614,0.060489,0.060189,1.908862,3610,59359,206,225
128,128,0.006688,0.889439,0.060489,0.059543,1.746254,3593,59383,182,242
128,128,0.006656,0.889961,0.060489,0.059858,1.666903,3604,59374,191,231
128,128,0.006546,0.891786,0.060489,0.060095,1.574234,3615,59370,195,220
128,128,0.006719,0.888918,0.060489,0.059890,2.439568,3603,59371,194,232
128,128,0.006877,0.886310,0.060489,0.059637,1.803661,3590,59374,191,245
128,128,0.006703,0.889179,0.060489,0.060032,1.675298,3608,59367,198,227
128,128,0.006215,0.897262,0.060489,0.059953,1.672391,3621,59385,180,214
128,128,0.006546,0.891786,0.060489,0.059527,1.864358,3597,59388,177,238
128,128,0.006798,0.887614,0.060489,0.059811,1.689399,3598,59371,194,237
128,128,0.006924,0.885528,0.060489,0.059432,1.836107,3582,59379,186,253
128,128,0.006546,0.891786,0.060489,0.059716,2.076602,3603,59382,183,232
128,128,0.006861,0.886571,0.060489,0.059495,1.630473,3586,59379,186,249
128,128,0.006861,0.886571,0.060489,0.059464,1.750296,3585,59380,185,250
128,128,0.006767,0.888136,0.060489,0.059590,2.209689,3592,59379,186,243
128,128,0.006625,0.890482,0.060489,0.059700,4.984991,3600,59380,185,235
128,128,0.006940,0.885267,0.060489,0.059479,2.293825,3583,59377,188,252
128,128,0.006356,0.894915,0.060489,0.059748,3.180883,3610,59387,178,225
128,128,0.006861,0.886571,0.060489,0.059621,1.875538,3590,59375,190,245
128,128,0.006498,0.892568,0.060489,0.059858,1.849014,3609,59379,186,226
128,128,0.006751,0.888396,0.060489,0.059858,2.043954,3601,59371,194,234
128,128,0.007445,0.876923,0.060489,0.059322,1.691618,3562,59366,199,273
128,128,0.006278,0.896219,0.060489,0.059890,1.886909,3617,59385,180,218
128,128,0.006025,0.900391,0.060489,0.060205,1.838969,3635,59383,182,200
128,128,0.006467,0.893090,0.060489,0.059795,1.671118,3608,59382,183,227
128,128,0.007145,0.881877,0.060489,0.059905,1.813195,3590,59357,208,245
128,128,0.006845,0.886832,0.060489,0.059448,3.976247,3585,59381,184,250
128,128,0.007208,0.880834,0.060489,0.059243,4.669915,3567,59376,189,268
128,128,0.006893,0.886050,0.060489,0.060000,1.747506,3601,59362,203,234
128,128,0.006577,0.891265,0.060489,0.060032,1.709316,3612,59371,194,223
128,128,0.006987,0.884485,0.060489,0.059905,1.666500,3595,59362,203,240
128,128,0.006656,0.889961,0.060489,0.059606,3.642483,3596,59382,183,239
128,128,0.006530,0.892047,0.060489,0.059637,2.618797,3601,59385,180,234
128,128,0.006814,0.887353,0.060489,0.059669,4.644351,3593,59375,190,242
128,128,0.007050,0.883442,0.060489,0.059243,2.924683,3572,59381,184,263
128,128,0.007539,0.875359,0.060489,0.059322,1.623394,3559,59363,202,276
128,128,0.006814,0.887353,0.060489,0.059669,1.629526,3593,59375,190,242
128,128,0.006924,0.885528,0.060489,0.059653,1.839347,3589,59372,193,246
128,128,0.006467,0.893090,0.060489,0.059921,3.310111,3612,59378,187,223
128,128,0.006782,0.887875,0.060489,0.059858,1.677146,3600,59370,195,235
128,128,0.006688,0.889439,0.060489,0.059574,1.713218,3594,59382,183,241
128,128,0.006514,0.892308,0.060489,0.059811,1.763310,3607,59380,185,228
128,128,0.006767,0.888136,0.060489,0.059432,1.681355,3587,59384,181,248
128,128,0.006672,0.889700,0.060489,0.059527,1.745665,3593,59384,181,242
128,128,0.006372,0.894654,0.060489,0.059606,1.773148,3605,59391,174,230
128,128,0.006609,0.890743,0.060489,0.059527,1.759834,3595,59386,179,240
128,128,0.006467,0.893090,0.060489,0.059953,1.835939,3613,59377,188,222
128,128,0.007050,0.883442,0.060489,0.059148,1.733025,3569,59384,181,266
128,128,0.006530,0.892047,0.060489,0.059669,2.056761,3602,59384,181,233
128,128,0.006483,0.892829,0.060489,0.059842,1.679556,3609,59380,185,226
128,128,0.007082,0.882920,0.060489,0.059369,1.586539,3575,59376,189,260
128,128,0.007019,0.883963,0.060489,0.060221,1.688837,3604,59351,214,231
128,128,0.007129,0.882138,0.060489,0.059732,1.864973,3585,59363,202,250
128,128,0.006956,0.885007,0.060489,0.059495,1.804409,3583,59376,189,252
128,128,0.006609,0.890743,0.060489,0.059495,1.717011,3594,59387,178,241
128,128,0.006688,0.889439,0.060489,0.059732,1.738727,3599,59377,188,236
128,128,0.006940,0.885267,0.060489,0.059479,1.794458,3583,59377,188,252
128,128,0.006861,0.886571,0.060489,0.059905,3.120678,3599,59366,199,236
128,128,0.007177,0.881356,0.060489,0.059117,1.589338,3564,59381,184,271
128,128,0.006625,0.890482,0.060489,0.059669,1.726202,3599,59381,184,236
128,128,0.006562,0.891525,0.060489,0.059984,1.595658,3611,59373,192,224
128,128,0.006735,0.888657,0.060489,0.059558,2.254175,3592,59381,184,243
128,128,0.007271,0.879791,0.060489,0.059338,1.609022,3568,59371,194,267
128,128,0.006688,0.889439,0.060489,0.059511,1.708628,3592,59384,181,243
128,128,0.006719,0.888918,0.060489,0.059669,1.614741,3596,59378,187,239
128,128,0.006451,0.893351,0.060489,0.059779,1.884291,3608,59383,182,227
128,128,0.006215,0.897262,0.060489,0.060237,1.747736,3630,59376,189,205
128,128,0.006546,0.891786,0.060489,0.059716,3.513632,3603,59382,183,232
128,128,0.007003,0.884224,0.060489,0.059511,4.774684,3582,59374,191,253
128,128,0.006782,0.887875,0.060489,0.059890,1.706993,3601,59369,196,234
128,128,0.006262,0.896480,0.060489,0.059495,1.726516,3605,59398,167,230
128,128,0.006341,0.895176,0.060489,0.060110,2.096721,3622,59376,189,213
128,128,0.006972,0.884746,0.060489,0.059448,1.689493,3581,59377,188,254
128,128,0.006688,0.889439,0.060489,0.059669,4.224917,3597,59379,186,238
128,128,0.006467,0.893090,0.060489,0.059637,2.337309,3603,59387,178,232
128,128,0.007082,0.882920,0.060489,0.059590,2.895541,3582,59369,196,253
128,128,0.006577,0.891265,0.060489,0.059842,2.822048,3606,59377,188,229
128,128,0.006451,0.893351,0.060489,0.059621,1.628626,3603,59388,177,232
128,128,0.006546,0.891786,0.060489,0.059905,1.633348,3609,59376,189,226
128,128,0.006625,0.890482,0.060489,0.059700,1.633548,3600,59380,185,235
128,128,0.006404,0.894133,0.060489,0.059921,1.735310,3614,59380,185,221
128,128,0.006845,0.886832,0.060489,0.059984,1.680564,3602,59364,201,233
128,128,0.006467,0.893090,0.060489,0.059763,1.672205,3607,59383,182,228
128,128,0.006609,0.890743,0.060489,0.059558,1.683630,3596,59385,180,239
128,128,0.006593,0.891004,0.060489,0.059858,1.725812,3606,59376,189,229
128,128,0.006325,0.895437,0.060489,0.059495,1.688479,3603,59396,169,232
128,128,0.006877,0.886310,0.060489,0.059322,3.602734,3580,59384,181,255
128,128,0.006199,0.897523,0.060489,0.059716,1.889381,3614,59393,172,221
128,128,0.006703,0.889179,0.060489,0.059685,1.851702,3597,59378,187,238
128,128,0.006767,0.888136,0.060489,0.059685,1.877819,3595,59376,189,240
128,128,0.006404,0.894133,0.060489,0.059763,1.900141,3609,59385,180,226
200,200,0.000000,1.000000,0.060489,0.060489,0.281109,3835,59565,0,0
200,200,0.000000,1.000000,0.060489,0.060489,0.207607,3835,59565,0,0
200,200,0.000000,1.000000,0.060489,0.060489,0.229411,3835,59565,0,0
200,200,0.000000,1.000000,0.060489,0.060489,0.209974,3835,59565,0,0
200,200,0.000000,1.000000,0.060489,0.060489,0.202467,3835,59565,0,0
200,200,0.000000,1.000000,0.060489,0.060489,0.206199,3835,59565,0,0
200,200,0.000000,1.000000,0.060489,0.060489,0.278244,3835,59565,0,0
200,200,0.000000,1.000000,0.060489,0.060489,0.243995,3835,59565,0,0
200,200,0.000000,1.000000,0.060489,0.060489,0.238669,3835,59565,0,0
200,200,0.000000,1.000000,0.060489,0.060489,0.213985,3835,59565,0,0
200,200,0.000000,1.000000,0.060489,0.060489,0.213854,3835,59565,0,0
200,200,0.000000,1.000000,0.060489,0.060489,0.234185,3835,59565,0,0
200,200,0.000000,1.000000,0.060489,0.060489,0.212238,3835,59565,0,0
200,200,0.000000,1.000000,0.060489,0.060489,0.250965,3835,59565,0,0
200,200,0.000000,1.000000,0.060489,0.060489,0.215749,3835,59565,0,0
200,200,0.000000,1.000000,0.060489,0.060489,0.201471,3835,59565,0,0
200,200,0.000000,1.000000,0.060489,0.060489,0.198988,3835,59565,0,0
200,200,0.000000,1.000000,0.060489,0.060489,0.216608,3835,59565,0,0
200,200,0.000000,1.000000,0.060489,0.060489,0.268012,3835,59565,0,0
200,200,0.000000,1.000000,0.060489,0.060489,0.200272,3835,59565,0,0
200,200,0.000000,1.000000,0.060489,0.060489,0.200158,3835,59565,0,0
200,200,0.000000,1.000000,0.060489,0.060489,0.201274,3835,59565,0,0
200,200,0.000000,1.000000,0.060489,0.060489,0.201628,3835,59565,0,0
200,200,0.000000,1.000000,0.060489,0.060489,0.223182,3835,59565,0,0
200,200,0.000000,1.000000,0.060489,0.060489,0.201353,3835,59565,0,0
200,200,0.000000,1.000000,0.060489,0.060489,0.201958,3835,59565,0,0
200,200,0.000000,1.000000,0.060489,0.060489,0.223738,3835,59565,0,0
200,200,0.000000,1.000000,0.060489,0.060489,0.248721,3835,59565,0,0
200,200,0.000000,1.000000,0.060489,0.060489,0.202099,3835,59565,0,0
200,200,0.000000,1.000000,0.060489,0.060489,0.202337,3835,59565,0,0
200,200,0.000000,1.000000,0.060489,0.060489,0.205560,3835,59565,0,0
200,200,0.000000,1.000000,0.060489,0.060489,0.209841,3835,59565,0,0
200,200,0.000000,1.000000,0.060489,0.060489,0.206226,3835,59565,0,0
200,200,0.000000,1.000000,0.060489,0.060489,0.206560,3835,59565,0,0
200,200,0.000000,1.000000,0.060489,0.060489,0.208495,3835,59565,0,0
200,200,0.000000,1.000000,0.060489,0.060489,0.221592,3835,59565,0,0
200,200,0.000000,1.000000,0.060489,0.060489,0.217607,3835,59565,0,0
200,200,0.000000,1.000000,0.060489,0.060489,0.209927,3835,59565,0,0
200,200,0.000000,1.000000,0.060489,0.060489,0.207483,3835,59565,0,0
200,200,0.000000,1.000000,0.060489,0.060489,0.197956,3835,59565,0,0
200,200,0.000000,1.000000,0.060489,0.060489,0.230472,3835,59565,0,0
200,200,0.000000,1.000000,0.060489,0.060489,0.252548,3835,59565,0,0
200,200,0.000000,1.000000,0.060489,0.060489,0.218130,3835,59565,0,0
200,200,0.000000,1.000000,0.060489,0.060489,0.219708,3835,59565,0,0
200,200,0.000000,1.000000,0.060489,0.060489,0.209125,3835,59565,0,0
200,200,0.000000,1.000000,0.060489,0.060489,0.217060,3835,59565,0,0
200,200,0.000000,1.000000,0.060489,0.060489,0.271077,3835,59565,0,0
200,200,0.000000,1.000000,0.060489,0.060489,0.200911,3835,59565,0,0
200,200,0.000000,1.000000,0.060489,0.060489,0.201323,3835,59565,0,0
200,200,0.000000,1.000000,0.060489,0.060489,0.270980,3835,59565,0,0
200,200,0.000000,1.000000,0.060489,0.060489,0.199245,3835,59565,0,0
200,200,0.000000,1.000000,0.060489,0.060489,0.623692,3835,59565,0,0
200,200,0.000000,1.000000,0.060489,0.060489,0.795349,3835,59565,0,0
200,200,0.000000,1.000000,0.060489,0.060489,0.437674,3835,59565,0,0
200,200,0.000000,1.000000,0.060489,0.060489,0.200568,3835,59565,0,0
200,200,0.000000,1.000000,0.060489,0.060489,0.207992,3835,59565,0,0
200,200,0.000000,1.000000,0.060489,0.060489,0.199172,3835,59565,0,0
200,200,0.000000,1.000000,0.060489,0.060489,0.198720,3835,59565,0,0
200,200,0.000000,1.000000,0.060489,0.060489,0.197954,3835,59565,0,0
200,200,0.000000,1.000000,0.060489,0.060489,0.199802,3835,59565,0,0
200,200,0.000000,1.000000,0.060489,0.060489,0.202443,3835,59565,0,0
200,200,0.000000,1.000000,0.060489,0.060489,0.216114,3835,59565,0,0
200,200,0.000000,1.000000,0.060489,0.060489,0.222431,3835,59565,0,0
200,200,0.000000,1.000000,0.060489,0.060489,0.215178,3835,59565,0,0
200,200,0.000000,1.000000,0.060489,0.060489,0.218154,3835,59565,0,0
200,200,0.000000,1.000000,0.060489,0.060489,0.198248,3835,59565,0,0
200,200,0.000000,1.000000,0.060489,0.060489,0.204417,3835,59565,0,0
200,200,0.000000,1.000000,0.060489,0.060489,0.198890,3835,59565,0,0
200,200,0.000000,1.000000,0.060489,0.060489,0.198020,3835,59565,0,0
200,200,0.000000,1.000000,0.060489,0.060489,0.197680,3835,59565,0,0
200,200,0.000000,1.000000,0.060489,0.060489,0.199998,3835,59565,0,0
200,200,0.000000,1.000000,0.060489,0.060489,0.198574,3835,59565,0,0
200,200,0.000000,1.000000,0.060489,0.060489,0.268139,3835,59565,0,0
200,200,0.000000,1.000000,0.060489,0.060489,0.209684,3835,59565,0,0
200,200,0.000000,1.000000,0.060489,0.060489,0.201797,3835,59565,0,0
200,200,0.000000,1.000000,0.060489,0.060489,0.201268,3835,59565,0,0
200,200,0.000000,1.000000,0.060489,0.060489,0.204824,3835,59565,0,0
200,200,0.000000,1.000000,0.060489,0.060489,0.201877,3835,59565,0,0
200,200,0.000000,1.000000,0.060489,0.060489,0.264809,3835,59565,0,0
200,200,0.000000,1.000000,0.060489,0.060489,0.375957,3835,59565,0,0
200,200,0.000000,1.000000,0.060489,0.060489,0.620049,3835,59565,0,0
200,200,0.000000,1.000000,0.060489,0.060489,1.162240,3835,59565,0,0
200,200,0.000000,1.000000,0.060489,0.060489,0.331654,3835,59565,0,0
200,200,0.000000,1.000000,0.060489,0.060489,0.991842,3835,59565,0,0
200,200,0.000000,1.000000,0.060489,0.060489,0.551961,3835,59565,0,0
200,200,0.000000,1.000000,0.060489,0.060489,0.199591,3835,59565,0,0
200,200,0.000000,1.000000,0.060489,0.060489,0.199567,3835,59565,0,0
200,200,0.000000,1.000000,0.060489,0.060489,0.200046,3835,59565,0,0
200,200,0.000000,1.000000,0.060489,0.060489,0.207552,3835,59565,0,0
200,200,0.000000,1.000000,0.060489,0.060489,0.238328,3835,59565,0,0
200,200,0.000000,1.000000,0.060489,0.060489,0.199533,3835,59565,0,0
200,200,0.000000,1.000000,0.060489,0.060489,0.199550,3835,59565,0,0
200,200,0.000000,1.000000,0.060489,0.060489,0.200116,3835,59565,0,0
200,200,0.000000,1.000000,0.060489,0.060489,0.202483,3835,59565,0,0
200,200,0.000000,1.000000,0.060489,0.060489,0.236103,3835,59565,0,0
200,200,0.000000,1.000000,0.060489,0.060489,0.209138,3835,59565,0,0
200,200,0.000000,1.000000,0.060489,0.060489,0.203030,3835,59565,0,0
200,200,0.000000,1.000000,0.060489,0.060489,0.286696,3835,59565,0,0
200,200,0.000000,1.000000,0.060489,0.060489,0.200686,3835,59565,0,0
200,200,0.000000,1.000000,0.060489,0.060489,0.198561,3835,59565,0,0
