1,1,0.102187,0.002455,0.102438,0.000629,0.289120,28,57081,12,6488
1,1,0.102234,0.001995,0.102438,0.000424,0.252173,20,57086,7,6496
1,1,0.102187,0.002455,0.102438,0.000472,0.409158,23,57086,7,6493
1,1,0.092283,0.099141,0.102438,0.048106,1.307270,1853,55886,1207,4663
1,1,0.071185,0.305095,0.102438,0.057728,1.032053,2830,56251,842,3686
1,1,0.102281,0.001535,0.102438,0.000157,0.260088,10,57093,0,6506
1,1,0.089846,0.122928,0.102438,0.049663,0.308677,1980,55914,1179,4536
1,1,0.070100,0.315684,0.102438,0.057869,0.243759,2869,56281,812,3647
1,1,0.098288,0.040516,0.102438,0.024053,0.248386,897,56460,633,5619
1,1,0.102265,0.001688,0.102438,0.000424,0.281469,19,57085,8,6497
1,1,0.082158,0.197974,0.102438,0.055464,0.241083,2409,55974,1119,4107
1,1,0.070289,0.313843,0.102438,0.058152,0.241986,2872,56266,827,3644
1,1,0.102187,0.002455,0.102438,0.000629,0.286343,28,57081,12,6488
1,1,0.101747,0.006753,0.102438,0.002358,0.247265,97,57040,53,6419
1,1,0.072443,0.292818,0.102438,0.058577,0.246073,2817,56184,909,3699
1,1,0.101872,0.005525,0.102438,0.001572,0.245337,68,57061,32,6448
1,1,0.101904,0.005218,0.102438,0.001729,0.581665,72,57055,38,6444
1,1,0.102250,0.001842,0.102438,0.000314,0.268016,16,57089,4,6500
1,1,0.093053,0.091621,0.102438,0.044852,0.276898,1725,55965,1128,4791
1,1,0.102218,0.002149,0.102438,0.000472,0.273866,22,57085,8,6494
1,1,0.101699,0.007213,0.102438,0.005235,0.243677,190,56950,143,6326
1,1,0.072443,0.292818,0.102438,0.058577,0.240123,2817,56184,909,3699
1,1,0.098351,0.039902,0.102438,0.025468,0.276132,940,56413,680,5576
1,1,0.102218,0.002149,0.102438,0.000472,0.269617,22,57085,8,6494
1,1,0.077945,0.239104,0.102438,0.046912,0.263227,2271,56380,713,4245
1,1,0.072773,0.289595,0.102438,0.058435,0.269186,2802,56178,915,3714
1,1,0.073009,0.287293,0.102438,0.057445,0.276915,2763,56202,891,3753
1,1,0.101244,0.011664,0.102438,0.004087,1.311051,168,57001,92,6348
1,1,0.071185,0.305095,0.102438,0.057728,1.090783,2830,56251,842,3686
1,1,0.079391,0.224985,0.102438,0.055464,0.254675,2497,56062,1031,4019
1,1,0.071704,0.300031,0.102438,0.058152,0.242628,2827,56221,872,3689
1,1,0.074078,0.276857,0.102438,0.057445,0.285471,2729,56168,925,3787
1,1,0.098508,0.038367,0.102438,0.025185,0.254639,926,56417,676,5590
1,1,0.079391,0.224985,0.102438,0.055464,0.240901,2497,56062,1031,4019
1,1,0.082331,0.196286,0.102438,0.055322,0.610281,2399,55973,1120,4117
1,1,0.101998,0.004297,0.102438,0.001415,0.902904,59,57062,31,6457
1,1,0.093304,0.089165,0.102438,0.041739,0.254083,1618,56056,1037,4898
1,1,0.070289,0.313843,0.102438,0.058152,0.239782,2872,56266,827,3644
1,1,0.081891,0.200583,0.102438,0.056454,0.239505,2449,55951,1142,4067
1,1,0.102281,0.001535,0.102438,0.000157,0.239923,10,57093,0,6506
1,1,0.102250,0.001842,0.102438,0.000314,0.239768,16,57089,4,6500
1,1,0.072443,0.292818,0.102438,0.058577,0.241093,2817,56184,909,3699
1,1,0.102281,0.001535,0.102438,0.000157,0.239351,10,57093,0,6506
1,1,0.081498,0.204420,0.102438,0.055181,0.240258,2421,56004,1089,4095
1,1,0.102281,0.001535,0.102438,0.000157,0.239639,10,57093,0,6506
1,1,0.080067,0.218386,0.102438,0.055605,0.250456,2480,56036,1057,4036
1,1,0.081970,0.199816,0.102438,0.054049,0.239286,2370,56025,1068,4146
1,1,0.091622,0.105586,0.102438,0.046974,0.954132,1838,55943,1150,4678
1,1,0.071185,0.305095,0.102438,0.057728,0.267901,2830,56251,842,3686
1,1,0.073276,0.284684,0.102438,0.058152,0.258031,2777,56171,922,3739
1,1,0.101369,0.010436,0.102438,0.002987,0.307371,129,57032,61,6387
1,1,0.102218,0.002149,0.102438,0.000472,0.288050,22,57085,8,6494
1,1,0.102281,0.001535,0.102438,0.000157,0.265306,10,57093,0,6506
1,1,0.083416,0.185697,0.102438,0.055464,0.293598,2369,55934,1159,4147
1,1,0.100929,0.014733,0.102438,0.008206,0.268312,309,56880,213,6207
1,1,0.070100,0.315684,0.102438,0.057869,0.272214,2869,56281,812,3647
1,1,0.082991,0.189840,0.102438,0.054473,0.252741,2351,55979,1114,4165
1,1,0.073276,0.284684,0.102438,0.058152,0.284469,2777,56171,922,3739
1,1,0.102124,0.003069,0.102438,0.000786,0.367486,35,57078,15,6481
1,1,0.070100,0.315684,0.102438,0.057869,0.286040,2869,56281,812,3647
1,1,0.084123,0.178791,0.102438,0.053342,0.286043,2279,55979,1114,4237
1,1,0.102061,0.003683,0.102438,0.001100,0.352274,47,57070,23,6469
1,1,0.102297,0.001381,0.102438,0.000141,0.304582,9,57093,0,6507
1,1,0.071185,0.305095,0.102438,0.057728,0.277080,2830,56251,842,3686
1,1,0.096307,0.059853,0.102438,0.029147,0.280038,1122,56361,732,5394
1,1,0.102218,0.002149,0.102438,0.000472,0.258090,22,57085,8,6494
1,1,0.071185,0.305095,0.102438,0.057728,0.298456,2830,56251,842,3686
1,1,0.101023,0.013812,0.102438,0.004402,0.278992,185,56998,95,6331
1,1,0.102187,0.002455,0.102438,0.000629,0.282146,28,57081,12,6488
1,1,0.101809,0.006139,0.102438,0.002201,0.256800,90,57043,50,6426
1,1,0.102155,0.002762,0.102438,0.000786,0.289942,34,57077,16,6482
1,1,0.101841,0.005832,0.102438,0.002044,0.294981,84,57047,46,6432
1,1,0.101998,0.004297,0.102438,0.001415,0.250559,59,57062,31,6457
1,1,0.079218,0.226673,0.102438,0.055888,0.242866,2516,56054,1039,4000
1,1,0.081891,0.200583,0.102438,0.056454,0.241328,2449,55951,1142,4067
1,1,0.102281,0.001535,0.102438,0.000157,0.288984,10,57093,0,6506
1,1,0.098052,0.042818,0.102438,0.025327,0.246872,945,56427,666,5571
1,1,0.102250,0.001842,0.102438,0.000314,0.253569,16,57089,4,6500
1,1,0.071955,0.297575,0.102438,0.058435,0.251150,2828,56204,889,3688
1,1,0.099231,0.031308,0.102438,0.020374,0.246153,750,56547,546,5766
1,1,0.092424,0.097759,0.102438,0.046550,0.246644,1799,55931,1162,4717
1,1,0.072443,0.292818,0.102438,0.058577,0.282369,2817,56184,909,3699
1,1,0.102281,0.001535,0.102438,0.000157,0.245086,10,57093,0,6506
1,1,0.102218,0.002149,0.102438,0.000472,1.154336,22,57085,8,6494
1,1,0.100992,0.014119,0.102438,0.004779,0.825240,198,56987,106,6318
1,1,0.102061,0.003683,0.102438,0.001100,0.247804,47,57070,23,6469
1,1,0.100002,0.023788,0.102438,0.019101,0.245636,685,56563,530,5831
1,1,0.070100,0.315684,0.102438,0.057869,0.251012,2869,56281,812,3647
1,1,0.102281,0.001535,0.102438,0.000157,0.248557,10,57093,0,6506
1,1,0.102187,0.002455,0.102438,0.000629,0.248940,28,57081,12,6488
1,1,0.102234,0.001995,0.102438,0.000707,0.271869,29,57077,16,6487
1,1,0.070289,0.313843,0.102438,0.058152,0.304335,2872,56266,827,3644
1,1,0.102030,0.003990,0.102438,0.001100,0.250830,48,57071,22,6468
1,1,0.101778,0.006446,0.102438,0.001572,0.290005,71,57064,29,6445
1,1,0.101841,0.005832,0.102438,0.003679,0.243972,136,56995,98,6380
1,1,0.102155,0.002762,0.102438,0.000629,0.243709,29,57082,11,6487
1,1,0.102250,0.001842,0.102438,0.000314,0.276147,16,57089,4,6500
1,1,0.092283,0.099141,0.102438,0.048106,0.317055,1853,55886,1207,4663
1,1,0.102250,0.001842,0.102438,0.000314,0.249998,16,57089,4,6500
1,1,0.071185,0.305095,0.102438,0.057728,0.249355,2830,56251,842,3686
2,2,0.066862,0.347299,0.102438,0.059001,0.304995,3008,56348,745,3508
2,2,0.102140,0.002916,0.102438,0.000299,0.315522,19,57093,0,6497
2,2,0.073323,0.284223,0.102438,0.057759,0.297093,2763,56182,911,3753
2,2,0.081765,0.201811,0.102438,0.058152,0.302458,2507,55901,1192,4009
2,2,0.100615,0.017802,0.102438,0.009118,0.306010,348,56861,232,6168
2,2,0.073669,0.280847,0.102438,0.058011,0.314183,2760,56163,930,3756
2,2,0.069346,0.323051,0.102438,0.060668,0.309459,2982,56216,877,3534
2,2,0.082394,0.195672,0.102438,0.056391,0.772877,2431,55937,1156,4085
2,2,0.069880,0.317833,0.102438,0.058341,0.478819,2891,56273,820,3625
2,2,0.071546,0.301565,0.102438,0.058309,0.306633,2837,56221,872,3679
2,2,0.069943,0.317219,0.102438,0.058152,0.328871,2883,56277,816,3633
2,2,0.070100,0.315684,0.102438,0.057869,0.316027,2869,56281,812,3647
2,2,0.081907,0.200430,0.102438,0.054772,0.339602,2395,56004,1089,4121
2,2,0.101511,0.009055,0.102438,0.005550,0.313873,206,56946,147,6310
2,2,0.084155,0.178484,0.102438,0.042211,0.324369,1924,56332,761,4592
2,2,0.069346,0.323051,0.102438,0.059284,1.108666,2938,56260,833,3578
2,2,0.071641,0.300645,0.102438,0.059221,0.539522,2863,56189,904,3653
2,2,0.083243,0.187385,0.102438,0.053845,0.389648,2323,55991,1102,4193
2,2,0.091308,0.108656,0.102438,0.047886,0.366892,1877,55924,1169,4639
2,2,0.075257,0.265347,0.102438,0.058152,0.366101,2714,56108,985,3802
2,2,0.101967,0.004604,0.102438,0.000943,0.535497,45,57078,15,6471
2,2,0.070006,0.316605,0.102438,0.058938,1.135604,2906,56250,843,3610
2,2,0.072490,0.292357,0.102438,0.060353,0.323052,2872,56126,967,3644
2,2,0.069974,0.316912,0.102438,0.059001,0.310467,2909,56249,844,3607
2,2,0.069314,0.323358,0.102438,0.060542,0.304037,2979,56221,872,3537
2,2,0.070006,0.316605,0.102438,0.059001,0.341556,2908,56248,845,3608
2,2,0.101464,0.009515,0.102438,0.002987,0.319668,126,57029,64,6390
2,2,0.065541,0.360190,0.102438,0.059850,0.335603,3077,56363,730,3439
2,2,0.072018,0.296961,0.102438,0.058435,0.308065,2826,56202,891,3690
2,2,0.072490,0.292357,0.102438,0.058435,0.307639,2811,56187,906,3705
2,2,0.072285,0.294352,0.102438,0.059143,0.302520,2840,56171,922,3676
2,2,0.069691,0.319675,0.102438,0.059284,0.300152,2927,56249,844,3589
2,2,0.101872,0.005525,0.102438,0.001572,0.303763,68,57061,32,6448
2,2,0.072443,0.292818,0.102438,0.058922,0.295436,2828,56173,920,3688
2,2,0.069581,0.320749,0.102438,0.058860,0.297125,2917,56266,827,3599
2,2,0.071169,0.305249,0.102438,0.059001,0.303488,2871,56211,882,3645
2,2,0.072616,0.291130,0.102438,0.058718,0.296202,2816,56174,919,3700
2,2,0.081938,0.200123,0.102438,0.056501,0.376937,2449,55948,1145,4067
2,2,0.065824,0.357428,0.102438,0.059001,0.311524,3041,56381,712,3475
2,2,0.078574,0.232965,0.102438,0.056879,0.303913,2568,56043,1050,3948
2,2,0.073307,0.284377,0.102438,0.058152,0.299796,2776,56170,923,3740
2,2,0.068764,0.328729,0.102438,0.058294,0.295663,2925,56310,783,3591
2,2,0.081577,0.203653,0.102438,0.056706,0.302221,2467,55953,1140,4049
2,2,0.077725,0.241252,0.102438,0.058294,0.298289,2640,56025,1068,3876
2,2,0.069959,0.317066,0.102438,0.061186,0.298316,2979,56180,913,3537
2,2,0.102124,0.003069,0.102438,0.000440,0.312982,24,57089,4,6492
2,2,0.083039,0.189380,0.102438,0.056061,0.356246,2400,55927,1166,4116
2,2,0.069094,0.325506,0.102438,0.058718,0.362850,2928,56286,807,3588
2,2,0.090207,0.119398,0.102438,0.049773,0.317527,1972,55899,1194,4544
2,2,0.072474,0.292511,0.102438,0.058765,0.296676,2822,56177,916,3694
2,2,0.070210,0.314610,0.102438,0.059426,0.301437,2915,56228,865,3601
2,2,0.083274,0.187078,0.102438,0.057995,0.366834,2454,55858,1235,4062
2,2,0.083715,0.182781,0.102438,0.055637,0.316040,2365,55919,1174,4151
2,2,0.069503,0.321516,0.102438,0.058718,0.351843,2915,56273,820,3601
2,2,0.070069,0.315991,0.102438,0.058467,0.308993,2889,56263,830,3627
2,2,0.071657,0.300491,0.102438,0.059426,0.342004,2869,56182,911,3647
2,2,0.081514,0.204266,0.102438,0.057555,0.505309,2496,55928,1165,4020
2,2,0.067679,0.339319,0.102438,0.059567,0.312891,3000,56304,789,3516
2,2,0.098618,0.037293,0.102438,0.021962,0.319375,820,56516,577,5696
2,2,0.082001,0.199509,0.102438,0.055621,0.309414,2419,55974,1119,4097
2,2,0.071672,0.300338,0.102438,0.059221,0.327623,2862,56188,905,3654
2,2,0.072222,0.294966,0.102438,0.059992,0.368120,2869,56146,947,3647
2,2,0.098272,0.040669,0.102438,0.022088,0.401510,835,56523,570,5681
2,2,0.093131,0.090853,0.102438,0.044333,0.395670,1706,55979,1114,4810
2,2,0.102092,0.003376,0.102438,0.000472,0.337948,26,57089,4,6490
2,2,0.068764,0.328729,0.102438,0.057665,0.351861,2905,56330,763,3611
2,2,0.092770,0.094383,0.102438,0.045638,1.303576,1759,55949,1144,4757
2,2,0.073009,0.287293,0.102438,0.058640,0.969237,2801,56164,929,3715
2,2,0.081341,0.205955,0.102438,0.056218,0.351036,2459,55976,1117,4057
2,2,0.081907,0.200430,0.102438,0.054772,0.396466,2395,56004,1089,4121
2,2,0.072380,0.293432,0.102438,0.058011,0.364328,2801,56204,889,3715
2,2,0.102092,0.003376,0.102438,0.000472,0.358280,26,57089,4,6490
2,2,0.071829,0.298803,0.102438,0.059819,0.787536,2876,56164,929,3640
2,2,0.068371,0.332566,0.102438,0.059001,0.365190,2960,56300,793,3556
2,2,0.071940,0.297729,0.102438,0.061123,0.799518,2914,56119,974,3602
2,2,0.071326,0.303714,0.102438,0.059253,0.296896,2874,56198,895,3642
2,2,0.087645,0.144414,0.102438,0.053907,0.363702,2185,55849,1244,4331
2,2,0.065824,0.357428,0.102438,0.059001,0.373826,3041,56381,712,3475
2,2,0.071578,0.301258,0.102438,0.058718,0.301270,2849,56207,886,3667
2,2,0.101055,0.013505,0.102438,0.003930,0.365530,169,57012,81,6347
2,2,0.082504,0.194598,0.102438,0.058262,0.325839,2487,55874,1219,4029
2,2,0.067679,0.339319,0.102438,0.059567,0.314238,3000,56304,789,3516
2,2,0.069471,0.321823,0.102438,0.059567,0.392434,2943,56247,846,3573
2,2,0.082803,0.191682,0.102438,0.056077,0.313235,2408,55934,1159,4108
2,2,0.079438,0.224524,0.102438,0.056611,0.309350,2532,56024,1069,3984
2,2,0.071546,0.301565,0.102438,0.058309,0.310107,2837,56221,872,3679
2,2,0.069031,0.326120,0.102438,0.059567,0.304560,2957,56261,832,3559
2,2,0.083149,0.188306,0.102438,0.053813,0.314887,2325,55995,1098,4191
2,2,0.101652,0.007673,0.102438,0.003993,0.305963,152,56991,102,6364
2,2,0.071295,0.304021,0.102438,0.058435,0.300895,2849,56225,868,3667
2,2,0.073795,0.279619,0.102438,0.049553,0.306444,2487,56428,665,4029
2,2,0.091842,0.103438,0.102438,0.044459,0.344650,1751,56016,1077,4765
2,2,0.089217,0.129067,0.102438,0.050386,0.309417,2023,55911,1182,4493
2,2,0.069660,0.319982,0.102438,0.058718,0.333862,2910,56268,825,3606
2,2,0.081577,0.203653,0.102438,0.057869,0.474247,2504,55916,1177,4012
2,2,0.071326,0.303714,0.102438,0.059410,0.834109,2879,56193,900,3637
2,2,0.101464,0.009515,0.102438,0.003144,0.685107,131,57024,69,6385
2,2,0.071924,0.297882,0.102438,0.059347,0.323565,2858,56176,917,3658
2,2,0.071421,0.302793,0.102438,0.058781,0.306840,2856,56210,883,3660
2,2,0.072851,0.288828,0.102438,0.057602,0.349661,2773,56202,891,3743
4,4,0.100002,0.023788,0.102438,0.013159,0.447077,496,56752,341,6020
4,4,0.070415,0.312615,0.102438,0.060133,0.459960,2931,56199,894,3585
4,4,0.075744,0.260589,0.102438,0.060117,0.417801,2761,56030,1063,3755
4,4,0.068512,0.331185,0.102438,0.061972,0.411227,3050,56201,892,3466
4,4,0.068371,0.332566,0.102438,0.061296,0.473144,3033,56227,866,3483
4,4,0.099860,0.025169,0.102438,0.011885,0.475717,460,56797,296,6056
4,4,0.065117,0.364334,0.102438,0.060369,0.411523,3107,56360,733,3409
4,4,0.072521,0.292050,0.102438,0.059913,0.416682,2857,56139,954,3659
4,4,0.067789,0.338244,0.102438,0.059740,0.408802,3002,56295,798,3514
4,4,0.067726,0.338858,0.102438,0.059866,0.411498,3008,56293,800,3508
4,4,0.066956,0.346378,0.102438,0.060164,0.414083,3042,56308,785,3474
4,4,0.069251,0.323972,0.102438,0.060196,0.421686,2970,56234,859,3546
4,4,0.079218,0.226673,0.102438,0.060196,0.423606,2653,55917,1176,3863
4,4,0.068261,0.333640,0.102438,0.058797,0.439937,2957,56310,783,3559
4,4,0.067915,0.337017,0.102438,0.060589,1.460808,3025,56264,829,3491
4,4,0.076986,0.248465,0.102438,0.060825,0.457040,2744,55968,1125,3772
4,4,0.076530,0.252916,0.102438,0.060746,0.476199,2756,55985,1108,3760
4,4,0.068434,0.331952,0.102438,0.061296,0.557760,3031,56225,868,3485
4,4,0.070084,0.315838,0.102438,0.060746,0.547764,2961,56190,903,3555
4,4,0.070022,0.316452,0.102438,0.062696,0.534230,3025,56130,963,3491
4,4,0.065934,0.356354,0.102438,0.061375,0.453696,3113,56302,791,3403
4,4,0.067459,0.341467,0.102438,0.060322,0.448380,3031,56287,806,3485
4,4,0.070477,0.312001,0.102438,0.060888,0.488998,2953,56173,920,3563
4,4,0.099860,0.025169,0.102438,0.011005,0.439714,432,56825,268,6084
4,4,0.071751,0.299570,0.102438,0.058734,0.478823,2844,56201,892,3672
4,4,0.081639,0.203039,0.102438,0.058404,0.495230,2519,55897,1196,3997
4,4,0.066248,0.353284,0.102438,0.060495,0.419796,3075,56320,773,3441
4,4,0.089531,0.125998,0.102438,0.050040,0.434184,2002,55912,1181,4514
4,4,0.063026,0.384745,0.102438,0.060416,0.413145,3175,56425,668,3341
4,4,0.068292,0.333333,0.102438,0.061123,0.409544,3030,56235,858,3486
4,4,0.072694,0.290362,0.102438,0.059740,0.459588,2846,56139,954,3670
4,4,0.077473,0.243708,0.102438,0.059268,0.491343,2679,56002,1091,3837
4,4,0.081655,0.202885,0.102438,0.057728,0.425357,2497,55918,1175,4019
4,4,0.078024,0.238336,0.102438,0.057963,0.411537,2620,56026,1067,3896
4,4,0.064692,0.368478,0.102438,0.059850,0.420474,3104,56390,703,3412
4,4,0.083620,0.183702,0.102438,0.056486,0.422063,2395,55895,1198,4121
4,4,0.068512,0.331185,0.102438,0.061469,0.468182,3034,56217,876,3482
4,4,0.072285,0.294352,0.102438,0.060023,0.420843,2868,56143,950,3648
4,4,0.069849,0.318140,0.102438,0.059284,0.448634,2922,56244,849,3594
4,4,0.069047,0.325967,0.102438,0.060840,0.839114,2997,56220,873,3519
4,4,0.067585,0.340239,0.102438,0.061202,1.678176,3055,56255,838,3461
4,4,0.071421,0.302793,0.102438,0.060039,2.278512,2896,56170,923,3620
4,4,0.068166,0.334561,0.102438,0.058482,0.708185,2950,56323,770,3566
4,4,0.067915,0.337017,0.102438,0.061595,0.477620,3057,56232,861,3459
4,4,0.100803,0.015961,0.102438,0.004716,0.433551,202,56995,98,6314
4,4,0.069990,0.316759,0.102438,0.060683,0.617742,2962,56195,898,3554
4,4,0.066280,0.352977,0.102438,0.059740,0.421321,3050,56343,750,3466
4,4,0.071940,0.297729,0.102438,0.059866,1.299436,2874,56159,934,3642
4,4,0.077803,0.240485,0.102438,0.059347,0.508045,2671,55989,1104,3845
4,4,0.080397,0.215163,0.102438,0.059520,0.438193,2594,55901,1192,3922
4,4,0.071279,0.304174,0.102438,0.059866,0.451763,2895,56180,913,3621
4,4,0.069031,0.326120,0.102438,0.060730,0.641016,2994,56224,869,3522
4,4,0.065604,0.359576,0.102438,0.059850,0.657115,3075,56361,732,3441
4,4,0.070084,0.315838,0.102438,0.060872,0.732404,2965,56186,907,3551
4,4,0.069974,0.316912,0.102438,0.061925,0.477366,3002,56156,937,3514
4,4,0.101196,0.012124,0.102438,0.003726,0.473046,158,57014,79,6358
4,4,0.067050,0.345457,0.102438,0.060605,0.412448,3053,56291,802,3463
4,4,0.070965,0.307244,0.102438,0.060872,0.418592,2937,56158,935,3579
4,4,0.067239,0.343616,0.102438,0.059190,0.470005,3002,56330,763,3514
4,4,0.065007,0.365408,0.102438,0.060950,0.432280,3129,56345,748,3387
4,4,0.073464,0.282842,0.102438,0.054851,0.452502,2666,56270,823,3850
4,4,0.064959,0.365869,0.102438,0.060023,0.415074,3101,56376,717,3415
4,4,0.066138,0.354359,0.102438,0.064000,0.409083,3190,56212,881,3326
4,4,0.064676,0.368631,0.102438,0.058922,0.434533,3075,56420,673,3441
4,4,0.067475,0.341314,0.102438,0.059992,0.423702,3020,56297,796,3496
4,4,0.073464,0.282842,0.102438,0.059064,0.578898,2800,56136,957,3716
4,4,0.070147,0.315224,0.102438,0.061595,0.981351,2986,56161,932,3530
4,4,0.079721,0.221762,0.102438,0.056863,0.449311,2531,56007,1086,3985
4,4,0.070572,0.311080,0.102438,0.060416,0.914174,2935,56185,908,3581
4,4,0.075037,0.267495,0.102438,0.062082,1.497179,2846,55990,1103,3670
4,4,0.072364,0.293585,0.102438,0.059881,1.002576,2861,56145,948,3655
4,4,0.079706,0.221915,0.102438,0.060526,2.303259,2648,55891,1202,3868
4,4,0.069644,0.320135,0.102438,0.059143,1.030550,2924,56255,838,3592
4,4,0.064802,0.367403,0.102438,0.059583,0.403008,3092,56395,698,3424
4,4,0.066642,0.349448,0.102438,0.059473,0.473736,3030,56340,753,3486
4,4,0.067255,0.343462,0.102438,0.060212,0.435889,3034,56297,796,3482
4,4,0.082897,0.190761,0.102438,0.057083,0.991580,2437,55899,1194,4079
4,4,0.082520,0.194444,0.102438,0.054945,1.653689,2381,55979,1114,4135
4,4,0.063419,0.380909,0.102438,0.062916,0.604672,3242,56333,760,3274
4,4,0.071279,0.304174,0.102438,0.062192,0.723349,2969,56106,987,3547
4,4,0.072537,0.291897,0.102438,0.059143,0.450384,2832,56163,930,3684
4,4,0.069471,0.321823,0.102438,0.060133,1.623300,2961,56229,864,3555
4,4,0.101464,0.009515,0.102438,0.002264,0.451830,103,57052,41,6413
4,4,0.064283,0.372468,0.102438,0.059850,0.407291,3117,56403,690,3399
4,4,0.070981,0.307090,0.102438,0.059567,0.421065,2895,56199,894,3621
4,4,0.075618,0.261817,0.102438,0.059646,0.442180,2750,56049,1044,3766
4,4,0.082787,0.191835,0.102438,0.055338,0.492410,2385,55958,1135,4131
4,4,0.080429,0.214856,0.102438,0.058922,0.469836,2574,55919,1174,3942
4,4,0.075241,0.265500,0.102438,0.056124,0.446588,2650,56173,920,3866
4,4,0.069786,0.318754,0.102438,0.061516,0.460823,2995,56175,918,3521
4,4,0.065478,0.360804,0.102438,0.058812,0.453853,3046,56398,695,3470
4,4,0.065840,0.357274,0.102438,0.059583,0.454146,3059,56362,731,3457
4,4,0.068701,0.329343,0.102438,0.060337,0.440193,2992,56247,846,3524
4,4,0.062790,0.387047,0.102438,0.059709,0.419338,3160,56455,638,3356
4,4,0.080303,0.216083,0.102438,0.059520,0.450752,2597,55904,1189,3919
4,4,0.073449,0.282996,0.102438,0.058545,0.434964,2784,56153,940,3732
4,4,0.070525,0.311541,0.102438,0.062507,0.439469,3003,56120,973,3513
4,4,0.068717,0.329190,0.102438,0.059190,0.452578,2955,56283,810,3561
4,4,0.072395,0.293278,0.102438,0.060447,0.533190,2878,56126,967,3638
4,4,0.091795,0.103898,0.102438,0.047368,0.677962,1845,55925,1168,4671
8,8,0.062303,0.391805,0.102438,0.063340,0.744710,3291,56355,738,3225
8,8,0.066610,0.349754,0.102438,0.069063,0.832438,3336,56036,1057,3180
8,8,0.062020,0.394567,0.102438,0.060730,0.725665,3217,56447,646,3299
8,8,0.064299,0.372314,0.102438,0.065117,0.787269,3284,56235,858,3232
8,8,0.068387,0.332413,0.102438,0.062947,0.771375,3085,56174,919,3431
8,8,0.064692,0.368478,0.102438,0.062428,0.757573,3186,56308,785,3330
8,8,0.078432,0.234346,0.102438,0.060510,0.782998,2688,55932,1161,3828
8,8,0.064378,0.371547,0.102438,0.062460,0.716863,3197,56317,776,3319
8,8,0.062051,0.394260,0.102438,0.062523,0.637064,3273,56389,704,3243
8,8,0.060730,0.407152,0.102438,0.065981,0.677461,3425,56321,772,3091
8,8,0.072584,0.291436,0.102438,0.061988,0.681671,2921,56071,1022,3595
8,8,0.062114,0.393646,0.102438,0.061894,0.632915,3251,56407,686,3265
8,8,0.067302,0.343002,0.102438,0.062868,0.675993,3117,56211,882,3399
8,8,0.072663,0.290669,0.102438,0.062475,0.646536,2934,56053,1040,3582
8,8,0.062192,0.392879,0.102438,0.063513,0.685617,3300,56353,740,3216
8,8,0.066862,0.347299,0.102438,0.064755,0.744220,3191,56165,928,3325
8,8,0.062853,0.386433,0.102438,0.064802,0.720839,3320,56291,802,3196
8,8,0.069235,0.324125,0.102438,0.062381,0.786209,3040,56165,928,3476
8,8,0.062177,0.393033,0.102438,0.061705,0.625389,3243,56411,682,3273
8,8,0.063026,0.384745,0.102438,0.061422,0.668280,3207,56393,700,3309
8,8,0.062664,0.388275,0.102438,0.061281,0.673982,3214,56409,684,3302
8,8,0.065588,0.359730,0.102438,0.060903,0.722236,3109,56328,765,3407
8,8,0.067129,0.344690,0.102438,0.062413,0.659145,3108,56231,862,3408
8,8,0.066453,0.351289,0.102438,0.062491,0.659105,3132,56250,843,3384
8,8,0.064582,0.369552,0.102438,0.064142,0.732868,3244,56257,836,3272
8,8,0.067113,0.344843,0.102438,0.063717,2.015059,3150,56190,903,3366
8,8,0.064881,0.366636,0.102438,0.065069,0.688473,3264,56218,875,3252
8,8,0.063167,0.383364,0.102438,0.064959,0.782924,3315,56276,817,3201
8,8,0.061013,0.404389,0.102438,0.065541,0.820743,3402,56326,767,3114
8,8,0.065918,0.356507,0.102438,0.063183,0.792440,3171,56245,848,3345
8,8,0.073386,0.283610,0.102438,0.057162,0.727857,2742,56199,894,3774
8,8,0.065117,0.364334,0.102438,0.064173,0.809752,3228,56239,854,3288
8,8,0.062491,0.389963,0.102438,0.061139,0.873081,3215,56419,674,3301
8,8,0.065808,0.357581,0.102438,0.061784,0.763371,3130,56293,800,3386
8,8,0.063639,0.378760,0.102438,0.062727,0.616223,3229,56332,761,3287
8,8,0.065698,0.358656,0.102438,0.062963,0.638732,3171,56259,834,3345
8,8,0.071295,0.304021,0.102438,0.061925,0.670850,2960,56114,979,3556
8,8,0.068402,0.332259,0.102438,0.062082,0.644052,3057,56201,892,3459
8,8,0.061784,0.396869,0.102438,0.062067,0.644391,3267,56412,681,3249
8,8,0.063906,0.376151,0.102438,0.060290,0.618526,3143,56401,692,3373
8,8,0.064959,0.365869,0.102438,0.062538,1.025971,3181,56296,797,3335
8,8,0.065290,0.362646,0.102438,0.062743,0.723252,3177,56279,814,3339
8,8,0.066704,0.348834,0.102438,0.062868,0.689220,3136,56230,863,3380
8,8,0.068874,0.327655,0.102438,0.065604,0.645927,3154,56074,1019,3362
8,8,0.063529,0.379834,0.102438,0.062523,0.635646,3226,56342,751,3290
8,8,0.063026,0.384745,0.102438,0.062240,0.615543,3233,56367,726,3283
8,8,0.061894,0.395795,0.102438,0.062648,0.622372,3282,56390,703,3234
8,8,0.062303,0.391805,0.102438,0.062931,0.625615,3278,56368,725,3238
8,8,0.062067,0.394107,0.102438,0.062413,0.634134,3269,56392,701,3247
8,8,0.065510,0.360497,0.102438,0.060227,0.716171,3090,56352,741,3426
8,8,0.067192,0.344076,0.102438,0.061123,0.637838,3065,56270,823,3451
8,8,0.066013,0.355586,0.102438,0.065164,0.635914,3231,56179,914,3285
8,8,0.064110,0.374156,0.102438,0.062601,0.746567,3210,56321,772,3306
8,8,0.065541,0.360190,0.102438,0.061799,0.632072,3139,56301,792,3377
8,8,0.100851,0.015500,0.102438,0.002971,1.721974,145,57049,44,6371
8,8,0.066154,0.354205,0.102438,0.063324,0.664850,3168,56233,860,3348
8,8,0.064331,0.372007,0.102438,0.062098,0.671545,3187,56330,763,3329
8,8,0.062507,0.389810,0.102438,0.061878,0.629052,3238,56395,698,3278
8,8,0.062916,0.385820,0.102438,0.062601,0.641505,3248,56359,734,3268
8,8,0.064205,0.373235,0.102438,0.063513,0.695456,3236,56289,804,3280
8,8,0.063875,0.376458,0.102438,0.063843,0.706319,3257,56289,804,3259
8,8,0.063859,0.376611,0.102438,0.061123,0.791659,3171,56376,717,3345
8,8,0.062098,0.393800,0.102438,0.066374,0.669255,3394,56265,828,3122
8,8,0.065698,0.358656,0.102438,0.062365,0.682146,3152,56278,815,3364
8,8,0.062051,0.394260,0.102438,0.060479,0.668049,3208,56454,639,3308
8,8,0.062648,0.388428,0.102438,0.062648,0.697134,3258,56366,727,3258
8,8,0.062475,0.390117,0.102438,0.060966,0.705521,3210,56425,668,3306
8,8,0.064991,0.365562,0.102438,0.063890,0.687087,3223,56252,841,3293
8,8,0.064063,0.374616,0.102438,0.063812,2.526630,3250,56284,809,3266
8,8,0.063214,0.382904,0.102438,0.061422,3.291853,3201,56387,706,3315
8,8,0.069346,0.323051,0.102438,0.063183,0.647981,3062,56136,957,3454
8,8,0.067600,0.340086,0.102438,0.063482,0.630931,3127,56182,911,3389
8,8,0.064488,0.370473,0.102438,0.066091,0.625584,3309,56198,895,3207
8,8,0.062538,0.389503,0.102438,0.061941,0.683466,3239,56392,701,3277
8,8,0.065966,0.356047,0.102438,0.065400,0.648392,3240,56173,920,3276
8,8,0.064582,0.369552,0.102438,0.061564,0.687040,3162,56339,754,3354
8,8,0.065620,0.359423,0.102438,0.062161,0.646001,3148,56287,806,3368
8,8,0.069911,0.317526,0.102438,0.061611,0.665006,2994,56168,925,3522
8,8,0.064032,0.374923,0.102438,0.060730,0.711649,3153,56383,710,3363
8,8,0.063843,0.376765,0.102438,0.062145,0.711267,3204,56344,749,3312
8,8,0.060447,0.409914,0.102438,0.061454,0.634005,3290,56474,619,3226
8,8,0.062177,0.393033,0.102438,0.062428,0.643292,3266,56388,705,3250
8,8,0.063073,0.384285,0.102438,0.062664,0.707589,3245,56352,741,3271
8,8,0.069660,0.319982,0.102438,0.063655,0.711837,3067,56111,982,3449
8,8,0.068198,0.334254,0.102438,0.063261,0.951973,3101,56170,923,3415
8,8,0.068308,0.333180,0.102438,0.061894,0.624565,3054,56210,883,3462
8,8,0.063937,0.375844,0.102438,0.061862,0.633996,3192,56350,743,3324
8,8,0.064661,0.368785,0.102438,0.061233,0.669821,3149,56347,746,3367
8,8,0.069094,0.325506,0.102438,0.065447,0.702919,3142,56072,1021,3374
8,8,0.062947,0.385513,0.102438,0.065022,0.679640,3324,56281,812,3192
8,8,0.066437,0.351443,0.102438,0.062916,0.719021,3146,56237,856,3370
8,8,0.063497,0.380141,0.102438,0.061768,0.630323,3203,56367,726,3313
8,8,0.062161,0.393186,0.102438,0.062633,0.698755,3273,56382,711,3243
8,8,0.062743,0.387508,0.102438,0.065604,0.702994,3349,56269,824,3167
8,8,0.064661,0.368785,0.102438,0.064315,0.681302,3247,56249,844,3269
8,8,0.077678,0.241713,0.102438,0.065038,0.667709,2856,55812,1281,3660
8,8,0.065588,0.359730,0.102438,0.061626,0.621513,3132,56305,788,3384
8,8,0.065321,0.362339,0.102438,0.063969,0.636179,3215,56239,854,3301
8,8,0.066327,0.352517,0.102438,0.063812,0.735266,3178,56212,881,3338
8,8,0.060746,0.406998,0.102438,0.064582,0.679315,3380,56365,728,3136
16,16,0.059457,0.419583,0.102438,0.068890,1.050060,3558,56269,824,2958
16,16,0.058875,0.425261,0.102438,0.068654,1.224142,3569,56295,798,2947
16,16,0.059520,0.418969,0.102438,0.068544,1.090639,3545,56278,815,2971
16,16,0.059033,0.423726,0.102438,0.066390,1.108591,3492,56362,731,3024
16,16,0.056501,0.448435,0.102438,0.063733,1.142601,3488,56527,566,3028
16,16,0.059567,0.418508,0.102438,0.064409,1.121374,3412,56408,685,3104
16,16,0.061265,0.401934,0.102438,0.067270,2.620180,3449,56263,830,3067
16,16,0.058467,0.429251,0.102438,0.067522,1.075485,3546,56344,749,2970
16,16,0.058938,0.424647,0.102438,0.065761,1.173583,3475,56385,708,3041
16,16,0.058089,0.432934,0.102438,0.068339,1.040299,3584,56330,763,2932
16,16,0.062821,0.386740,0.102438,0.065431,1.123022,3341,56272,821,3175
16,16,0.059614,0.418048,0.102438,0.064708,1.114219,3420,56397,696,3096
16,16,0.056973,0.443831,0.102438,0.063702,1.144417,3472,56513,580,3044
16,16,0.062114,0.393646,0.102438,0.067459,1.151463,3428,56230,863,3088
16,16,0.056580,0.447667,0.102438,0.067270,1.113576,3598,56412,681,2918
16,16,0.056360,0.449816,0.102438,0.066264,1.235870,3573,56451,642,2943
16,16,0.062067,0.394107,0.102438,0.066972,1.160375,3414,56247,846,3102
16,16,0.058058,0.433241,0.102438,0.062868,1.143333,3411,56505,588,3105
16,16,0.062397,0.390884,0.102438,0.067428,1.076007,3418,56222,871,3098
16,16,0.060070,0.413597,0.102438,0.068339,1.070827,3521,56267,826,2995
16,16,0.062303,0.391805,0.102438,0.061862,1.053293,3244,56402,691,3272
16,16,0.057460,0.439073,0.102438,0.066138,2.015373,3534,56420,673,2982
16,16,0.062585,0.389042,0.102438,0.067396,1.082654,3411,56217,876,3105
16,16,0.059001,0.424033,0.102438,0.063529,1.106884,3402,56454,639,3114
16,16,0.058089,0.432934,0.102438,0.066579,2.675690,3528,56386,707,2988
16,16,0.062004,0.394721,0.102438,0.068009,1.802369,3449,56216,877,3067
16,16,0.058105,0.432781,0.102438,0.063796,1.100728,3439,56474,619,3077
16,16,0.058734,0.426642,0.102438,0.068764,1.149196,3577,56296,797,2939
16,16,0.057130,0.442296,0.102438,0.063356,1.068014,3456,56519,574,3060
16,16,0.061344,0.401166,0.102438,0.064865,1.124040,3370,56337,756,3146
16,16,0.059394,0.420196,0.102438,0.065620,1.210696,3456,56375,718,3060
16,16,0.064299,0.372314,0.102438,0.067129,1.116926,3348,56171,922,3168
16,16,0.059488,0.419276,0.102438,0.065117,1.062938,3437,56388,705,3079
16,16,0.057508,0.438613,0.102438,0.069707,1.148571,3646,56305,788,2870
16,16,0.059504,0.419122,0.102438,0.064881,3.142869,3429,56395,698,3087
16,16,0.059316,0.420964,0.102438,0.067648,3.727255,3523,56313,780,2993
16,16,0.057177,0.441835,0.102438,0.066484,1.122339,3554,56418,675,2962
16,16,0.060322,0.411142,0.102438,0.066516,1.065998,3455,56317,776,3061
16,16,0.059850,0.415746,0.102438,0.063686,1.166823,3380,56422,671,3136
16,16,0.059253,0.421578,0.102438,0.069346,1.171826,3579,56261,832,2937
16,16,0.060840,0.406077,0.102438,0.066154,1.075556,3427,56312,781,3089
16,16,0.060164,0.412676,0.102438,0.064629,1.080462,3400,56382,711,3116
16,16,0.060856,0.405924,0.102438,0.063875,1.163713,3354,56384,709,3162
16,16,0.058985,0.424187,0.102438,0.065305,3.380910,3459,56398,695,3057
16,16,0.058687,0.427103,0.102438,0.064692,1.069525,3449,56427,666,3067
16,16,0.057476,0.438920,0.102438,0.068135,1.094210,3597,56356,737,2919
16,16,0.057633,0.437385,0.102438,0.067286,1.113759,3565,56378,715,2951
16,16,0.057460,0.439073,0.102438,0.069125,1.161202,3629,56325,768,2887
16,16,0.057901,0.434776,0.102438,0.067773,1.365499,3572,56354,739,2944
16,16,0.059300,0.421117,0.102438,0.065588,1.087194,3458,56379,714,3058
16,16,0.059960,0.414672,0.102438,0.070273,1.082677,3586,56209,884,2930
16,16,0.061406,0.400552,0.102438,0.066437,1.201849,3418,56285,808,3098
16,16,0.058404,0.429865,0.102438,0.064283,1.170370,3445,56449,644,3071
16,16,0.059520,0.418969,0.102438,0.070745,1.127362,3615,56208,885,2901
16,16,0.059190,0.422192,0.102438,0.068245,1.925154,3546,56298,795,2970
16,16,0.057492,0.438766,0.102438,0.068528,1.130071,3609,56343,750,2907
16,16,0.059693,0.417281,0.102438,0.066264,1.242771,3467,56345,748,3049
16,16,0.058215,0.431707,0.102438,0.065478,2.020295,3489,56417,676,3027
16,16,0.057963,0.434162,0.102438,0.065258,1.821969,3490,56432,661,3026
16,16,0.058938,0.424647,0.102438,0.066704,1.140648,3505,56355,738,3011
16,16,0.058608,0.427870,0.102438,0.066531,1.878339,3510,56371,722,3006
16,16,0.059520,0.418969,0.102438,0.063733,2.028324,3392,56431,662,3124
16,16,0.059473,0.419429,0.102438,0.062397,1.046517,3351,56475,618,3165
16,16,0.058184,0.432014,0.102438,0.069188,1.083708,3608,56300,793,2908
16,16,0.060180,0.412523,0.102438,0.062570,1.065787,3334,56447,646,3182
16,16,0.058970,0.424340,0.102438,0.071232,1.125441,3648,56210,883,2868
16,16,0.059253,0.421578,0.102438,0.065384,1.102875,3453,56387,706,3063
16,16,0.062381,0.391037,0.102438,0.065022,1.097229,3342,56299,794,3174
16,16,0.057083,0.442756,0.102438,0.067333,2.966016,3584,56394,699,2932
16,16,0.058246,0.431400,0.102438,0.066987,1.068147,3536,56368,725,2980
16,16,0.062585,0.389042,0.102438,0.064315,1.107459,3313,56315,778,3203
16,16,0.061344,0.401166,0.102438,0.067695,1.073744,3460,56247,846,3056
16,16,0.057618,0.437538,0.102438,0.063937,1.030325,3459,56485,608,3057
16,16,0.062114,0.393646,0.102438,0.070100,1.087092,3512,56146,947,3004
16,16,0.062192,0.392879,0.102438,0.064393,1.066438,3328,56325,768,3188
16,16,0.060778,0.406691,0.102438,0.066469,1.047882,3439,56304,789,3077
16,16,0.058105,0.432781,0.102438,0.065683,1.292079,3499,56414,679,3017
16,16,0.058907,0.424954,0.102438,0.067396,1.178249,3528,56334,759,2988
16,16,0.057963,0.434162,0.102438,0.064724,1.141864,3473,56449,644,3043
16,16,0.058954,0.424494,0.102438,0.067380,1.070452,3526,56333,760,2990
16,16,0.057791,0.435850,0.102438,0.069424,1.159584,3628,56305,788,2888
16,16,0.057712,0.436618,0.102438,0.063875,1.124797,3454,56484,609,3062
16,16,0.057209,0.441529,0.102438,0.065510,1.131297,3522,56448,645,2994
16,16,0.058938,0.424647,0.102438,0.068559,1.158229,3564,56296,797,2952
16,16,0.060227,0.412063,0.102438,0.062554,1.213539,3332,56446,647,3184
16,16,0.059992,0.414365,0.102438,0.067412,1.305836,3494,56299,794,3022
16,16,0.060526,0.409147,0.102438,0.068701,1.160613,3518,56241,852,2998
16,16,0.056596,0.447514,0.102438,0.066846,1.060160,3584,56425,668,2932
16,16,0.056470,0.448742,0.102438,0.063513,1.091688,3482,56535,558,3034
16,16,0.056957,0.443984,0.102438,0.067176,1.129844,3583,56403,690,2933
16,16,0.059536,0.418815,0.102438,0.066233,1.135223,3471,56351,742,3045
16,16,0.059190,0.422192,0.102438,0.067145,2.336426,3511,56333,760,3005
16,16,0.059190,0.422192,0.102438,0.064881,3.059291,3439,56405,688,3077
16,16,0.057791,0.435850,0.102438,0.067946,1.832298,3581,56352,741,2935
16,16,0.057225,0.441375,0.102438,0.068166,1.050652,3606,56363,730,2910
16,16,0.059834,0.415899,0.102438,0.062664,1.072896,3348,56455,638,3168
16,16,0.057005,0.443524,0.102438,0.066563,1.069232,3562,56421,672,2954
16,16,0.059080,0.423266,0.102438,0.064488,1.689768,3430,56421,672,3086
16,16,0.061705,0.397637,0.102438,0.066610,1.084894,3414,56270,823,3102
16,16,0.058860,0.425414,0.102438,0.065148,1.075866,3458,56407,686,3058
32,32,0.052980,0.482812,0.102438,0.071185,1.941700,3837,56402,691,2679
32,32,0.052241,0.490025,0.102438,0.073402,2.001900,3931,56355,738,2585
32,32,0.053404,0.478668,0.102438,0.068465,2.215422,3737,56475,618,2779
32,32,0.054945,0.463628,0.102438,0.068905,8.229532,3702,56412,681,2814
32,32,0.052933,0.483272,0.102438,0.067333,2.361185,3716,56526,567,2800
32,32,0.052147,0.490945,0.102438,0.070163,1.981402,3831,56461,632,2685
32,32,0.054395,0.468999,0.102438,0.068858,1.892451,3718,56431,662,2798
32,32,0.053373,0.478975,0.102438,0.067302,1.899562,3701,56513,580,2815
32,32,0.054096,0.471915,0.102438,0.067239,2.156835,3676,56492,601,2840
32,32,0.051628,0.496010,0.102438,0.072034,5.039768,3907,56418,675,2609
32,32,0.052917,0.483425,0.102438,0.071814,3.030358,3859,56384,709,2657
32,32,0.053782,0.474985,0.102438,0.070037,3.928022,3775,56413,680,2741
32,32,0.052681,0.485727,0.102438,0.069754,1.965494,3801,56457,636,2715
32,32,0.053452,0.478207,0.102438,0.066374,3.516270,3669,56540,553,2847
32,32,0.052964,0.482965,0.102438,0.073779,4.541798,3920,56320,773,2596
32,32,0.051754,0.494782,0.102438,0.073795,2.002238,3959,56358,735,2557
32,32,0.054458,0.468386,0.102438,0.072191,2.136690,3822,56323,770,2694
32,32,0.053813,0.474678,0.102438,0.069754,2.029764,3765,56421,672,2751
32,32,0.054316,0.469767,0.102438,0.070981,2.841570,3788,56366,727,2728
32,32,0.053420,0.478514,0.102438,0.067821,2.698270,3716,56495,598,2800
32,32,0.054253,0.470381,0.102438,0.067490,3.286744,3679,56479,614,2837
32,32,0.055432,0.458870,0.102438,0.068481,1.890437,3673,56410,683,2843
32,32,0.052901,0.483579,0.102438,0.072616,2.010014,3885,56359,734,2631
32,32,0.054505,0.467925,0.102438,0.073087,1.920644,3849,56293,800,2667
32,32,0.053090,0.481737,0.102438,0.069786,1.993493,3789,56443,650,2727
32,32,0.054112,0.471762,0.102438,0.071971,2.292202,3826,56341,752,2690
32,32,0.053420,0.478514,0.102438,0.070587,2.410029,3804,56407,686,2712
32,32,0.053027,0.482351,0.102438,0.070163,2.010702,3803,56433,660,2713
32,32,0.054112,0.471762,0.102438,0.071688,1.913937,3817,56350,743,2699
32,32,0.054411,0.468846,0.102438,0.069723,2.054560,3745,56403,690,2771
32,32,0.054662,0.466390,0.102438,0.073024,1.944289,3842,56290,803,2674
32,32,0.053121,0.481430,0.102438,0.070792,2.237961,3820,56410,683,2696
32,32,0.052713,0.485421,0.102438,0.070352,2.004950,3819,56437,656,2697
32,32,0.053813,0.474678,0.102438,0.072333,1.999817,3847,56339,754,2669
32,32,0.054442,0.468539,0.102438,0.071232,2.170301,3792,56354,739,2724
32,32,0.055322,0.459945,0.102438,0.067585,2.162342,3648,56442,651,2868
32,32,0.052351,0.488950,0.102438,0.068575,2.076190,3774,56505,588,2742
32,32,0.053436,0.478361,0.102438,0.072050,2.051747,3850,56360,733,2666
32,32,0.054332,0.469613,0.102438,0.073637,2.177307,3872,56281,812,2644
32,32,0.054489,0.468079,0.102438,0.068827,1.932213,3714,56429,664,2802
32,32,0.053499,0.477747,0.102438,0.071924,1.935278,3844,56362,731,2672
32,32,0.053027,0.482351,0.102438,0.072521,1.906736,3878,56358,735,2638
32,32,0.051769,0.494629,0.102438,0.070572,1.845193,3856,56460,633,2660
32,32,0.056784,0.445672,0.102438,0.070305,4.130588,3688,56309,784,2828
32,32,0.053043,0.482198,0.102438,0.072914,1.928515,3890,56345,748,2626
32,32,0.051345,0.498772,0.102438,0.072474,1.972337,3930,56413,680,2586
32,32,0.054222,0.470688,0.102438,0.071389,2.360516,3804,56356,737,2712
32,32,0.053294,0.479742,0.102438,0.068166,2.019518,3731,56488,605,2785
32,32,0.053357,0.479128,0.102438,0.072820,1.949635,3877,56338,755,2639
32,32,0.054002,0.472836,0.102438,0.071106,1.922293,3802,56372,721,2714
32,32,0.054300,0.469920,0.102438,0.071845,2.099299,3816,56339,754,2700
32,32,0.051565,0.496624,0.102438,0.075084,1.911611,4006,56323,770,2510
32,32,0.053452,0.478207,0.102438,0.072851,1.965543,3875,56334,759,2641
32,32,0.052005,0.492327,0.102438,0.071342,1.953759,3873,56428,665,2643
32,32,0.052823,0.484346,0.102438,0.071185,1.929182,3842,56407,686,2674
32,32,0.054206,0.470841,0.102438,0.073229,1.927050,3863,56298,795,2653
32,32,0.052996,0.482658,0.102438,0.068119,1.970884,3739,56499,594,2777
32,32,0.053294,0.479742,0.102438,0.069644,1.932081,3778,56441,652,2738
32,32,0.053326,0.479435,0.102438,0.069990,1.954040,3788,56429,664,2728
32,32,0.053231,0.480356,0.102438,0.071091,2.019842,3826,56397,696,2690
32,32,0.051817,0.494168,0.102438,0.071311,1.919757,3878,56435,658,2638
32,32,0.053043,0.482198,0.102438,0.070053,1.921755,3799,56436,657,2717
32,32,0.055590,0.457336,0.102438,0.064551,2.072970,3543,56530,563,2973
32,32,0.053514,0.477594,0.102438,0.067821,1.988066,3713,56492,601,2803
32,32,0.053955,0.473297,0.102438,0.069833,1.957468,3763,56414,679,2753
32,32,0.051738,0.494936,0.102438,0.073213,1.930517,3941,56377,716,2575
32,32,0.053231,0.480356,0.102438,0.067915,1.907119,3725,56498,595,2791
32,32,0.052854,0.484039,0.102438,0.072883,2.150146,3895,56352,741,2621
32,32,0.053766,0.475138,0.102438,0.068135,2.578593,3715,56474,619,2801
32,32,0.052005,0.492327,0.102438,0.071468,1.984608,3877,56424,669,2639
32,32,0.052005,0.492327,0.102438,0.071499,1.906746,3878,56423,670,2638
32,32,0.054049,0.472376,0.102438,0.072568,3.157978,3847,56324,769,2669
32,32,0.052257,0.489871,0.102438,0.072380,4.456069,3898,56387,706,2618
32,32,0.052430,0.488183,0.102438,0.072616,2.086556,3900,56374,719,2616
32,32,0.054568,0.467311,0.102438,0.072521,2.095576,3829,56309,784,2687
32,32,0.052493,0.487569,0.102438,0.074188,2.028283,3948,56322,771,2568
32,32,0.053137,0.481277,0.102438,0.072726,2.004891,3881,56348,745,2635
32,32,0.054709,0.465930,0.102438,0.069707,2.842944,3735,56394,699,2781
32,32,0.052791,0.484653,0.102438,0.071122,2.946177,3841,56410,683,2675
32,32,0.053467,0.478054,0.102438,0.071295,2.047280,3825,56383,710,2691
32,32,0.052791,0.484653,0.102438,0.070713,2.284884,3828,56423,670,2688
32,32,0.053294,0.479742,0.102438,0.071028,3.131939,3822,56397,696,2694
32,32,0.055715,0.456108,0.102438,0.066531,1.968634,3602,56463,630,2914
32,32,0.053342,0.479282,0.102438,0.069754,2.062661,3780,56436,657,2736
32,32,0.053499,0.477747,0.102438,0.067899,2.137957,3716,56490,603,2800
32,32,0.053860,0.474217,0.102438,0.067318,1.908645,3686,56497,596,2830
32,32,0.052681,0.485727,0.102438,0.072050,1.947495,3874,56384,709,2642
32,32,0.051958,0.492787,0.102438,0.073213,1.899188,3934,56370,723,2582
32,32,0.052996,0.482658,0.102438,0.071609,1.874621,3850,56388,705,2666
32,32,0.053059,0.482044,0.102438,0.070320,1.945542,3807,56427,666,2709
32,32,0.053593,0.476826,0.102438,0.072144,2.073601,3848,56352,741,2668
32,32,0.050842,0.503683,0.102438,0.073763,2.951243,3987,56388,705,2529
32,32,0.053247,0.480203,0.102438,0.067522,3.572917,3712,56510,583,2804
32,32,0.053200,0.480663,0.102438,0.070682,3.260990,3814,56411,682,2702
32,32,0.052760,0.484960,0.102438,0.073040,5.544027,3903,56350,743,2613
32,32,0.054253,0.470381,0.102438,0.069283,2.099608,3736,56422,671,2780
32,32,0.053467,0.478054,0.102438,0.069597,2.107634,3771,56437,656,2745
32,32,0.052241,0.490025,0.102438,0.072616,2.001873,3906,56380,713,2610
32,32,0.053169,0.480970,0.102438,0.072505,1.887245,3873,56354,739,2643
32,32,0.053483,0.477901,0.102438,0.072160,2.015124,3852,56355,738,2664
64,64,0.047792,0.533456,0.102438,0.074895,4.266773,4120,56449,644,2396
64,64,0.046188,0.549110,0.102438,0.075744,4.134484,4198,56473,620,2318
64,64,0.047572,0.535605,0.102438,0.079926,4.002050,4287,56296,797,2229
64,64,0.046251,0.548496,0.102438,0.079863,3.500976,4327,56340,753,2189
64,64,0.044569,0.564917,0.102438,0.080853,3.612960,4412,56362,731,2104
64,64,0.046393,0.547115,0.102438,0.077803,5.922521,4257,56401,692,2259
64,64,0.046660,0.544506,0.102438,0.076216,3.553476,4198,56443,650,2318
64,64,0.045968,0.551258,0.102438,0.076499,4.352207,4229,56456,637,2287
64,64,0.045670,0.554174,0.102438,0.077835,3.622362,4281,56423,670,2235
64,64,0.047792,0.533456,0.102438,0.077756,3.699400,4211,56358,735,2305
64,64,0.044223,0.568293,0.102438,0.077835,4.733047,4327,56469,624,2189
64,64,0.045874,0.552179,0.102438,0.075870,6.905265,4212,56479,614,2304
64,64,0.047761,0.533763,0.102438,0.077379,5.106967,4200,56371,722,2316
64,64,0.045858,0.552333,0.102438,0.076514,6.954357,4233,56459,634,2283
64,64,0.047242,0.538828,0.102438,0.078149,4.857655,4241,56363,730,2275
64,64,0.046330,0.547729,0.102438,0.077269,6.216872,4242,56420,673,2274
64,64,0.048641,0.525169,0.102438,0.075021,5.432701,4097,56418,675,2419
64,64,0.045418,0.556630,0.102438,0.077175,4.522957,4268,56452,641,2248
64,64,0.045151,0.559239,0.102438,0.079580,4.724632,4353,56384,709,2163
64,64,0.045921,0.551719,0.102438,0.080067,3.519801,4344,56344,749,2172
64,64,0.046016,0.550798,0.102438,0.076514,3.534191,4228,56454,639,2288
64,64,0.047147,0.539748,0.102438,0.076577,6.515662,4194,56416,677,2322
64,64,0.045968,0.551258,0.102438,0.076153,4.148965,4218,56467,626,2298
64,64,0.047588,0.535451,0.102438,0.074439,3.956797,4112,56470,623,2404
64,64,0.046754,0.543585,0.102438,0.078511,3.991576,4268,56367,726,2248
64,64,0.045560,0.555249,0.102438,0.077222,4.060780,4265,56446,647,2251
64,64,0.046692,0.544199,0.102438,0.079360,5.794458,4297,56342,751,2219
64,64,0.046974,0.541436,0.102438,0.076090,6.074255,4184,56437,656,2332
64,64,0.045151,0.559239,0.102438,0.077882,4.150406,4299,56438,655,2217
64,64,0.047053,0.540669,0.102438,0.076389,3.371345,4191,56425,668,2325
64,64,0.045968,0.551258,0.102438,0.077159,4.111619,4250,56435,658,2266
64,64,0.046110,0.549877,0.102438,0.076168,4.824696,4214,56462,631,2302
64,64,0.048044,0.531001,0.102438,0.072380,3.897833,4032,56521,572,2484
64,64,0.046503,0.546041,0.102438,0.080052,3.992700,4325,56326,767,2191
64,64,0.047242,0.538828,0.102438,0.076797,4.340356,4198,56406,687,2318
64,64,0.046880,0.542357,0.102438,0.076184,4.080479,4190,56437,656,2326
64,64,0.048059,0.530847,0.102438,0.078181,6.072621,4216,56336,757,2300
64,64,0.048562,0.525936,0.102438,0.074376,5.407529,4079,56441,652,2437
64,64,0.045984,0.551105,0.102438,0.075665,3.768420,4202,56482,611,2314
64,64,0.047446,0.536832,0.102438,0.077568,3.444899,4216,56375,718,2300
64,64,0.046864,0.542511,0.102438,0.077772,4.376365,4241,56387,706,2275
64,64,0.044318,0.567373,0.102438,0.081199,3.566821,4431,56359,734,2085
64,64,0.047085,0.540362,0.102438,0.075194,4.495512,4152,56462,631,2364
64,64,0.046629,0.544813,0.102438,0.077662,3.600230,4245,56398,695,2271
64,64,0.046393,0.547115,0.102438,0.078810,5.527956,4289,56369,724,2227
64,64,0.046739,0.543738,0.102438,0.077898,7.598772,4249,56387,706,2267
64,64,0.048342,0.528085,0.102438,0.076357,3.727583,4149,56385,708,2367
64,64,0.047242,0.538828,0.102438,0.075980,3.882475,4172,56432,661,2344
64,64,0.046707,0.544045,0.102438,0.076892,6.818057,4218,56420,673,2298
64,64,0.045717,0.553714,0.102438,0.079360,3.645043,4328,56373,720,2188
64,64,0.044333,0.567219,0.102438,0.079894,3.615240,4389,56400,693,2127
64,64,0.045418,0.556630,0.102438,0.081073,4.801452,4392,56328,765,2124
64,64,0.045151,0.559239,0.102438,0.079423,5.083895,4348,56389,704,2168
64,64,0.047430,0.536986,0.102438,0.080665,3.989858,4315,56277,816,2201
64,64,0.045905,0.551872,0.102438,0.079171,3.633135,4316,56373,720,2200
64,64,0.047745,0.533917,0.102438,0.074156,3.611502,4098,56474,619,2418
64,64,0.044679,0.563843,0.102438,0.078448,3.509932,4332,56435,658,2184
64,64,0.047933,0.532075,0.102438,0.073653,4.527907,4076,56484,609,2440
64,64,0.045025,0.560467,0.102438,0.077819,4.636708,4301,56444,649,2215
64,64,0.048405,0.527471,0.102438,0.075225,3.574644,4111,56419,674,2405
64,64,0.047918,0.532228,0.102438,0.076624,5.055635,4171,56390,703,2345
64,64,0.046047,0.550491,0.102438,0.079753,5.219390,4330,56350,743,2186
64,64,0.046063,0.550338,0.102438,0.076970,10.276645,4241,56438,655,2275
64,64,0.047305,0.538214,0.102438,0.077269,9.302603,4211,56389,704,2305
64,64,0.046267,0.548343,0.102438,0.078244,6.505178,4275,56391,702,2241
64,64,0.046770,0.543432,0.102438,0.078998,4.054817,4283,56351,742,2233
64,64,0.046676,0.544352,0.102438,0.076923,3.563710,4220,56420,673,2296
64,64,0.046110,0.549877,0.102438,0.077866,3.503675,4268,56408,685,2248
64,64,0.045544,0.555402,0.102438,0.079942,3.546656,4352,56360,733,2164
64,64,0.046283,0.548189,0.102438,0.079894,3.693216,4327,56338,755,2189
64,64,0.048562,0.525936,0.102438,0.076137,3.543879,4135,56385,708,2381
64,64,0.047368,0.537600,0.102438,0.075823,6.137303,4163,56433,660,2353
64,64,0.046173,0.549263,0.102438,0.080665,3.645159,4355,56317,776,2161
64,64,0.045135,0.559392,0.102438,0.081073,3.756378,4401,56337,756,2115
64,64,0.048216,0.529312,0.102438,0.077552,4.207202,4191,56351,742,2325
64,64,0.046739,0.543738,0.102438,0.075760,4.113082,4181,56455,638,2335
64,64,0.045764,0.553254,0.102438,0.077583,3.736734,4270,56428,665,2246
64,64,0.045512,0.555709,0.102438,0.078590,3.837748,4310,56404,689,2206
64,64,0.047226,0.538981,0.102438,0.075964,3.602450,4172,56433,660,2344
64,64,0.045229,0.558471,0.102438,0.078055,3.796571,4302,56430,663,2214
64,64,0.047179,0.539441,0.102438,0.078747,4.166503,4262,56346,747,2254
64,64,0.047478,0.536525,0.102438,0.077568,5.954500,4215,56374,719,2301
64,64,0.044459,0.565991,0.102438,0.079486,9.192580,4372,56409,684,2144
64,64,0.046660,0.544506,0.102438,0.078888,7.411090,4283,56358,735,2233
64,64,0.046550,0.545580,0.102438,0.077646,4.009157,4247,56401,692,2269
64,64,0.045229,0.558471,0.102438,0.078998,3.700798,4332,56400,693,2184
64,64,0.046739,0.543738,0.102438,0.074188,4.730245,4131,56505,588,2385
64,64,0.045544,0.555402,0.102438,0.079250,3.501463,4330,56382,711,2186
64,64,0.048201,0.529466,0.102438,0.076561,10.614548,4160,56383,710,2356
64,64,0.048326,0.528238,0.102438,0.078731,5.840227,4225,56310,783,2291
64,64,0.046078,0.550184,0.102438,0.077898,4.314941,4270,56408,685,2246
64,64,0.046707,0.544045,0.102438,0.076168,5.021967,4195,56443,650,2321
64,64,0.045544,0.555402,0.102438,0.076420,4.406674,4240,56472,621,2276
64,64,0.046660,0.544506,0.102438,0.077410,3.611440,4236,56405,688,2280
64,64,0.047745,0.533917,0.102438,0.074282,3.480076,4102,56470,623,2414
64,64,0.047289,0.538367,0.102438,0.075838,4.186181,4166,56435,658,2350
64,64,0.045953,0.551412,0.102438,0.077741,9.886735,4269,56417,676,2247
64,64,0.044208,0.568447,0.102438,0.080901,6.633971,4425,56372,721,2091
64,64,0.045324,0.557551,0.102438,0.079690,3.496058,4351,56375,718,2165
64,64,0.044899,0.561694,0.102438,0.081529,3.665361,4423,56330,763,2093
91,91,0.041959,0.590393,0.102438,0.079973,4.769490,4467,56473,620,2049
91,91,0.042305,0.587017,0.102438,0.080759,4.866279,4481,56437,656,2035
91,91,0.043877,0.571670,0.102438,0.080287,6.338974,4416,56402,691,2100
91,91,0.044443,0.566145,0.102438,0.077992,4.749098,4325,56457,636,2191
91,91,0.044538,0.565224,0.102438,0.076074,4.691701,4261,56515,578,2255
91,91,0.042525,0.584868,0.102438,0.078401,5.003646,4399,56505,588,2117
91,91,0.041504,0.594843,0.102438,0.082944,5.596370,4576,56393,700,1940
91,91,0.039900,0.610497,0.102438,0.083353,6.530643,4640,56431,662,1876
91,91,0.042525,0.584868,0.102438,0.080256,4.890462,4458,56446,647,2058
91,91,0.042510,0.585021,0.102438,0.081907,5.372829,4511,56394,699,2005
91,91,0.042242,0.587630,0.102438,0.082174,4.777501,4528,56394,699,1988
91,91,0.042871,0.581492,0.102438,0.080193,4.814497,4445,56437,656,2071
91,91,0.042274,0.587324,0.102438,0.080570,4.749851,4476,56444,649,2040
91,91,0.042415,0.585942,0.102438,0.079643,4.795639,4442,56469,624,2074
91,91,0.042368,0.586403,0.102438,0.080193,10.419107,4461,56453,640,2055
91,91,0.041252,0.597299,0.102438,0.082567,7.264816,4572,56413,680,1944
91,91,0.041708,0.592848,0.102438,0.079973,10.907761,4475,56481,612,2041
91,91,0.042997,0.580264,0.102438,0.082111,5.943921,4502,56372,721,2014
91,91,0.042510,0.585021,0.102438,0.084296,7.604491,4587,56318,775,1929
91,91,0.042808,0.582106,0.102438,0.077646,4.820310,4366,56520,573,2150
91,91,0.041818,0.591774,0.102438,0.082535,4.986225,4553,56396,697,1963
91,91,0.041991,0.590086,0.102438,0.079564,5.631506,4453,56485,608,2063
91,91,0.042070,0.589319,0.102438,0.081372,6.979258,4508,56425,668,2008
91,91,0.043610,0.574279,0.102438,0.078511,6.715662,4368,56467,626,2148
91,91,0.042101,0.589012,0.102438,0.080775,9.662973,4488,56443,650,2028
91,91,0.043296,0.577348,0.102438,0.083227,5.775185,4528,56327,766,1988
91,91,0.042054,0.589472,0.102438,0.084343,7.121846,4603,56331,762,1913
91,91,0.043107,0.579190,0.102438,0.078259,6.982069,4376,56491,602,2140
91,91,0.042557,0.584561,0.102438,0.082017,5.508892,4513,56389,704,2003
91,91,0.041362,0.596225,0.102438,0.081388,5.219888,4531,56447,646,1985
91,91,0.041865,0.591314,0.102438,0.080539,5.520994,4488,56458,635,2028
91,91,0.042085,0.589165,0.102438,0.080445,5.662714,4478,56454,639,2038
91,91,0.043029,0.579957,0.102438,0.079187,5.893346,4408,56464,629,2108
91,91,0.041787,0.592081,0.102438,0.078228,5.507661,4417,56534,559,2099
91,91,0.044192,0.568600,0.102438,0.080539,5.122435,4414,56384,709,2102
91,91,0.041944,0.590546,0.102438,0.081058,5.683088,4502,56439,654,2014
91,91,0.042180,0.588244,0.102438,0.082520,5.386438,4541,56385,708,1975
91,91,0.042793,0.582259,0.102438,0.081687,4.596167,4495,56392,701,2021
91,91,0.043107,0.579190,0.102438,0.080052,6.766978,4433,56434,659,2083
91,91,0.041708,0.592848,0.102438,0.081734,6.132654,4531,56425,668,1985
91,91,0.042164,0.588398,0.102438,0.080586,4.849071,4480,56447,646,2036
91,91,0.043626,0.574125,0.102438,0.077049,4.819216,4321,56513,580,2195
91,91,0.042683,0.583333,0.102438,0.081325,4.897675,4487,56407,686,2029
91,91,0.042510,0.585021,0.102438,0.082473,4.627434,4529,56376,717,1987
91,91,0.043516,0.575200,0.102438,0.078008,5.982486,4355,56486,607,2161
91,91,0.042856,0.581645,0.102438,0.081938,6.673741,4501,56382,711,2015
91,91,0.042478,0.585328,0.102438,0.082756,4.778575,4539,56368,725,1977
91,91,0.041126,0.598527,0.102438,0.081812,7.210610,4552,56441,652,1964
91,91,0.042085,0.589165,0.102438,0.080853,5.396369,4491,56441,652,2025
91,91,0.042887,0.581338,0.102438,0.079171,5.404142,4412,56469,624,2104
91,91,0.042195,0.588091,0.102438,0.083573,4.999939,4574,56351,742,1942
91,91,0.044035,0.570135,0.102438,0.081828,4.924777,4460,56348,745,2056
91,91,0.042494,0.585175,0.102438,0.081136,4.853964,4487,56419,674,2029
91,91,0.042683,0.583333,0.102438,0.081545,5.395958,4494,56400,693,2022
91,91,0.042290,0.587170,0.102438,0.079580,4.913731,4444,56475,618,2072
91,91,0.043390,0.576427,0.102438,0.081026,5.029200,4455,56394,699,2061
91,91,0.042415,0.585942,0.102438,0.079423,4.555645,4435,56476,617,2081
91,91,0.042525,0.584868,0.102438,0.080507,5.734043,4466,56438,655,2050
91,91,0.044082,0.569675,0.102438,0.080523,5.621885,4417,56388,705,2099
91,91,0.043029,0.579957,0.102438,0.079879,7.007558,4430,56442,651,2086
91,91,0.043374,0.576581,0.102438,0.079816,4.948773,4417,56433,660,2099
91,91,0.042290,0.587170,0.102438,0.081089,4.978054,4492,56427,666,2024
91,91,0.043076,0.579497,0.102438,0.079831,8.390552,4427,56442,651,2089
91,91,0.042761,0.582566,0.102438,0.079611,5.711271,4430,56459,634,2086
91,91,0.041504,0.594843,0.102438,0.080366,4.920510,4494,56475,618,2022
91,91,0.042463,0.585482,0.102438,0.079784,4.973837,4445,56463,630,2071
91,91,0.042730,0.582873,0.102438,0.078385,4.773756,4392,56499,594,2124
91,91,0.042840,0.581799,0.102438,0.080885,4.562604,4468,56416,677,2048
91,91,0.043815,0.572284,0.102438,0.078024,4.751394,4346,56476,617,2170
91,91,0.042620,0.583947,0.102438,0.083211,4.973231,4549,56349,744,1967
91,91,0.041928,0.590700,0.102438,0.082677,4.661288,4554,56388,705,1962
91,91,0.041566,0.594230,0.102438,0.082473,5.181734,4559,56406,687,1957
91,91,0.043799,0.572437,0.102438,0.078983,5.228106,4377,56446,647,2139
91,91,0.042054,0.589472,0.102438,0.081765,5.559058,4521,56413,680,1995
91,91,0.042054,0.589472,0.102438,0.082331,5.015136,4539,56395,698,1977
91,91,0.041629,0.593616,0.102438,0.082944,6.794142,4572,56389,704,1944
91,91,0.043422,0.576120,0.102438,0.081624,10.747835,4473,56374,719,2043
91,91,0.042683,0.583333,0.102438,0.079627,7.332564,4433,56461,632,2083
91,91,0.043060,0.579650,0.102438,0.078904,4.719570,4398,56472,621,2118
91,91,0.041865,0.591314,0.102438,0.083557,5.068516,4584,56362,731,1932
91,91,0.042573,0.584408,0.102438,0.081404,4.607019,4493,56408,685,2023
91,91,0.042085,0.589165,0.102438,0.081199,5.580534,4502,56430,663,2014
91,91,0.042007,0.589932,0.102438,0.081215,8.402729,4505,56432,661,2011
91,91,0.042777,0.582413,0.102438,0.078244,4.796060,4386,56502,591,2130
91,91,0.040718,0.602517,0.102438,0.083542,5.068834,4620,56399,694,1896
91,91,0.041802,0.591928,0.102438,0.081325,7.743240,4515,56435,658,2001
91,91,0.042620,0.583947,0.102438,0.080193,6.591061,4453,56445,648,2063
91,91,0.042510,0.585021,0.102438,0.080240,4.892323,4458,56447,646,2058
91,91,0.043107,0.579190,0.102438,0.081875,5.184639,4491,56376,717,2025
91,91,0.042777,0.582413,0.102438,0.080853,8.519963,4469,56419,674,2047
91,91,0.044129,0.569214,0.102438,0.078275,6.604655,4344,56458,635,2172
91,91,0.041661,0.593309,0.102438,0.082001,5.884709,4541,56418,675,1975
91,91,0.040812,0.601596,0.102438,0.082095,4.961812,4571,56442,651,1945
91,91,0.043390,0.576427,0.102438,0.078605,4.613708,4378,56471,622,2138
91,91,0.042132,0.588705,0.102438,0.080775,8.370895,4487,56442,651,2029
91,91,0.041787,0.592081,0.102438,0.080460,4.702923,4488,56463,630,2028
91,91,0.041582,0.594076,0.102438,0.081451,5.533327,4526,56438,655,1990
91,91,0.042132,0.588705,0.102438,0.082095,6.154442,4529,56400,693,1987
91,91,0.041849,0.591467,0.102438,0.081121,7.455602,4507,56440,653,2009
91,91,0.041048,0.599294,0.102438,0.083369,7.895700,4604,56394,699,1912
