1,1,0.183133,0.017743,0.186441,0.035622,0.534671,2236,91600,1856,19181
1,1,0.185057,0.007424,0.186441,0.012353,0.530353,789,92826,630,20628
1,1,0.183881,0.013727,0.186441,0.024706,0.536494,1566,92184,1272,19851
1,1,0.182610,0.020544,0.186441,0.043666,0.510428,2728,91168,2288,18689
1,1,0.175629,0.057991,0.186441,0.079862,0.509451,5208,89490,3966,16209
1,1,0.185178,0.006770,0.186441,0.010629,0.518832,683,92918,538,20734
1,1,0.184595,0.009899,0.186441,0.022982,0.512199,1426,92242,1214,19991
1,1,0.182306,0.022179,0.186441,0.039357,0.487209,2498,91433,2023,18919
1,1,0.182715,0.019984,0.186441,0.039069,0.492440,2458,91426,2030,18959
1,1,0.183307,0.016809,0.186441,0.031600,0.779234,1995,91821,1635,19422
1,1,0.184273,0.011626,0.186441,0.022695,0.490195,1428,92277,1179,19989
1,1,0.179755,0.035859,0.186441,0.060327,0.522094,3849,90375,3081,17568
1,1,0.174802,0.062427,0.186441,0.085895,0.510406,5602,89191,4265,15815
1,1,0.178658,0.041743,0.186441,0.064924,0.533748,4176,90174,3282,17241
1,1,0.175420,0.059112,0.186441,0.087331,0.534580,5649,89073,4383,15768
1,1,0.181897,0.024373,0.186441,0.047113,0.507216,2967,91011,2445,18450
1,1,0.174602,0.063501,0.186441,0.083309,0.577069,5465,89351,4105,15952
1,1,0.184578,0.009992,0.186441,0.018960,0.549544,1196,92474,982,20221
1,1,0.183551,0.015502,0.186441,0.030451,1.648985,1915,91873,1583,19502
1,1,0.183751,0.014428,0.186441,0.030738,0.520808,1920,91845,1611,19497
1,1,0.179825,0.035486,0.186441,0.063775,0.463633,4043,90173,3283,17374
1,1,0.184787,0.008871,0.186441,0.020109,0.755654,1250,92396,1060,20167
1,1,0.180878,0.029836,0.186441,0.050847,1.833416,3240,90855,2601,18177
1,1,0.176020,0.055890,0.186441,0.080724,1.818065,5235,89418,4038,16182
1,1,0.179355,0.038007,0.186441,0.061477,1.167535,3938,90332,3124,17479
1,1,0.183681,0.014801,0.186441,0.029015,0.465752,1825,91948,1508,19592
1,1,0.179894,0.035112,0.186441,0.056306,0.465866,3610,90598,2858,17807
1,1,0.178858,0.040669,0.186441,0.062338,0.477315,4016,90311,3145,17401
1,1,0.179285,0.038381,0.186441,0.061477,0.541392,3942,90336,3120,17475
1,1,0.180573,0.031470,0.186441,0.051709,0.511161,3307,90823,2633,18110
1,1,0.183272,0.016996,0.186441,0.032749,0.467968,2063,91757,1699,19354
1,1,0.185144,0.006957,0.186441,0.012353,0.487847,784,92821,635,20633
1,1,0.183733,0.014521,0.186441,0.033036,0.506609,2053,91714,1742,19364
1,1,0.181696,0.025447,0.186441,0.044527,0.484965,2830,91171,2285,18587
1,1,0.184221,0.011906,0.186441,0.023844,0.474521,1497,92214,1242,19920
1,1,0.183838,0.013961,0.186441,0.025567,0.461881,1618,92137,1319,19799
1,1,0.179825,0.035486,0.186441,0.063775,0.499809,4043,90173,3283,17374
1,1,0.180617,0.031237,0.186441,0.050847,0.478100,3255,90870,2586,18162
1,1,0.183350,0.016576,0.186441,0.034760,0.470031,2174,91637,1819,19243
1,1,0.174218,0.065555,0.186441,0.083884,0.464522,5520,89340,4116,15897
1,1,0.180817,0.030163,0.186441,0.055731,0.467207,3524,90578,2878,17893
1,1,0.185048,0.007471,0.186441,0.014364,0.505994,905,92711,745,20512
1,1,0.173957,0.066956,0.186441,0.089055,0.470501,5832,89058,4398,15585
1,1,0.182219,0.022646,0.186441,0.038782,0.468963,2470,91471,1985,18947
1,1,0.186127,0.001681,0.186441,0.001149,0.527134,84,93408,48,21333
1,1,0.184047,0.012840,0.186441,0.020396,1.488744,1309,92422,1034,20108
1,1,0.180112,0.033945,0.186441,0.058317,0.594522,3713,90470,2986,17704
1,1,0.183986,0.013167,0.186441,0.025855,0.509878,1626,92112,1344,19791
1,1,0.185622,0.004389,0.186441,0.008044,0.548041,509,93041,415,20908
1,1,0.182193,0.022786,0.186441,0.043091,0.482051,2719,91225,2231,18698
1,1,0.182193,0.022786,0.186441,0.037920,0.530987,2422,91522,1934,18995
1,1,0.181061,0.028856,0.186441,0.052858,0.505379,3345,90729,2727,18072
1,1,0.184003,0.013074,0.186441,0.027578,0.473589,1724,92012,1444,19693
1,1,0.175420,0.059112,0.186441,0.087331,0.540265,5649,89073,4383,15768
1,1,0.182193,0.022786,0.186441,0.043091,0.469325,2719,91225,2231,18698
1,1,0.183881,0.013727,0.186441,0.024706,0.464432,1566,92184,1272,19851
1,1,0.182872,0.019144,0.186441,0.034473,0.464098,2185,91681,1775,19232
1,1,0.175977,0.056124,0.186441,0.073542,0.488064,4825,89833,3623,16592
1,1,0.170292,0.086613,0.186441,0.104280,0.479456,6917,88394,5062,14500
1,1,0.182724,0.019937,0.186441,0.039357,0.484791,2474,91409,2047,18943
1,1,0.183829,0.014008,0.186441,0.028727,0.513630,1800,91956,1500,19617
1,1,0.184996,0.007751,0.186441,0.017236,0.514185,1073,92549,907,20344
1,1,0.185048,0.007471,0.186441,0.014364,0.479162,905,92711,745,20512
1,1,0.183986,0.013167,0.186441,0.027578,0.470669,1725,92013,1443,19692
1,1,0.185205,0.006630,0.186441,0.014938,0.479950,929,92669,787,20488
1,1,0.183298,0.016856,0.186441,0.033036,0.562086,2078,91739,1717,19339
1,1,0.182784,0.019611,0.186441,0.039069,0.487847,2454,91422,2034,18963
1,1,0.182959,0.018677,0.186441,0.036771,0.473366,2312,91544,1912,19105
1,1,0.173905,0.067236,0.186441,0.087331,0.468603,5736,89160,4296,15681
1,1,0.174602,0.063501,0.186441,0.083309,0.466318,5465,89351,4105,15952
1,1,0.180808,0.030210,0.186441,0.052571,0.467187,3343,90760,2696,18074
1,1,0.183812,0.014101,0.186441,0.024706,0.536657,1570,92188,1268,19847
1,1,0.183307,0.016809,0.186441,0.031600,1.859183,1995,91821,1635,19422
1,1,0.175359,0.059439,0.186441,0.086469,1.525473,5603,89126,4330,15814
1,1,0.183368,0.016482,0.186441,0.035335,0.534997,2206,91603,1853,19211
1,1,0.185675,0.004109,0.186441,0.006320,0.470133,407,93137,319,21010
1,1,0.179355,0.038007,0.186441,0.061477,0.542366,3938,90332,3124,17479
1,1,0.180034,0.034365,0.186441,0.056306,0.484909,3602,90590,2866,17815
1,1,0.184839,0.008591,0.186441,0.017236,0.533423,1082,92558,898,20335
1,1,0.185248,0.006397,0.186441,0.011778,1.129900,745,92848,608,20672
1,1,0.177953,0.045525,0.186441,0.066360,0.714613,4299,90132,3324,17118
1,1,0.176055,0.055703,0.186441,0.077277,0.512044,5035,89614,3842,16382
1,1,0.184360,0.011159,0.186441,0.018673,0.486104,1192,92503,953,20225
1,1,0.182158,0.022972,0.186441,0.040793,0.494410,2589,91359,2097,18828
1,1,0.182541,0.020918,0.186441,0.039069,0.481071,2468,91436,2020,18949
1,1,0.180007,0.034505,0.186441,0.057167,0.486756,3653,90542,2914,17764
1,1,0.177970,0.045431,0.186441,0.068658,0.468820,4430,89999,3457,16987
1,1,0.176186,0.055003,0.186441,0.077564,0.521229,5044,89590,3866,16373
1,1,0.183333,0.016669,0.186441,0.035909,0.509978,2241,91572,1884,19176
1,1,0.181496,0.026521,0.186441,0.050560,0.502333,3188,90836,2620,18229
1,1,0.181357,0.027268,0.186441,0.046538,0.506392,2965,91075,2381,18452
1,1,0.180808,0.030210,0.186441,0.052571,0.474385,3343,90760,2696,18074
1,1,0.175202,0.060279,0.186441,0.084746,0.474787,5513,89234,4222,15904
1,1,0.181061,0.028856,0.186441,0.052858,0.466526,3345,90729,2727,18072
1,1,0.183263,0.017043,0.186441,0.035909,0.470905,2245,91576,1880,19172
1,1,0.184874,0.008405,0.186441,0.016662,0.471499,1047,92589,867,20370
1,1,0.185248,0.006397,0.186441,0.011778,0.470956,745,92848,608,20672
1,1,0.185344,0.005883,0.186441,0.011491,0.510574,723,92859,597,20694
1,1,0.177892,0.045851,0.186441,0.074117,0.487370,4748,89690,3766,16669
1,1,0.173435,0.069758,0.186441,0.088480,0.510672,5829,89121,4335,15588
2,2,0.177378,0.048606,0.186441,0.078426,0.632421,5025,89472,3984,16392
2,2,0.176047,0.055750,0.186441,0.087906,0.662579,5646,89004,4452,15771
2,2,0.181992,0.023860,0.186441,0.045102,0.688593,2846,91121,2335,18571
2,2,0.177309,0.048980,0.186441,0.085320,0.579307,5425,89080,4376,15992
2,2,0.176447,0.053602,0.186441,0.081011,0.614667,5227,89377,4079,16190
2,2,0.180504,0.031844,0.186441,0.054582,0.618048,3476,90662,2794,17941
2,2,0.180095,0.034038,0.186441,0.064062,1.061567,4044,90141,3315,17373
2,2,0.176316,0.054303,0.186441,0.085895,0.771760,5515,89104,4352,15902
2,2,0.181818,0.024793,0.186441,0.047975,1.816262,3021,90966,2490,18396
2,2,0.172129,0.076761,0.186441,0.104568,0.648751,6828,88272,5184,14589
2,2,0.177561,0.047626,0.186441,0.076415,0.587741,4899,89577,3879,16518
2,2,0.180478,0.031984,0.186441,0.051997,0.586840,3329,90812,2644,18088
2,2,0.184456,0.010646,0.186441,0.021833,0.615579,1368,92316,1140,20049
2,2,0.173513,0.069337,0.186441,0.103706,0.628668,6699,88242,5214,14718
2,2,0.167307,0.102629,0.186441,0.124677,0.580379,8260,87394,6062,13157
2,2,0.173740,0.068123,0.186441,0.099109,0.580671,6422,88493,4963,14995
2,2,0.176943,0.050941,0.186441,0.080149,0.607610,5149,89398,4058,16268
2,2,0.183646,0.014988,0.186441,0.031887,0.569558,1992,91785,1671,19425
2,2,0.177135,0.049914,0.186441,0.075553,1.094440,4874,89651,3805,16543
2,2,0.169552,0.090582,0.186441,0.111462,0.594202,7372,88024,5432,14045
2,2,0.180800,0.030256,0.186441,0.056306,0.575207,3558,90546,2910,17859
2,2,0.182253,0.022459,0.186441,0.045102,0.600441,2831,91106,2350,18586
2,2,0.177831,0.046178,0.186441,0.073829,0.573903,4735,89710,3746,16682
2,2,0.176134,0.055283,0.186441,0.081011,0.620863,5245,89395,4061,16172
2,2,0.176995,0.050661,0.186441,0.077277,0.573310,4981,89560,3896,16436
2,2,0.173853,0.067516,0.186441,0.098248,0.603085,6366,88536,4920,15051
2,2,0.178597,0.042069,0.186441,0.073829,0.580502,4691,89666,3790,16726
2,2,0.181966,0.024000,0.186441,0.043666,0.669672,2765,91205,2251,18652
2,2,0.174262,0.065322,0.186441,0.092215,0.573092,5996,88859,4597,15421
2,2,0.182253,0.022459,0.186441,0.046251,0.659817,2897,91040,2416,18520
2,2,0.178797,0.040995,0.186441,0.073542,0.567837,4663,89671,3785,16754
2,2,0.183098,0.017930,0.186441,0.033898,0.562103,2139,91701,1755,19278
2,2,0.172181,0.076481,0.186441,0.099971,0.608029,6561,88533,4923,14856
2,2,0.173313,0.070411,0.186441,0.094800,0.572412,6199,88765,4691,15218
2,2,0.178954,0.040155,0.186441,0.068946,0.576548,4390,89926,3530,17027
2,2,0.182906,0.018957,0.186441,0.037346,0.612623,2348,91514,1942,19069
2,2,0.173809,0.067750,0.186441,0.098535,0.670878,6385,88522,4934,15032
2,2,0.177875,0.045945,0.186441,0.074691,0.649989,4782,89658,3798,16635
2,2,0.168125,0.098240,0.186441,0.118931,0.591825,7883,87677,5779,13534
2,2,0.184230,0.011860,0.186441,0.025280,0.594040,1579,92131,1325,19838
2,2,0.184691,0.009385,0.186441,0.016375,0.881293,1041,92616,840,20376
2,2,0.177857,0.046038,0.186441,0.082160,0.585534,5212,89230,4226,16205
2,2,0.172982,0.072186,0.186441,0.098248,0.597641,6416,88586,4870,15001
2,2,0.174776,0.062567,0.186441,0.089629,0.587513,5818,88978,4478,15599
2,2,0.175185,0.060373,0.186441,0.092789,0.584719,5976,88773,4683,15441
2,2,0.184238,0.011813,0.186441,0.020971,0.576461,1331,92378,1078,20086
2,2,0.175690,0.057664,0.186441,0.088768,0.575935,5716,88975,4481,15701
2,2,0.177762,0.046552,0.186441,0.069808,0.649970,4508,89945,3511,16909
2,2,0.180948,0.029463,0.186441,0.051422,0.567987,3269,90818,2638,18148
2,2,0.170719,0.084326,0.186441,0.107440,0.576515,7074,88188,5268,14343
2,2,0.182628,0.020451,0.186441,0.037346,0.614010,2364,91530,1926,19053
2,2,0.172730,0.073540,0.186441,0.096811,0.640039,6348,88683,4773,15069
2,2,0.180199,0.033478,0.186441,0.058317,0.578120,3708,90465,2991,17709
2,2,0.183246,0.017136,0.186441,0.034760,0.574752,2180,91643,1813,19237
2,2,0.179564,0.036887,0.186441,0.058604,0.595926,3761,90485,2971,17656
2,2,0.181418,0.026941,0.186441,0.049698,0.584829,3143,90890,2566,18274
2,2,0.177439,0.048279,0.186441,0.079862,0.600155,5104,89386,4070,16313
2,2,0.170458,0.085726,0.186441,0.110313,0.582691,7254,88038,5418,14163
2,2,0.166201,0.108559,0.186441,0.122666,0.583218,8208,87573,5883,13209
2,2,0.174018,0.066629,0.186441,0.098535,0.594312,6373,88510,4946,15044
2,2,0.178075,0.044871,0.186441,0.080149,0.634828,5084,89333,4123,16333
2,2,0.176412,0.053789,0.186441,0.089629,0.576009,5724,88884,4572,15693
2,2,0.169361,0.091609,0.186441,0.117208,0.575245,7713,87705,5751,13704
2,2,0.171180,0.081851,0.186441,0.111749,0.596124,7295,87914,5542,14122
2,2,0.173722,0.068217,0.186441,0.092789,0.576558,6060,88857,4599,15357
2,2,0.178972,0.040062,0.186441,0.067222,0.592215,4290,90024,3432,17127
2,2,0.177674,0.047019,0.186441,0.076702,0.778438,4909,89554,3902,16508
2,2,0.179407,0.037727,0.186441,0.070669,0.659859,4463,89801,3655,16954
2,2,0.173008,0.072046,0.186441,0.093364,0.648900,6134,88865,4591,15283
2,2,0.167106,0.103703,0.186441,0.118070,0.619303,7892,87785,5671,13525
2,2,0.171581,0.079703,0.186441,0.108877,0.584711,7107,88056,5400,14310
2,2,0.177378,0.048606,0.186441,0.079575,0.612361,5091,89406,4050,16326
2,2,0.177779,0.046458,0.186441,0.075553,0.578720,4837,89614,3842,16580
2,2,0.179825,0.035486,0.186441,0.061477,0.599921,3911,90305,3151,17506
2,2,0.180138,0.033805,0.186441,0.060902,0.577692,3860,90320,3136,17557
2,2,0.180330,0.032778,0.186441,0.059753,0.566830,3783,90375,3081,17634
2,2,0.171703,0.079049,0.186441,0.111175,0.625600,7232,87917,5539,14185
2,2,0.183463,0.015969,0.186441,0.034473,0.589210,2151,91647,1809,19266
2,2,0.179476,0.037354,0.186441,0.058029,0.581462,3733,90523,2933,17684
2,2,0.175890,0.056591,0.186441,0.083884,0.614776,5424,89244,4212,15993
2,2,0.178893,0.040482,0.186441,0.076128,0.867431,4806,89517,3939,16611
2,2,0.176865,0.051361,0.186441,0.078713,0.592776,5071,89485,3971,16346
2,2,0.179772,0.035766,0.186441,0.066648,0.601141,4211,90011,3445,17206
2,2,0.175577,0.058271,0.186441,0.088480,0.649080,5706,88998,4458,15711
2,2,0.178162,0.044404,0.186441,0.078426,0.582720,4980,89427,4029,16437
2,2,0.171938,0.077789,0.186441,0.112611,0.599693,7301,87821,5635,14116
2,2,0.176882,0.051268,0.186441,0.081011,0.575455,5202,89352,4104,16215
2,2,0.177840,0.046132,0.186441,0.078138,0.609537,4982,89462,3994,16435
2,2,0.171868,0.078162,0.186441,0.099971,0.597538,6579,88551,4905,14838
2,2,0.179842,0.035392,0.186441,0.062626,0.669569,3976,90238,3218,17441
2,2,0.176038,0.055797,0.186441,0.083597,0.598684,5399,89252,4204,16018
2,2,0.181261,0.027782,0.186441,0.050273,0.613279,3185,90866,2590,18232
2,2,0.171703,0.079049,0.186441,0.106004,0.758531,6935,88214,5242,14482
2,2,0.170101,0.087641,0.186441,0.111175,0.698268,7324,88009,5447,14093
2,2,0.172660,0.073913,0.186441,0.097386,0.578703,6385,88654,4802,15032
2,2,0.170893,0.083392,0.186441,0.110313,0.606041,7229,88013,5443,14188
2,2,0.175986,0.056077,0.186441,0.083597,0.572090,5402,89255,4201,16015
2,2,0.179189,0.038894,0.186441,0.070957,0.570629,4492,89797,3659,16925
2,2,0.182959,0.018677,0.186441,0.031600,0.680396,2015,91841,1615,19402
2,2,0.175098,0.060840,0.186441,0.089342,0.661095,5783,88976,4480,15634
4,4,0.164878,0.115656,0.186441,0.138753,0.799188,9208,86725,6731,12209
4,4,0.170954,0.083065,0.186441,0.114622,0.792590,7473,87762,5694,13944
4,4,0.174828,0.062287,0.186441,0.108015,0.850035,6871,87919,5537,14546
4,4,0.168673,0.095298,0.186441,0.133582,0.792884,8693,86804,6652,12724
4,4,0.173365,0.070131,0.186441,0.113760,0.832794,7285,87673,5783,14132
4,4,0.177370,0.048653,0.186441,0.086757,0.815739,5504,88994,4462,15913
4,4,0.180686,0.030863,0.186441,0.057742,0.818558,3647,90470,2986,17770
4,4,0.173130,0.071392,0.186441,0.099109,0.799207,6457,88528,4928,14960
4,4,0.178885,0.040529,0.186441,0.070669,0.844950,4493,89831,3625,16924
4,4,0.170580,0.085073,0.186441,0.115484,0.910933,7544,87734,5722,13873
4,4,0.174976,0.061493,0.186441,0.103131,0.805418,6582,88191,5265,14835
4,4,0.173661,0.068544,0.186441,0.099971,0.798469,6476,88448,5008,14941
4,4,0.169779,0.089368,0.186441,0.121230,0.852915,7920,87450,6006,13497
4,4,0.173740,0.068123,0.186441,0.108877,0.811533,6983,87932,5524,14434
4,4,0.168682,0.095251,0.186441,0.124102,0.815558,8148,87348,6108,13269
4,4,0.168638,0.095485,0.186441,0.128411,0.915201,8398,87103,6353,13019
4,4,0.174715,0.062894,0.186441,0.103131,0.864243,6597,88206,5250,14820
4,4,0.175872,0.056684,0.186441,0.089629,0.818206,5755,88915,4541,15662
4,4,0.170371,0.086193,0.186441,0.115484,0.877794,7556,87746,5710,13861
4,4,0.170649,0.084699,0.186441,0.119506,0.794905,7771,87499,5957,13646
4,4,0.172408,0.075267,0.186441,0.104568,0.791973,6812,88256,5200,14605
4,4,0.167777,0.100107,0.186441,0.129273,1.915753,8497,87103,6353,12920
4,4,0.172913,0.072559,0.186441,0.108015,0.798585,6981,88029,5427,14436
4,4,0.169770,0.089415,0.186441,0.119219,0.840711,7805,87566,5890,13612
4,4,0.162771,0.126955,0.186441,0.134731,0.795144,9098,87077,6379,12319
4,4,0.166915,0.104730,0.186441,0.128986,0.784270,8530,87169,6287,12887
4,4,0.174323,0.064995,0.186441,0.096524,0.791777,6240,88608,4848,15177
4,4,0.169178,0.092590,0.186441,0.120942,0.788996,7938,87501,5955,13479
4,4,0.165731,0.111080,0.186441,0.128411,0.785826,8565,87270,6186,12852
4,4,0.171764,0.078723,0.186441,0.117208,0.876662,7575,87567,5889,13842
4,4,0.178597,0.042069,0.186441,0.073255,0.797862,4658,89699,3757,16759
4,4,0.162214,0.129944,0.186441,0.141626,0.798976,9526,86713,6743,11891
4,4,0.170449,0.085773,0.186441,0.116346,0.874996,7601,87692,5764,13816
4,4,0.169631,0.090162,0.186441,0.118644,0.849299,7780,87607,5849,13637
4,4,0.170762,0.084092,0.186441,0.113473,1.924392,7418,87839,5617,13999
4,4,0.170188,0.087174,0.186441,0.114048,0.880957,7484,87839,5617,13933
4,4,0.164286,0.118831,0.186441,0.136455,0.810563,9110,86891,6565,12307
4,4,0.165818,0.110613,0.186441,0.128986,0.833248,8593,87232,6224,12824
4,4,0.172930,0.072466,0.186441,0.108589,0.823371,7013,87995,5461,14404
4,4,0.172338,0.075641,0.186441,0.119506,1.288436,7674,87402,6054,13743
4,4,0.170693,0.084466,0.186441,0.123240,2.716297,7983,87282,6174,13434
4,4,0.167289,0.102722,0.186441,0.131571,0.800072,8657,86999,6457,12760
4,4,0.164086,0.119905,0.186441,0.143637,0.791627,9534,86490,6966,11883
4,4,0.170214,0.087034,0.186441,0.124677,0.820174,8093,87227,6229,13324
4,4,0.170449,0.085773,0.186441,0.124964,0.801343,8096,87197,6259,13321
4,4,0.171677,0.079189,0.186441,0.107440,0.817774,7019,88133,5323,14398
4,4,0.167167,0.103376,0.186441,0.132146,0.860589,8697,86973,6483,12720
4,4,0.168551,0.095952,0.186441,0.128986,0.845667,8436,87075,6381,12981
4,4,0.170850,0.083625,0.186441,0.119219,0.848971,7743,87504,5952,13674
4,4,0.173069,0.071719,0.186441,0.117208,0.804671,7500,87492,5964,13917
4,4,0.171102,0.082271,0.186441,0.116633,0.800343,7580,87638,5818,13837
4,4,0.166958,0.104496,0.186441,0.130422,0.807558,8610,87084,6372,12807
4,4,0.172094,0.076948,0.186441,0.113186,0.817942,7325,87779,5677,14092
4,4,0.168604,0.095672,0.186441,0.132433,0.816585,8631,86874,6582,12786
4,4,0.170702,0.084419,0.186441,0.120655,0.872546,7834,87430,6026,13583
4,4,0.166157,0.108792,0.186441,0.127550,0.786760,8491,87295,6161,12926
4,4,0.166349,0.107765,0.186441,0.130997,0.832861,8678,87086,6370,12739
4,4,0.172617,0.074147,0.186441,0.116059,2.933057,7460,87584,5872,13957
4,4,0.167968,0.099080,0.186441,0.129273,0.882918,8486,87092,6364,12931
4,4,0.168508,0.096185,0.186441,0.127550,0.869921,8356,87160,6296,13061
4,4,0.165391,0.112901,0.186441,0.137891,0.800181,9129,86745,6711,12288
4,4,0.178554,0.042303,0.186441,0.073542,0.867019,4677,89685,3771,16740
4,4,0.172939,0.072419,0.186441,0.106004,0.881660,6864,88143,5313,14553
4,4,0.169753,0.089508,0.186441,0.126113,0.836042,8202,87171,6285,13215
4,4,0.166323,0.107905,0.186441,0.137604,0.983847,9059,86708,6748,12358
4,4,0.177762,0.046552,0.186441,0.080724,0.826779,5135,89318,4138,16282
4,4,0.178371,0.043283,0.186441,0.076702,0.889790,4869,89514,3942,16548
4,4,0.167411,0.102068,0.186441,0.129848,1.718067,8551,87091,6365,12866
4,4,0.170945,0.083112,0.186441,0.106291,0.830157,6995,88241,5215,14422
4,4,0.172277,0.075968,0.186441,0.116346,0.823683,7496,87587,5869,13921
4,4,0.169265,0.092123,0.186441,0.119793,0.870569,7867,87562,5894,13550
4,4,0.166488,0.107018,0.186441,0.138466,0.853565,9099,86649,6807,12318
4,4,0.169840,0.089041,0.186441,0.115771,0.865396,7603,87760,5696,13814
4,4,0.169283,0.092030,0.186441,0.119793,0.852424,7866,87561,5895,13551
4,4,0.175106,0.060793,0.186441,0.097099,0.818759,6228,88530,4926,15189
4,4,0.171973,0.077602,0.186441,0.105142,0.836248,6870,88248,5208,14547
4,4,0.170588,0.085026,0.186441,0.108877,0.814981,7164,88113,5343,14253
4,4,0.166863,0.105010,0.186441,0.128986,0.883430,8533,87172,6284,12884
4,4,0.162240,0.129803,0.186441,0.141913,0.884196,9541,86695,6761,11876
4,4,0.169709,0.089742,0.186441,0.121804,0.894816,7957,87421,6035,13460
4,4,0.169143,0.092777,0.186441,0.122666,0.846212,8039,87404,6052,13378
4,4,0.169056,0.093244,0.186441,0.129560,0.818121,8440,87013,6443,12977
4,4,0.175324,0.059626,0.186441,0.098535,0.865957,6298,88435,5021,15119
4,4,0.173548,0.069151,0.186441,0.096811,1.104581,6301,88636,4820,15116
4,4,0.173331,0.070318,0.186441,0.098822,0.896133,6429,88533,4923,14988
4,4,0.172460,0.074987,0.186441,0.111462,0.854317,7205,87857,5599,14212
4,4,0.170501,0.085493,0.186441,0.114622,0.855635,7499,87788,5668,13918
4,4,0.170762,0.084092,0.186441,0.117495,0.830284,7649,87608,5848,13768
4,4,0.163676,0.122099,0.186441,0.137604,0.802416,9211,86860,6596,12206
4,4,0.169822,0.089135,0.186441,0.118644,0.813769,7769,87596,5860,13648
4,4,0.171415,0.080590,0.186441,0.108589,0.824675,7100,88082,5374,14317
4,4,0.171999,0.077462,0.186441,0.118644,0.838176,7644,87471,5985,13773
4,4,0.179912,0.035019,0.186441,0.056880,0.818375,3642,90564,2892,17775
4,4,0.167637,0.100854,0.186441,0.124677,0.815548,8241,87375,6081,13176
4,4,0.165478,0.112434,0.186441,0.135019,0.878314,8959,86905,6551,12458
4,4,0.175568,0.058318,0.186441,0.091066,0.850419,5855,88850,4606,15562
4,4,0.166558,0.106644,0.186441,0.126400,0.889560,8402,87338,6118,13015
4,4,0.167237,0.103002,0.186441,0.126400,0.818876,8363,87299,6157,13054
4,4,0.170702,0.084419,0.186441,0.122953,0.841365,7966,87298,6158,13451
4,4,0.168055,0.098613,0.186441,0.123528,0.808294,8151,87417,6039,13266
8,8,0.167359,0.102349,0.186441,0.141339,2.112702,9214,86434,7022,12203
8,8,0.166070,0.109259,0.186441,0.153404,1.358586,9981,85815,7641,11436
8,8,0.162014,0.131017,0.186441,0.154553,3.687607,10280,85982,7474,11137
8,8,0.164086,0.119905,0.186441,0.154553,2.762894,10161,85863,7593,11256
8,8,0.162606,0.127842,0.186441,0.144211,1.499085,9652,86542,6914,11765
8,8,0.157809,0.153570,0.186441,0.162310,1.248890,10967,85778,7678,10450
8,8,0.162362,0.129150,0.186441,0.152255,3.735417,10128,86094,7362,11289
8,8,0.158471,0.150021,0.186441,0.158288,3.487770,10698,85971,7485,10719
8,8,0.166140,0.108885,0.186441,0.144786,1.435200,9482,86306,7150,11935
8,8,0.159698,0.143437,0.186441,0.156851,1.394763,10545,85983,7473,10872
8,8,0.161544,0.133539,0.186441,0.158575,2.251916,10538,85778,7678,10879
8,8,0.161378,0.134426,0.186441,0.146797,2.406440,9871,86464,6992,11546
8,8,0.158889,0.147780,0.186441,0.153117,2.395631,10377,86244,7212,11040
8,8,0.161187,0.135453,0.186441,0.149670,1.418265,10047,86310,7146,11370
8,8,0.161134,0.135733,0.186441,0.155415,1.420880,10380,85983,7473,11037
8,8,0.163128,0.125041,0.186441,0.154553,1.346489,10216,85918,7538,11201
8,8,0.160351,0.139936,0.186441,0.152542,1.318813,10260,86193,7263,11157
8,8,0.160403,0.139655,0.186441,0.154841,1.429263,10389,86058,7398,11028
8,8,0.163111,0.125134,0.186441,0.153979,1.457971,10184,85952,7504,11233
8,8,0.156730,0.159359,0.186441,0.155990,1.342895,10666,86203,7253,10751
8,8,0.164277,0.118878,0.186441,0.143062,1.261827,9490,86512,6944,11927
8,8,0.159541,0.144278,0.186441,0.154553,1.343023,10422,86124,7332,10995
8,8,0.164207,0.119251,0.186441,0.143062,1.366978,9494,86516,6940,11923
8,8,0.159585,0.144044,0.186441,0.157139,1.267458,10568,85973,7483,10849
8,8,0.158088,0.152075,0.186441,0.157139,1.235041,10654,86059,7397,10763
8,8,0.161622,0.133119,0.186441,0.157139,1.268024,10451,85856,7600,10966
8,8,0.168429,0.096606,0.186441,0.131859,1.363826,8608,86917,6539,12809
8,8,0.156381,0.161227,0.186441,0.157713,1.244956,10785,86124,7332,10632
8,8,0.165740,0.111033,0.186441,0.144211,1.930882,9472,86362,7094,11945
8,8,0.165957,0.109866,0.186441,0.146222,1.258154,9575,86234,7222,11842
8,8,0.157583,0.154784,0.186441,0.153117,1.314527,10452,86319,7137,10965
8,8,0.164207,0.119251,0.186441,0.145361,1.286626,9626,86384,7072,11791
8,8,0.159359,0.145258,0.186441,0.155415,1.294393,10482,86085,7371,10935
8,8,0.160064,0.141476,0.186441,0.149382,1.315380,10095,86391,7065,11322
8,8,0.158401,0.150395,0.186441,0.161735,1.330979,10900,85777,7679,10517
8,8,0.161683,0.132792,0.186441,0.159150,1.261530,10563,85737,7719,10854
8,8,0.159829,0.142737,0.186441,0.155415,3.343518,10455,86058,7398,10962
8,8,0.160168,0.140916,0.186441,0.158001,3.181574,10584,85890,7566,10833
8,8,0.167602,0.101041,0.186441,0.136168,1.266455,8903,86717,6739,12514
8,8,0.157774,0.153756,0.186441,0.156564,1.352401,10639,86110,7346,10778
8,8,0.161822,0.132045,0.186441,0.153404,1.308508,10225,86059,7397,11192
8,8,0.164181,0.119391,0.186441,0.147946,1.290348,9776,86237,7219,11641
8,8,0.161935,0.131438,0.186441,0.147371,1.308997,9872,86399,7057,11545
8,8,0.157574,0.154830,0.186441,0.158575,1.241621,10766,86006,7450,10651
8,8,0.160081,0.141383,0.186441,0.152255,1.297752,10259,86225,7231,11158
8,8,0.163163,0.124854,0.186441,0.148808,1.323121,9884,86246,7210,11533
8,8,0.163659,0.122193,0.186441,0.151393,1.364059,10004,86069,7387,11413
8,8,0.165679,0.111360,0.186441,0.145073,1.273801,9525,86316,7140,11892
8,8,0.162118,0.130457,0.186441,0.158001,1.290559,10472,85778,7678,10945
8,8,0.159628,0.143811,0.186441,0.156851,1.255313,10549,85987,7469,10868
8,8,0.161213,0.135313,0.186441,0.150531,1.399799,10095,86259,7197,11322
8,8,0.159454,0.144745,0.186441,0.159150,1.279717,10691,85865,7591,10726
8,8,0.165774,0.110847,0.186441,0.144211,1.410632,9470,86360,7096,11947
8,8,0.163607,0.122473,0.186441,0.149095,1.293131,9875,86204,7252,11542
8,8,0.155581,0.165523,0.186441,0.157139,1.283398,10798,86203,7253,10619
8,8,0.163494,0.123080,0.186441,0.147659,1.326539,9799,86293,7163,11618
8,8,0.165034,0.114815,0.186441,0.144499,2.510657,9529,86386,7070,11888
8,8,0.159498,0.144511,0.186441,0.155990,2.394485,10507,86044,7412,10910
8,8,0.168221,0.097726,0.186441,0.134157,1.461837,8752,86797,6659,12665
8,8,0.164086,0.119905,0.186441,0.141339,1.381109,9402,86622,6834,12015
8,8,0.160769,0.137694,0.186441,0.154841,1.302887,10368,86037,7419,11049
8,8,0.158923,0.147593,0.186441,0.153117,1.339060,10375,86242,7214,11042
8,8,0.164495,0.117710,0.186441,0.147371,1.363050,9725,86252,7204,11692
8,8,0.161222,0.135266,0.186441,0.155990,1.339238,10408,85945,7511,11009
8,8,0.164860,0.115749,0.186441,0.138179,1.332658,9176,86759,6697,12241
8,8,0.166018,0.109539,0.186441,0.141913,1.394959,9324,86478,6978,12093
8,8,0.163476,0.123173,0.186441,0.147084,1.393855,9767,86327,7129,11650
8,8,0.165844,0.110473,0.186441,0.137317,3.190836,9070,86752,6704,12347
8,8,0.160099,0.141290,0.186441,0.151106,1.327274,10192,86290,7166,11225
8,8,0.164556,0.117383,0.186441,0.148233,1.271957,9771,86199,7257,11646
8,8,0.160917,0.136901,0.186441,0.153404,1.346001,10277,86111,7345,11140
8,8,0.160812,0.137461,0.186441,0.149382,1.276432,10052,86348,7108,11365
8,8,0.160334,0.140029,0.186441,0.149670,1.310780,10096,86359,7097,11321
8,8,0.162945,0.126021,0.186441,0.150819,1.332250,10012,86143,7313,11405
8,8,0.159446,0.144792,0.186441,0.153117,1.261013,10345,86212,7244,11072
8,8,0.158828,0.148107,0.186441,0.160873,1.450052,10826,85802,7654,10591
8,8,0.169056,0.093244,0.186441,0.127262,1.263883,8308,87145,6311,13109
8,8,0.153944,0.174301,0.186441,0.165757,1.264520,11387,85802,7654,10030
8,8,0.158801,0.148247,0.186441,0.157713,2.134795,10646,85985,7471,10771
8,8,0.163685,0.122053,0.186441,0.147084,2.144010,9755,86315,7141,11662
8,8,0.168055,0.098613,0.186441,0.140190,1.282270,9108,86460,6996,12309
8,8,0.161578,0.133352,0.186441,0.150531,1.275567,10074,86238,7218,11343
8,8,0.165165,0.114115,0.186441,0.148808,1.258682,9769,86131,7325,11648
8,8,0.165618,0.111687,0.186441,0.138466,1.283300,9149,86699,6757,12268
8,8,0.159533,0.144325,0.186441,0.155415,1.312505,10472,86075,7381,10945
8,8,0.160125,0.141150,0.186441,0.155990,1.537078,10471,86008,7448,10946
8,8,0.164382,0.118317,0.186441,0.150531,1.747655,9913,86077,7379,11504
8,8,0.162266,0.129663,0.186441,0.154266,1.315087,10249,85984,7472,11168
8,8,0.159846,0.142644,0.186441,0.151393,1.380609,10223,86288,7168,11194
8,8,0.160926,0.136854,0.186441,0.151968,1.291161,10194,86193,7263,11223
8,8,0.161779,0.132278,0.186441,0.154266,1.394063,10277,86012,7444,11140
8,8,0.159498,0.144511,0.186441,0.158288,1.328432,10639,85912,7544,10778
8,8,0.159176,0.146239,0.186441,0.152830,1.321167,10344,86244,7212,11073
8,8,0.167167,0.103376,0.186441,0.137317,2.733645,8994,86676,6780,12423
8,8,0.162649,0.127609,0.186441,0.151968,2.821418,10095,86094,7362,11322
8,8,0.158514,0.149788,0.186441,0.161448,1.366585,10877,85787,7669,10540
8,8,0.158958,0.147406,0.186441,0.155990,1.303956,10538,86075,7381,10879
8,8,0.161222,0.135266,0.186441,0.149670,1.307492,10045,86308,7148,11372
8,8,0.158714,0.148714,0.186441,0.162310,1.255686,10915,85726,7730,10502
8,8,0.167019,0.104170,0.186441,0.139902,1.466497,9151,86536,6920,12266
16,16,0.148999,0.200822,0.186441,0.174375,4.934251,12166,85591,7865,9251
16,16,0.153126,0.178690,0.186441,0.169779,6.321797,11665,85618,7838,9752
16,16,0.148782,0.201989,0.186441,0.172364,4.446855,12063,85719,7737,9354
16,16,0.152212,0.183592,0.186441,0.176386,2.499144,12097,85291,8165,9320
16,16,0.149052,0.200542,0.186441,0.177822,2.200039,12361,85390,8066,9056
16,16,0.152804,0.180417,0.186441,0.170066,2.256325,11700,85620,7836,9717
16,16,0.148242,0.204884,0.186441,0.176386,2.308508,12325,85519,7937,9092
16,16,0.154074,0.173600,0.186441,0.172939,2.211220,11792,85382,8074,9625
16,16,0.152011,0.184666,0.186441,0.173801,2.143255,11960,85451,8005,9457
16,16,0.153996,0.174021,0.186441,0.171502,3.057633,11714,85469,7987,9703
16,16,0.152551,0.181771,0.186441,0.172652,2.197557,11863,85486,7970,9554
16,16,0.147241,0.210254,0.186441,0.172652,2.196711,12168,85791,7665,9249
16,16,0.152917,0.179810,0.186441,0.174375,2.194028,11941,85366,8090,9476
16,16,0.152229,0.183499,0.186441,0.172939,2.298684,11898,85488,7968,9519
16,16,0.151332,0.188308,0.186441,0.174375,2.218923,12032,85457,7999,9385
16,16,0.149774,0.196666,0.186441,0.175237,2.245422,12171,85497,7959,9246
16,16,0.147702,0.207779,0.186441,0.172364,4.192595,12125,85781,7675,9292
16,16,0.150192,0.194425,0.186441,0.175812,2.286526,12180,85440,8016,9237
16,16,0.150479,0.192884,0.186441,0.176099,2.292522,12180,85407,8049,9237
16,16,0.153413,0.177149,0.186441,0.174662,2.277627,11929,85321,8135,9488
16,16,0.151628,0.186721,0.186441,0.173226,2.293414,11949,85506,7950,9468
16,16,0.149426,0.198534,0.186441,0.171215,2.814411,11960,85748,7708,9457
16,16,0.149200,0.199748,0.186441,0.171215,3.022072,11973,85761,7695,9444
16,16,0.152508,0.182005,0.186441,0.170066,2.707027,11717,85637,7819,9700
16,16,0.153012,0.179297,0.186441,0.176386,2.611949,12051,85245,8211,9366
16,16,0.148782,0.201989,0.186441,0.177535,2.218159,12360,85422,8034,9057
16,16,0.152125,0.184059,0.186441,0.171215,2.249988,11805,85593,7863,9612
16,16,0.150157,0.194612,0.186441,0.171790,2.302307,11951,85673,7783,9466
16,16,0.153900,0.174534,0.186441,0.170066,2.230289,11637,85557,7899,9780
16,16,0.151759,0.186020,0.186441,0.175237,2.353133,12057,85383,8073,9360
16,16,0.152804,0.180417,0.186441,0.169492,2.311957,11667,85653,7803,9750
16,16,0.153230,0.178130,0.186441,0.166332,2.199575,11461,85810,7646,9956
16,16,0.146701,0.213148,0.186441,0.174950,2.265574,12331,85690,7766,9086
16,16,0.150479,0.192884,0.186441,0.173226,7.432581,12015,85572,7884,9402
16,16,0.148529,0.203343,0.186441,0.168630,6.586323,11863,85948,7508,9554
16,16,0.151315,0.188402,0.186441,0.170928,2.450135,11835,85656,7800,9582
16,16,0.151994,0.184760,0.186441,0.175524,2.296492,12060,85353,8103,9357
16,16,0.149139,0.200075,0.186441,0.176673,3.045620,12290,85451,8005,9127
16,16,0.149905,0.195966,0.186441,0.171502,2.317229,11949,85704,7752,9468
16,16,0.147711,0.207732,0.186441,0.172652,2.523796,12141,85764,7692,9276
16,16,0.151315,0.188402,0.186441,0.173801,2.387910,12000,85491,7965,9417
16,16,0.149800,0.196526,0.186441,0.175524,2.208964,12186,85479,7977,9231
16,16,0.155119,0.167997,0.186441,0.171215,2.719915,11633,85421,8035,9784
16,16,0.147537,0.208666,0.186441,0.177248,2.848148,12415,85510,7946,9002
16,16,0.149243,0.199514,0.186441,0.171502,3.163322,11987,85742,7714,9430
16,16,0.155842,0.164122,0.186441,0.172077,2.248423,11641,85330,8126,9776
16,16,0.153648,0.175888,0.186441,0.170353,2.271662,11668,85555,7901,9749
16,16,0.147824,0.207125,0.186441,0.174088,2.766231,12217,85675,7781,9200
16,16,0.150218,0.194285,0.186441,0.174375,3.107299,12096,85521,7935,9321
16,16,0.156286,0.161741,0.186441,0.168342,2.245799,11401,85519,7937,10016
16,16,0.150531,0.192604,0.186441,0.166906,2.196645,11649,85932,7524,9768
16,16,0.149052,0.200542,0.186441,0.175524,3.510998,12229,85522,7934,9188
16,16,0.154910,0.169118,0.186441,0.172939,2.173090,11744,85334,8122,9673
16,16,0.148938,0.201149,0.186441,0.176386,2.166751,12285,85479,7977,9132
16,16,0.150235,0.194192,0.186441,0.174950,3.143590,12128,85487,7969,9289
16,16,0.149356,0.198907,0.186441,0.173513,5.430221,12096,85620,7836,9321
16,16,0.150436,0.193118,0.186441,0.173513,3.397019,12034,85558,7898,9383
16,16,0.147606,0.208292,0.186441,0.174375,2.201634,12246,85671,7785,9171
16,16,0.153552,0.176402,0.186441,0.171215,2.247647,11723,85511,7945,9694
16,16,0.149765,0.196713,0.186441,0.171502,2.173991,11957,85712,7744,9460
16,16,0.152795,0.180464,0.186441,0.169779,2.198067,11684,85637,7819,9733
16,16,0.150636,0.192044,0.186441,0.175524,2.193265,12138,85431,8025,9279
16,16,0.151724,0.186207,0.186441,0.172939,2.235140,11927,85517,7939,9490
16,16,0.152055,0.184433,0.186441,0.161448,2.313961,11248,86158,7298,10169
16,16,0.151663,0.186534,0.186441,0.169779,2.164434,11749,85702,7754,9668
16,16,0.148198,0.205117,0.186441,0.176099,2.258523,12311,85538,7918,9106
16,16,0.151089,0.189616,0.186441,0.170928,2.381849,11848,85669,7787,9569
16,16,0.150157,0.194612,0.186441,0.174662,2.899388,12116,85508,7948,9301
16,16,0.149696,0.197086,0.186441,0.174950,2.258554,12159,85518,7938,9258
16,16,0.150836,0.190970,0.186441,0.172939,2.212556,11978,85568,7888,9439
16,16,0.152716,0.180884,0.186441,0.168917,2.880488,11639,85691,7765,9778
16,16,0.153143,0.178596,0.186441,0.172077,2.227748,11796,85485,7971,9621
16,16,0.151228,0.188869,0.186441,0.174375,2.333385,12038,85463,7993,9379
16,16,0.147728,0.207639,0.186441,0.174950,2.387817,12272,85631,7825,9145
16,16,0.148817,0.201802,0.186441,0.170641,2.121622,11962,85816,7640,9455
16,16,0.154788,0.169772,0.186441,0.170641,2.174786,11619,85473,7983,9798
16,16,0.148468,0.203670,0.186441,0.178110,2.343298,12411,85407,8049,9006
16,16,0.146980,0.211654,0.186441,0.178972,2.635718,12546,85443,8013,8871
16,16,0.149565,0.197787,0.186441,0.170641,2.387238,11919,85773,7683,9498
16,16,0.149800,0.196526,0.186441,0.173226,2.176119,12054,85611,7845,9363
16,16,0.152098,0.184199,0.186441,0.168630,2.448612,11658,85743,7713,9759
16,16,0.153535,0.176495,0.186441,0.170641,2.296835,11691,85545,7911,9726
16,16,0.150479,0.192884,0.186441,0.172077,2.167950,11949,85638,7818,9468
16,16,0.150114,0.194845,0.186441,0.172652,5.284431,12003,85626,7830,9414
16,16,0.152708,0.180931,0.186441,0.172652,2.143956,11854,85477,7979,9563
16,16,0.147781,0.207359,0.186441,0.176673,2.149162,12368,85529,7927,9049
16,16,0.149722,0.196946,0.186441,0.176386,2.134370,12240,85434,8022,9177
16,16,0.151315,0.188402,0.186441,0.172652,2.444407,11934,85557,7899,9483
16,16,0.152934,0.179717,0.186441,0.168630,2.757971,11610,85695,7761,9807
16,16,0.148808,0.201849,0.186441,0.173226,5.570241,12111,85668,7788,9306
16,16,0.148399,0.204044,0.186441,0.174088,2.664528,12184,85642,7814,9233
16,16,0.150270,0.194005,0.186441,0.168630,3.034842,11763,85848,7608,9654
16,16,0.152029,0.184573,0.186441,0.174375,2.194856,11992,85417,8039,9425
16,16,0.150662,0.191904,0.186441,0.173513,2.317452,12021,85545,7911,9396
16,16,0.149583,0.197693,0.186441,0.173513,2.210598,12083,85607,7849,9334
16,16,0.150427,0.193164,0.186441,0.173226,3.793514,12018,85575,7881,9399
16,16,0.148085,0.205724,0.186441,0.175812,2.161507,12301,85561,7895,9116
16,16,0.155903,0.163795,0.186441,0.171215,2.238568,11588,85376,8080,9829
16,16,0.149792,0.196573,0.186441,0.174662,4.855434,12137,85529,7927,9280
16,16,0.148077,0.205771,0.186441,0.175524,2.390042,12285,85578,7878,9132
32,32,0.139075,0.254051,0.186441,0.182993,4.352256,13231,85666,7790,8186
32,32,0.136925,0.265583,0.186441,0.182132,4.167207,13305,85839,7617,8112
32,32,0.140468,0.246580,0.186441,0.181270,3.782416,13052,85685,7771,8365
32,32,0.138066,0.259467,0.186441,0.182993,4.159897,13289,85724,7732,8128
32,32,0.141461,0.241257,0.186441,0.184717,5.431332,13193,85430,8026,8224
32,32,0.139014,0.254377,0.186441,0.180408,6.243845,13086,85818,7638,8331
32,32,0.137456,0.262735,0.186441,0.181270,4.978186,13225,85858,7598,8192
32,32,0.139276,0.252977,0.186441,0.181557,7.799332,13137,85737,7719,8280
32,32,0.139615,0.251156,0.186441,0.182419,4.210900,13167,85668,7788,8250
32,32,0.136176,0.269599,0.186441,0.183281,6.187402,13414,85816,7640,8003
32,32,0.137770,0.261054,0.186441,0.181844,4.090493,13240,85807,7649,8177
32,32,0.141696,0.239996,0.186441,0.182706,5.014457,13064,85532,7924,8353
32,32,0.138684,0.256152,0.186441,0.183281,3.915312,13270,85672,7784,8147
32,32,0.138605,0.256572,0.186441,0.182419,3.983708,13225,85726,7730,8192
32,32,0.138814,0.255451,0.186441,0.181844,3.976439,13180,85747,7709,8237
32,32,0.141138,0.242985,0.186441,0.182132,4.273256,13063,85597,7859,8354
32,32,0.137143,0.264416,0.186441,0.182993,3.985830,13342,85777,7679,8075
32,32,0.138031,0.259654,0.186441,0.181844,7.406741,13225,85792,7664,8192
32,32,0.137387,0.263109,0.186441,0.182419,4.093214,13295,85796,7660,8122
32,32,0.141034,0.243545,0.186441,0.181557,4.129237,13036,85636,7820,8381
32,32,0.140433,0.246767,0.186441,0.182993,4.870345,13153,85588,7868,8264
32,32,0.139807,0.250128,0.186441,0.180121,4.315800,13024,85789,7667,8393
32,32,0.138309,0.258159,0.186441,0.181270,4.048539,13176,85809,7647,8241
32,32,0.139659,0.250922,0.186441,0.183281,4.007038,13214,85616,7840,8203
32,32,0.139415,0.252230,0.186441,0.183281,4.143791,13228,85630,7826,8189
32,32,0.140799,0.244806,0.186441,0.181270,8.656198,13033,85666,7790,8384
32,32,0.139650,0.250969,0.186441,0.182419,7.520313,13165,85666,7790,8252
32,32,0.139450,0.252043,0.186441,0.182132,4.595966,13160,85694,7762,8257
32,32,0.137021,0.265070,0.186441,0.181844,4.189348,13283,85850,7606,8134
32,32,0.138527,0.256992,0.186441,0.180982,4.485695,13147,85813,7643,8270
32,32,0.138240,0.258533,0.186441,0.182993,4.292628,13279,85714,7742,8138
32,32,0.139197,0.253397,0.186441,0.181844,7.482602,13158,85725,7731,8259
32,32,0.138692,0.256105,0.186441,0.182993,5.299977,13253,85688,7768,8164
32,32,0.138745,0.255825,0.186441,0.182419,6.258211,13217,85718,7738,8200
32,32,0.136377,0.268525,0.186441,0.181844,3.939361,13320,85887,7569,8097
32,32,0.140259,0.247700,0.186441,0.182993,4.917733,13163,85598,7858,8254
32,32,0.143889,0.228230,0.186441,0.180982,4.681663,12839,85505,7951,8578
32,32,0.140520,0.246300,0.186441,0.182419,3.909349,13115,85616,7840,8302
32,32,0.137265,0.263762,0.186441,0.181270,5.752117,13236,85869,7587,8181
32,32,0.138335,0.258019,0.186441,0.180408,5.751144,13125,85857,7599,8292
32,32,0.138144,0.259047,0.186441,0.179833,4.045075,13103,85901,7555,8314
32,32,0.138936,0.254798,0.186441,0.182419,5.321240,13206,85707,7749,8211
32,32,0.139537,0.251576,0.186441,0.183281,8.981285,13221,85623,7833,8196
32,32,0.136760,0.266471,0.186441,0.182419,4.032608,13331,85832,7624,8086
32,32,0.140555,0.246113,0.186441,0.182419,3.946828,13113,85614,7842,8304
32,32,0.136028,0.270393,0.186441,0.182993,5.762063,13406,85841,7615,8011
32,32,0.138649,0.256338,0.186441,0.181557,7.471315,13173,85773,7683,8244
32,32,0.141504,0.241023,0.186441,0.181557,4.521692,13009,85609,7847,8408
32,32,0.139136,0.253724,0.186441,0.182706,5.245121,13211,85679,7777,8206
32,32,0.138649,0.256338,0.186441,0.181557,4.427482,13173,85773,7683,8244
32,32,0.139685,0.250782,0.186441,0.181270,4.087783,13097,85730,7726,8320
32,32,0.139772,0.250315,0.186441,0.181844,4.069587,13125,85692,7764,8292
32,32,0.140155,0.248261,0.186441,0.181844,4.553002,13103,85670,7786,8314
32,32,0.140372,0.247093,0.186441,0.183281,4.436299,13173,85575,7881,8244
32,32,0.139119,0.253817,0.186441,0.182132,4.024131,13179,85713,7743,8238
32,32,0.136699,0.266797,0.186441,0.182132,4.176238,13318,85852,7604,8099
32,32,0.138361,0.257879,0.186441,0.184142,5.155832,13338,85641,7815,8079
32,32,0.137587,0.262035,0.186441,0.180982,4.033939,13201,85867,7589,8216
32,32,0.141983,0.238455,0.186441,0.181270,5.912199,12965,85598,7858,8452
32,32,0.137500,0.262502,0.186441,0.183281,4.112867,13338,85740,7716,8079
32,32,0.140050,0.248821,0.186441,0.181270,5.091909,13076,85709,7747,8341
32,32,0.137517,0.262408,0.186441,0.181557,4.082855,13238,85838,7618,8179
32,32,0.138475,0.257272,0.186441,0.182706,3.852804,13249,85717,7739,8168
32,32,0.137709,0.261381,0.186441,0.183281,6.259154,13326,85728,7728,8091
32,32,0.141243,0.242424,0.186441,0.184430,4.122707,13189,85459,7997,8228
32,32,0.136699,0.266797,0.186441,0.183281,3.883012,13384,85786,7670,8033
32,32,0.141339,0.241911,0.186441,0.178397,4.187867,12837,85800,7656,8580
32,32,0.141156,0.242891,0.186441,0.183855,5.129403,13161,85497,7959,8256
32,32,0.137212,0.264043,0.186441,0.184142,4.414116,13404,85707,7749,8013
32,32,0.137360,0.263249,0.186441,0.182706,4.945098,13313,85781,7675,8104
32,32,0.138449,0.257412,0.186441,0.184142,4.506251,13333,85636,7820,8084
32,32,0.138449,0.257412,0.186441,0.182419,3.878381,13234,85735,7721,8183
32,32,0.137578,0.262082,0.186441,0.181844,4.105648,13251,85818,7638,8166
32,32,0.140015,0.249008,0.186441,0.183568,4.032930,13210,85579,7877,8207
32,32,0.140947,0.244012,0.186441,0.182132,5.171815,13074,85608,7848,8343
32,32,0.138745,0.255825,0.186441,0.182993,4.513397,13250,85685,7771,8167
32,32,0.138692,0.256105,0.186441,0.183568,5.062335,13286,85655,7801,8131
32,32,0.141199,0.242658,0.186441,0.179546,7.573513,12911,85742,7714,8506
32,32,0.137352,0.263296,0.186441,0.182419,8.029922,13297,85798,7658,8120
32,32,0.138057,0.259513,0.186441,0.182132,7.969630,13240,85774,7682,8177
32,32,0.139563,0.251436,0.186441,0.181270,10.484289,13104,85737,7719,8313
32,32,0.138422,0.257552,0.186441,0.182706,6.005381,13252,85720,7736,8165
32,32,0.139101,0.253910,0.186441,0.182706,4.520656,13213,85681,7775,8204
32,32,0.137247,0.263856,0.186441,0.182419,4.308996,13303,85804,7652,8114
32,32,0.142549,0.235420,0.186441,0.183281,4.288900,13048,85450,8006,8369
32,32,0.136969,0.265350,0.186441,0.182993,3.992394,13352,85787,7669,8065
32,32,0.139180,0.253490,0.186441,0.181844,5.696308,13159,85726,7730,8258
32,32,0.137587,0.262035,0.186441,0.181557,7.203128,13234,85834,7622,8183
32,32,0.140903,0.244245,0.186441,0.182993,4.859372,13126,85561,7895,8291
32,32,0.137996,0.259840,0.186441,0.181270,4.110387,13194,85827,7629,8223
32,32,0.138344,0.257973,0.186441,0.181844,3.834678,13207,85774,7682,8210
32,32,0.137648,0.261708,0.186441,0.182419,4.802443,13280,85781,7675,8137
32,32,0.140486,0.246486,0.186441,0.181270,5.018797,13051,85684,7772,8366
32,32,0.139154,0.253630,0.186441,0.183281,4.018731,13243,85645,7811,8174
32,32,0.138962,0.254658,0.186441,0.182706,4.939186,13221,85689,7767,8196
32,32,0.139180,0.253490,0.186441,0.180121,5.232558,13060,85825,7631,8357
32,32,0.138736,0.255872,0.186441,0.180408,4.577307,13102,85834,7622,8315
32,32,0.139911,0.249568,0.186441,0.181844,4.696369,13117,85684,7772,8300
32,32,0.138649,0.256338,0.186441,0.182132,4.013393,13206,85740,7716,8211
32,32,0.140721,0.245226,0.186441,0.182706,5.910701,13120,85588,7868,8297
64,64,0.124555,0.331933,0.186441,0.185866,7.668521,14230,86335,7121,7187
64,64,0.123406,0.338096,0.186441,0.185866,11.189982,14296,86401,7055,7121
64,64,0.124468,0.332399,0.186441,0.185292,8.753139,14202,86373,7083,7215
64,64,0.124564,0.331886,0.186441,0.185579,9.461418,14213,86351,7105,7204
64,64,0.125208,0.328431,0.186441,0.185579,8.430297,14176,86314,7142,7241
64,64,0.123545,0.337349,0.186441,0.185292,7.370412,14255,86426,7030,7162
64,64,0.124886,0.330158,0.186441,0.185866,8.635383,14211,86316,7140,7206
64,64,0.124886,0.330158,0.186441,0.185292,11.078352,14178,86349,7107,7239
64,64,0.125687,0.325863,0.186441,0.184717,8.893524,14099,86336,7120,7318
64,64,0.124363,0.332960,0.186441,0.185866,7.457356,14241,86346,7110,7176
64,64,0.125382,0.327497,0.186441,0.183855,8.432779,14067,86403,7053,7350
64,64,0.124050,0.334641,0.186441,0.185292,8.580864,14226,86397,7059,7191
64,64,0.122805,0.341318,0.186441,0.185004,8.670417,14281,86485,6971,7136
64,64,0.124468,0.332399,0.186441,0.185866,9.039863,14235,86340,7116,7182
64,64,0.124181,0.333940,0.186441,0.185004,7.736916,14202,86406,7050,7215
64,64,0.125008,0.329505,0.186441,0.185866,8.673942,14204,86309,7147,7213
64,64,0.124503,0.332213,0.186441,0.185866,7.994139,14233,86338,7118,7184
64,64,0.124755,0.330859,0.186441,0.185579,9.736239,14202,86340,7116,7215
64,64,0.123571,0.337209,0.186441,0.185579,7.518203,14270,86408,7048,7147
64,64,0.124320,0.333193,0.186441,0.186153,8.424345,14260,86332,7124,7157
64,64,0.123980,0.335014,0.186441,0.185866,7.867118,14263,86368,7088,7154
64,64,0.124268,0.333473,0.186441,0.185579,7.762716,14230,86368,7088,7187
64,64,0.124659,0.331372,0.186441,0.185292,7.666496,14191,86362,7094,7226
64,64,0.124572,0.331839,0.186441,0.184717,7.597438,14163,86400,7056,7254
64,64,0.124059,0.334594,0.186441,0.185579,8.660520,14242,86380,7076,7175
64,64,0.124921,0.329972,0.186441,0.185866,8.548223,14209,86314,7142,7208
64,64,0.124398,0.332773,0.186441,0.185866,7.644270,14239,86344,7112,7178
64,64,0.124416,0.332680,0.186441,0.185866,8.705356,14238,86343,7113,7179
64,64,0.125138,0.328804,0.186441,0.185004,7.596767,14147,86351,7105,7270
64,64,0.123510,0.337536,0.186441,0.186441,7.590151,14323,86362,7094,7094
64,64,0.125095,0.329038,0.186441,0.184717,8.292598,14133,86370,7086,7284
64,64,0.126383,0.322127,0.186441,0.185292,7.749001,14092,86263,7193,7325
64,64,0.125356,0.327637,0.186441,0.185292,10.633401,14151,86322,7134,7266
64,64,0.123371,0.338283,0.186441,0.184142,9.116806,14199,86502,6954,7218
64,64,0.125608,0.326283,0.186441,0.185004,7.969772,14120,86324,7132,7297
64,64,0.124807,0.330579,0.186441,0.185579,7.891507,14199,86337,7119,7218
64,64,0.123954,0.335154,0.186441,0.186153,7.405050,14281,86353,7103,7136
64,64,0.124720,0.331045,0.186441,0.185579,8.198704,14204,86342,7114,7213
64,64,0.125129,0.328851,0.186441,0.184717,9.255240,14131,86368,7088,7286
64,64,0.124363,0.332960,0.186441,0.185292,9.231774,14208,86379,7077,7209
64,64,0.123484,0.337676,0.186441,0.185579,8.036443,14275,86413,7043,7142
64,64,0.124511,0.332166,0.186441,0.185579,7.853453,14216,86354,7102,7201
64,64,0.124938,0.329878,0.186441,0.185292,7.626370,14175,86346,7110,7242
64,64,0.123737,0.336322,0.186441,0.185292,8.961844,14244,86415,7041,7173
64,64,0.124076,0.334501,0.186441,0.184430,9.624034,14175,86445,7011,7242
64,64,0.123972,0.335061,0.186441,0.185579,9.382555,14247,86385,7071,7170
64,64,0.123475,0.337722,0.186441,0.185866,7.597873,14292,86397,7059,7125
64,64,0.126392,0.322081,0.186441,0.185579,7.510193,14108,86246,7210,7309
64,64,0.123145,0.339497,0.186441,0.185866,7.328779,14311,86416,7040,7106
64,64,0.125095,0.329038,0.186441,0.185292,9.656205,14166,86337,7119,7251
64,64,0.123127,0.339590,0.186441,0.184142,9.936448,14213,86516,6940,7204
64,64,0.123554,0.337302,0.186441,0.185004,8.081015,14238,86442,7014,7179
64,64,0.124198,0.333847,0.186441,0.183855,7.226059,14135,86471,6985,7282
64,64,0.125051,0.329271,0.186441,0.185004,8.006584,14152,86356,7100,7265
64,64,0.124146,0.334127,0.186441,0.185579,7.159355,14237,86375,7081,7180
64,64,0.124834,0.330438,0.186441,0.184717,10.417199,14148,86385,7071,7269
64,64,0.124686,0.331232,0.186441,0.185579,9.167657,14206,86344,7112,7211
64,64,0.124076,0.334501,0.186441,0.185579,7.648495,14241,86379,7077,7176
64,64,0.124050,0.334641,0.186441,0.185866,8.508487,14259,86364,7092,7158
64,64,0.124790,0.330672,0.186441,0.186153,10.564489,14233,86305,7151,7184
64,64,0.124433,0.332586,0.186441,0.185292,8.211511,14204,86375,7081,7213
64,64,0.123885,0.335528,0.186441,0.184430,7.549219,14186,86456,7000,7231
64,64,0.124799,0.330625,0.186441,0.185866,7.172176,14216,86321,7135,7201
64,64,0.123650,0.336789,0.186441,0.185292,8.262144,14249,86420,7036,7168
64,64,0.124468,0.332399,0.186441,0.186441,7.655872,14268,86307,7149,7149
64,64,0.123684,0.336602,0.186441,0.185292,8.524113,14247,86418,7038,7170
64,64,0.124424,0.332633,0.186441,0.185579,9.302829,14221,86359,7097,7196
64,64,0.123719,0.336415,0.186441,0.185292,8.334682,14245,86416,7040,7172
64,64,0.123684,0.336602,0.186441,0.185866,7.442777,14280,86385,7071,7137
64,64,0.124120,0.334267,0.186441,0.185292,11.089885,14222,86393,7063,7195
64,64,0.123684,0.336602,0.186441,0.185292,8.786188,14247,86418,7038,7170
64,64,0.124659,0.331372,0.186441,0.184717,10.607291,14158,86395,7061,7259
64,64,0.124198,0.333847,0.186441,0.185579,9.258362,14234,86372,7084,7183
64,64,0.123240,0.338983,0.186441,0.185004,8.008859,14256,86460,6996,7161
64,64,0.123589,0.337115,0.186441,0.185004,13.470811,14236,86440,7016,7181
64,64,0.123859,0.335668,0.186441,0.185292,9.174264,14237,86408,7048,7180
64,64,0.123449,0.337862,0.186441,0.185004,7.575146,14244,86448,7008,7173
64,64,0.125347,0.327684,0.186441,0.186153,7.715354,14201,86273,7183,7216
64,64,0.125173,0.328617,0.186441,0.185579,7.127021,14178,86316,7140,7239
64,64,0.123493,0.337629,0.186441,0.185292,9.310666,14258,86429,7027,7159
64,64,0.123789,0.336041,0.186441,0.184142,7.408555,14175,86478,6978,7242
64,64,0.124181,0.333940,0.186441,0.185579,12.004640,14235,86373,7083,7182
64,64,0.124625,0.331559,0.186441,0.184717,7.987940,14160,86397,7059,7257
64,64,0.125617,0.326236,0.186441,0.185292,8.887465,14136,86307,7149,7281
64,64,0.125652,0.326049,0.186441,0.185292,7.099656,14134,86305,7151,7283
64,64,0.123658,0.336742,0.186441,0.185579,7.524390,14265,86403,7053,7152
64,64,0.124215,0.333754,0.186441,0.184430,8.902146,14167,86437,7019,7250
64,64,0.124268,0.333473,0.186441,0.185004,9.081972,14197,86401,7055,7220
64,64,0.121909,0.346127,0.186441,0.184717,7.865836,14316,86553,6903,7101
64,64,0.123832,0.335808,0.186441,0.185004,9.425752,14222,86426,7030,7195
64,64,0.123676,0.336648,0.186441,0.185579,7.308758,14264,86402,7054,7153
64,64,0.125887,0.324789,0.186441,0.185579,8.031750,14137,86275,7181,7280
64,64,0.124738,0.330952,0.186441,0.185579,10.382422,14203,86341,7115,7214
64,64,0.124764,0.330812,0.186441,0.185866,8.944222,14218,86323,7133,7199
64,64,0.124433,0.332586,0.186441,0.185292,10.751743,14204,86375,7081,7213
64,64,0.123249,0.338936,0.186441,0.185292,14.300857,14272,86443,7013,7145
64,64,0.124041,0.334687,0.186441,0.184430,8.342731,14177,86447,7009,7240
64,64,0.123232,0.339030,0.186441,0.185292,9.916016,14273,86444,7012,7144
64,64,0.123771,0.336135,0.186441,0.185866,8.714774,14275,86380,7076,7142
64,64,0.125016,0.329458,0.186441,0.185579,9.290456,14187,86325,7131,7230
128,128,0.105569,0.433768,0.186441,0.186153,16.705709,15337,87409,6047,6080
128,128,0.103923,0.442592,0.186441,0.185866,14.244237,15415,87520,5936,6002
128,128,0.104959,0.437036,0.186441,0.186153,14.225596,15372,87444,6012,6045
128,128,0.104576,0.439090,0.186441,0.186153,15.047194,15394,87466,5990,6023
128,128,0.104864,0.437550,0.186441,0.185866,14.455100,15361,87466,5990,6056
128,128,0.104481,0.439604,0.186441,0.186441,16.645772,15416,87455,6001,6001
128,128,0.105247,0.435495,0.186441,0.186441,15.986991,15372,87411,6045,6045
128,128,0.104011,0.442125,0.186441,0.186441,16.378452,15443,87482,5974,5974
128,128,0.104167,0.441285,0.186441,0.186441,16.630212,15434,87473,5983,5983
128,128,0.104472,0.439651,0.186441,0.186153,13.746401,15400,87472,5984,6017
128,128,0.104019,0.442079,0.186441,0.186153,14.547934,15426,87498,5958,5991
128,128,0.104576,0.439090,0.186441,0.186153,15.968038,15394,87466,5990,6023
128,128,0.105560,0.433814,0.186441,0.186441,15.969009,15354,87393,6063,6063
128,128,0.104185,0.441192,0.186441,0.186441,12.993359,15433,87472,5984,5984
128,128,0.105316,0.435122,0.186441,0.185866,18.871265,15335,87440,6016,6082
128,128,0.104106,0.441612,0.186441,0.186153,16.436840,15421,87493,5963,5996
128,128,0.103784,0.443339,0.186441,0.185866,16.204412,15423,87528,5928,5994
128,128,0.105665,0.433254,0.186441,0.186441,14.898692,15348,87387,6069,6069
128,128,0.104742,0.438203,0.186441,0.186441,12.818483,15401,87440,6016,6016
128,128,0.104951,0.437083,0.186441,0.186441,13.727123,15389,87428,6028,6028
128,128,0.104594,0.438997,0.186441,0.186153,18.167787,15393,87465,5991,6024
128,128,0.105003,0.436803,0.186441,0.186441,12.898819,15386,87425,6031,6031
128,128,0.104202,0.441098,0.186441,0.186441,21.068615,15432,87471,5985,5985
128,128,0.105151,0.436009,0.186441,0.186153,13.736324,15361,87433,6023,6056
128,128,0.105020,0.436709,0.186441,0.186441,14.000101,15385,87424,6032,6032
128,128,0.105490,0.434188,0.186441,0.186441,15.445593,15358,87397,6059,6059
128,128,0.104542,0.439277,0.186441,0.186153,13.508625,15396,87468,5988,6021
128,128,0.105673,0.433207,0.186441,0.186153,14.796727,15331,87403,6053,6086
128,128,0.105691,0.433114,0.186441,0.186153,16.361577,15330,87402,6054,6087
128,128,0.105325,0.435075,0.186441,0.186153,14.313703,15351,87423,6033,6066
128,128,0.104550,0.439231,0.186441,0.186441,21.773320,15412,87451,6005,6005
128,128,0.104437,0.439838,0.186441,0.186153,14.764669,15402,87474,5982,6015
128,128,0.103558,0.444553,0.186441,0.185866,18.584364,15436,87541,5915,5981
128,128,0.105490,0.434188,0.186441,0.185866,13.228939,15325,87430,6026,6092
128,128,0.104324,0.440445,0.186441,0.186441,13.701038,15425,87464,5992,5992
128,128,0.104063,0.441845,0.186441,0.186441,14.943934,15440,87479,5977,5977
128,128,0.105299,0.435215,0.186441,0.186441,13.731136,15369,87408,6048,6048
128,128,0.105081,0.436382,0.186441,0.186153,16.991852,15365,87437,6019,6052
128,128,0.105960,0.431666,0.186441,0.185866,14.308129,15298,87403,6053,6119
128,128,0.104750,0.438157,0.186441,0.186153,15.091412,15384,87456,6000,6033
128,128,0.105090,0.436336,0.186441,0.186441,23.270381,15381,87420,6036,6036
128,128,0.104611,0.438904,0.186441,0.186153,14.071853,15392,87464,5992,6025
128,128,0.103967,0.442359,0.186441,0.186153,15.581644,15429,87501,5955,5988
128,128,0.104872,0.437503,0.186441,0.185579,12.906516,15344,87482,5974,6073
128,128,0.104394,0.440071,0.186441,0.186441,13.635300,15421,87460,5996,5996
128,128,0.105891,0.432040,0.186441,0.185866,14.131578,15302,87407,6049,6115
128,128,0.104925,0.437223,0.186441,0.186153,13.767936,15374,87446,6010,6043
128,128,0.105107,0.436242,0.186441,0.186441,13.723226,15380,87419,6037,6037
128,128,0.103758,0.443479,0.186441,0.186153,17.341183,15441,87513,5943,5976
128,128,0.104681,0.438530,0.186441,0.186153,15.370210,15388,87460,5996,6029
128,128,0.104515,0.439417,0.186441,0.186441,18.319104,15414,87453,6003,6003
128,128,0.105221,0.435635,0.186441,0.186153,15.602095,15357,87429,6027,6060
128,128,0.104655,0.438670,0.186441,0.185866,13.489230,15373,87478,5978,6044
128,128,0.104733,0.438250,0.186441,0.185579,17.032922,15352,87490,5966,6065
128,128,0.104986,0.436896,0.186441,0.186441,17.587772,15387,87426,6030,6030
128,128,0.105682,0.433161,0.186441,0.186441,13.345044,15347,87386,6070,6070
128,128,0.105560,0.433814,0.186441,0.185866,17.300056,15321,87426,6030,6096
128,128,0.104132,0.441472,0.186441,0.186441,16.462994,15436,87475,5981,5981
128,128,0.104359,0.440258,0.186441,0.186441,16.761221,15423,87462,5994,5994
128,128,0.105969,0.431620,0.186441,0.186153,16.906210,15314,87386,6070,6103
128,128,0.104855,0.437596,0.186441,0.186153,16.989091,15378,87450,6006,6039
128,128,0.104698,0.438437,0.186441,0.186153,17.939367,15387,87459,5997,6030
128,128,0.105464,0.434328,0.186441,0.186153,13.930840,15343,87415,6041,6074
128,128,0.105299,0.435215,0.186441,0.186441,14.076714,15369,87408,6048,6048
128,128,0.106248,0.430126,0.186441,0.186153,16.054616,15298,87370,6086,6119
128,128,0.105160,0.435962,0.186441,0.186441,23.870916,15377,87416,6040,6040
128,128,0.105421,0.434561,0.186441,0.186441,15.855382,15362,87401,6055,6055
128,128,0.104986,0.436896,0.186441,0.185866,14.506037,15354,87459,5997,6063
128,128,0.105290,0.435262,0.186441,0.186153,19.395176,15353,87425,6031,6064
128,128,0.104629,0.438810,0.186441,0.186153,15.511701,15391,87463,5993,6026
128,128,0.105038,0.436616,0.186441,0.186441,13.826702,15384,87423,6033,6033
128,128,0.104768,0.438063,0.186441,0.186153,13.477178,15383,87455,6001,6034
128,128,0.105438,0.434468,0.186441,0.185866,20.172523,15328,87433,6023,6089
128,128,0.104916,0.437269,0.186441,0.185866,23.703371,15358,87463,5993,6059
128,128,0.104568,0.439137,0.186441,0.185866,17.676709,15378,87483,5973,6039
128,128,0.104838,0.437690,0.186441,0.186153,16.533041,15379,87451,6005,6038
128,128,0.105342,0.434982,0.186441,0.185579,18.070265,15317,87455,6001,6100
128,128,0.104690,0.438483,0.186441,0.186441,14.920296,15404,87443,6013,6013
128,128,0.104228,0.440958,0.186441,0.186153,17.157314,15414,87486,5970,6003
128,128,0.104803,0.437876,0.186441,0.186153,15.427019,15381,87453,6003,6036
128,128,0.104202,0.441098,0.186441,0.185866,18.494296,15399,87504,5952,6018
128,128,0.105995,0.431480,0.186441,0.186441,17.353029,15329,87368,6088,6088
128,128,0.105221,0.435635,0.186441,0.186153,15.716702,15357,87429,6027,6060
128,128,0.104280,0.440678,0.186441,0.186153,16.685153,15411,87483,5973,6006
128,128,0.105020,0.436709,0.186441,0.186441,16.753684,15385,87424,6032,6032
128,128,0.105447,0.434421,0.186441,0.186153,18.667542,15344,87416,6040,6073
128,128,0.104481,0.439604,0.186441,0.185866,15.245685,15383,87488,5968,6034
128,128,0.105691,0.433114,0.186441,0.186153,13.646881,15330,87402,6054,6087
128,128,0.105116,0.436196,0.186441,0.186153,18.327684,15363,87435,6021,6054
128,128,0.106030,0.431293,0.186441,0.186441,18.390299,15327,87366,6090,6090
128,128,0.104568,0.439137,0.186441,0.186441,19.489937,15411,87450,6006,6006
128,128,0.103976,0.442312,0.186441,0.186441,14.870668,15445,87484,5972,5972
128,128,0.103627,0.444180,0.186441,0.186441,16.938297,15465,87504,5952,5952
128,128,0.105395,0.434701,0.186441,0.186153,18.499071,15347,87419,6037,6070
128,128,0.104202,0.441098,0.186441,0.186441,14.437199,15432,87471,5985,5985
128,128,0.105073,0.436429,0.186441,0.186441,16.518623,15382,87421,6035,6035
128,128,0.104698,0.438437,0.186441,0.186153,14.353127,15387,87459,5997,6030
128,128,0.105064,0.436476,0.186441,0.186153,15.894264,15366,87438,6018,6051
128,128,0.105351,0.434935,0.186441,0.186441,14.880686,15366,87405,6051,6051
128,128,0.105682,0.433161,0.186441,0.186441,19.889910,15347,87386,6070,6070
177,177,0.092345,0.504693,0.186441,0.186441,19.607478,16113,88152,5304,5304
177,177,0.092049,0.506280,0.186441,0.186441,25.881485,16130,88169,5287,5287
177,177,0.092476,0.503992,0.186441,0.186153,17.552475,16089,88161,5295,5328
177,177,0.092694,0.502825,0.186441,0.186441,17.214004,16093,88132,5324,5324
177,177,0.092903,0.501704,0.186441,0.186441,17.859053,16081,88120,5336,5336
177,177,0.092850,0.501984,0.186441,0.186441,18.690934,16084,88123,5333,5333
177,177,0.092015,0.506467,0.186441,0.186441,19.115281,16132,88171,5285,5285
177,177,0.093059,0.500864,0.186441,0.186441,17.470487,16072,88111,5345,5345
177,177,0.093199,0.500117,0.186441,0.186441,18.969134,16064,88103,5353,5353
177,177,0.092624,0.503198,0.186441,0.186441,20.134465,16097,88136,5320,5320
177,177,0.092624,0.503198,0.186441,0.186441,21.152395,16097,88136,5320,5320
177,177,0.092398,0.504412,0.186441,0.186441,26.901517,16110,88149,5307,5307
177,177,0.092728,0.502638,0.186441,0.186441,23.358420,16091,88130,5326,5326
177,177,0.092250,0.505206,0.186441,0.186153,19.926734,16102,88174,5282,5315
177,177,0.092589,0.503385,0.186441,0.186441,16.681579,16099,88138,5318,5318
177,177,0.092607,0.503292,0.186441,0.186441,18.181824,16098,88137,5319,5319
177,177,0.092084,0.506093,0.186441,0.186441,20.829230,16128,88167,5289,5289
177,177,0.092049,0.506280,0.186441,0.186441,18.274419,16130,88169,5287,5287
177,177,0.093425,0.498903,0.186441,0.186441,22.191854,16051,88090,5366,5366
177,177,0.092728,0.502638,0.186441,0.186441,19.089113,16091,88130,5326,5326
177,177,0.093129,0.500490,0.186441,0.185866,17.210786,16035,88140,5316,5382
177,177,0.092868,0.501891,0.186441,0.186441,26.397097,16083,88122,5334,5334
177,177,0.091841,0.507401,0.186441,0.186441,27.486924,16142,88181,5275,5275
177,177,0.092189,0.505533,0.186441,0.186441,17.709966,16122,88161,5295,5295
177,177,0.093225,0.499977,0.186441,0.186153,22.338809,16046,88118,5338,5371
177,177,0.092641,0.503105,0.186441,0.186441,22.346565,16096,88135,5321,5321
177,177,0.092415,0.504319,0.186441,0.186441,20.256380,16109,88148,5308,5308
177,177,0.092894,0.501751,0.186441,0.186153,18.138875,16065,88137,5319,5352
177,177,0.092311,0.504879,0.186441,0.186441,21.718904,16115,88154,5302,5302
177,177,0.092049,0.506280,0.186441,0.186441,17.807813,16130,88169,5287,5287
177,177,0.093199,0.500117,0.186441,0.186441,16.503256,16064,88103,5353,5353
177,177,0.092363,0.504599,0.186441,0.186441,21.872628,16112,88151,5305,5305
177,177,0.091823,0.507494,0.186441,0.186441,18.391633,16143,88182,5274,5274
177,177,0.092258,0.505159,0.186441,0.186441,21.779399,16118,88157,5299,5299
177,177,0.092450,0.504132,0.186441,0.186441,17.371049,16107,88146,5310,5310
177,177,0.092293,0.504973,0.186441,0.186441,23.819448,16116,88155,5301,5301
177,177,0.092972,0.501331,0.186441,0.186441,21.108721,16077,88116,5340,5340
177,177,0.091954,0.506794,0.186441,0.186153,20.430602,16119,88191,5265,5298
177,177,0.091632,0.508521,0.186441,0.186441,23.757124,16154,88193,5263,5263
177,177,0.092258,0.505159,0.186441,0.186441,26.121142,16118,88157,5299,5299
177,177,0.093181,0.500210,0.186441,0.186441,19.200600,16065,88104,5352,5352
177,177,0.092197,0.505486,0.186441,0.186153,20.415357,16105,88177,5279,5312
177,177,0.092746,0.502545,0.186441,0.186441,21.203560,16090,88129,5327,5327
177,177,0.091971,0.506700,0.186441,0.186153,18.026857,16118,88190,5266,5299
177,177,0.093233,0.499930,0.186441,0.186441,20.465941,16062,88101,5355,5355
177,177,0.092485,0.503945,0.186441,0.186441,18.354556,16105,88144,5312,5312
177,177,0.091693,0.508194,0.186441,0.186153,19.081108,16134,88206,5250,5283
177,177,0.092171,0.505626,0.186441,0.186441,25.887304,16123,88162,5294,5294
177,177,0.093129,0.500490,0.186441,0.186441,28.599210,16068,88107,5349,5349
177,177,0.092058,0.506233,0.186441,0.186153,25.203922,16113,88185,5271,5304
177,177,0.092763,0.502451,0.186441,0.186441,20.483777,16089,88128,5328,5328
177,177,0.092572,0.503479,0.186441,0.185866,19.038416,16067,88172,5284,5350
177,177,0.092102,0.506000,0.186441,0.185866,20.299810,16094,88199,5257,5323
177,177,0.092311,0.504879,0.186441,0.186441,18.028042,16115,88154,5302,5302
177,177,0.092659,0.503012,0.186441,0.186441,18.168619,16095,88134,5322,5322
177,177,0.092920,0.501611,0.186441,0.186441,16.258043,16080,88119,5337,5337
177,177,0.091701,0.508148,0.186441,0.186441,24.565482,16150,88189,5267,5267
177,177,0.093547,0.498249,0.186441,0.186441,23.848788,16044,88083,5373,5373
177,177,0.093094,0.500677,0.186441,0.186441,16.960656,16070,88109,5347,5347
177,177,0.091458,0.509455,0.186441,0.186441,18.732543,16164,88203,5253,5253
177,177,0.092084,0.506093,0.186441,0.186441,17.929070,16128,88167,5289,5289
177,177,0.092641,0.503105,0.186441,0.186441,17.676620,16096,88135,5321,5321
177,177,0.092520,0.503759,0.186441,0.186441,17.009112,16103,88142,5314,5314
177,177,0.093425,0.498903,0.186441,0.186441,21.879893,16051,88090,5366,5366
177,177,0.093016,0.501097,0.186441,0.186153,20.686388,16058,88130,5326,5359
177,177,0.092885,0.501798,0.186441,0.186441,16.640991,16082,88121,5335,5335
177,177,0.092406,0.504366,0.186441,0.186153,18.249243,16093,88165,5291,5324
177,177,0.092528,0.503712,0.186441,0.186153,20.372748,16086,88158,5298,5331
177,177,0.091571,0.508848,0.186441,0.186153,21.323150,16141,88213,5243,5276
177,177,0.092816,0.502171,0.186441,0.186441,23.548975,16086,88125,5331,5331
177,177,0.093094,0.500677,0.186441,0.186441,20.048950,16070,88109,5347,5347
177,177,0.092163,0.505673,0.186441,0.186153,21.758634,16107,88179,5277,5310
177,177,0.092798,0.502265,0.186441,0.186441,27.091788,16087,88126,5330,5330
177,177,0.093338,0.499370,0.186441,0.186441,18.349316,16056,88095,5361,5361
177,177,0.092171,0.505626,0.186441,0.186441,27.853717,16123,88162,5294,5294
177,177,0.093973,0.495961,0.186441,0.186153,21.736667,16003,88075,5381,5414
177,177,0.093112,0.500584,0.186441,0.185866,19.707864,16036,88141,5315,5381
177,177,0.092659,0.503012,0.186441,0.186441,21.522462,16095,88134,5322,5322
177,177,0.092293,0.504973,0.186441,0.186441,22.175655,16116,88155,5301,5301
177,177,0.093268,0.499743,0.186441,0.186441,16.775527,16060,88099,5357,5357
177,177,0.093138,0.500444,0.186441,0.186153,28.374224,16051,88123,5333,5366
177,177,0.092241,0.505253,0.186441,0.186441,20.966586,16119,88158,5298,5298
177,177,0.092546,0.503619,0.186441,0.186153,20.827237,16085,88157,5299,5332
177,177,0.092258,0.505159,0.186441,0.186441,28.902839,16118,88157,5299,5299
177,177,0.092398,0.504412,0.186441,0.186441,16.464252,16110,88149,5307,5307
177,177,0.092023,0.506420,0.186441,0.186153,21.802559,16115,88187,5269,5302
177,177,0.092102,0.506000,0.186441,0.186441,26.072371,16127,88166,5290,5290
177,177,0.091997,0.506560,0.186441,0.186441,25.513560,16133,88172,5284,5284
177,177,0.092241,0.505253,0.186441,0.186441,19.637938,16119,88158,5298,5298
177,177,0.091823,0.507494,0.186441,0.186441,20.304028,16143,88182,5274,5274
177,177,0.093268,0.499743,0.186441,0.186441,17.271054,16060,88099,5357,5357
177,177,0.092816,0.502171,0.186441,0.186441,20.949633,16086,88125,5331,5331
177,177,0.093059,0.500864,0.186441,0.186441,19.866257,16072,88111,5345,5345
177,177,0.092520,0.503759,0.186441,0.186441,19.878420,16103,88142,5314,5314
177,177,0.091841,0.507401,0.186441,0.186441,17.962187,16142,88181,5275,5275
177,177,0.093355,0.499276,0.186441,0.186441,20.179273,16055,88094,5362,5362
177,177,0.093007,0.501144,0.186441,0.186441,17.932927,16075,88114,5342,5342
177,177,0.092763,0.502451,0.186441,0.186441,18.250308,16089,88128,5328,5328
177,177,0.092554,0.503572,0.186441,0.186441,17.423296,16101,88140,5316,5316
177,177,0.092424,0.504272,0.186441,0.186153,19.528302,16092,88164,5292,5325
