1,1,0.261944,0.469032,0.493333,0.493025,8.030860,86821,90091,31357,31431
1,1,0.269307,0.454106,0.493333,0.492870,8.349100,85920,89227,32221,32332
1,1,0.243513,0.506393,0.493333,0.491790,9.892950,88882,92448,29000,29370
1,1,0.262249,0.468415,0.493333,0.492870,8.224918,86766,90073,31375,31486
1,1,0.301781,0.388281,0.493333,0.490401,10.281637,81732,85631,35817,36520
1,1,0.278440,0.435595,0.493333,0.487776,7.832411,84215,88743,32705,34037
1,1,0.367397,0.255277,0.493333,0.491018,8.145494,73942,77693,43755,44310
1,1,0.218490,0.557115,0.493333,0.493333,9.941867,92066,95262,26186,26186
1,1,0.282849,0.426657,0.493333,0.491327,7.779988,84112,87789,33659,34140
1,1,0.214001,0.566215,0.493333,0.493333,7.114814,92604,95800,25648,25648
1,1,0.247109,0.499104,0.493333,0.493333,7.335052,88636,91832,29616,29616
1,1,0.278782,0.434902,0.493333,0.492716,7.990778,84766,88110,33338,33486
1,1,0.304097,0.383588,0.493333,0.491790,7.144369,81621,85187,36261,36631
1,1,0.280726,0.430961,0.493333,0.493025,7.716315,84570,87840,33608,33682
1,1,0.252015,0.489159,0.493333,0.493333,10.195450,88048,91244,30204,30204
1,1,0.271335,0.449997,0.493333,0.492562,7.280484,85640,89021,32427,32612
1,1,0.269658,0.453396,0.493333,0.492870,10.925395,85878,89185,32263,32374
1,1,0.258444,0.476127,0.493333,0.492870,9.461266,87222,90529,30919,31030
1,1,0.271886,0.448880,0.493333,0.493179,8.088828,85648,88881,32567,32604
1,1,0.248260,0.496770,0.493333,0.493333,7.136847,88498,91694,29754,29754
1,1,0.212165,0.569935,0.493333,0.493333,7.573852,92824,96020,25428,25428
1,1,0.266633,0.459527,0.493333,0.493333,6.966254,86296,89492,31956,31956
1,1,0.251214,0.490782,0.493333,0.493333,7.196689,88144,91340,30108,30108
1,1,0.228231,0.537369,0.493333,0.493179,6.890790,90880,94113,27335,27372
1,1,0.283571,0.425194,0.493333,0.493333,7.288447,84266,87462,33986,33986
1,1,0.220409,0.553225,0.493333,0.493333,8.939746,91836,95032,26416,26416
1,1,0.276375,0.439781,0.493333,0.493179,7.849822,85110,88343,33105,33142
1,1,0.267718,0.457328,0.493333,0.493333,14.566603,86166,89362,32086,32086
1,1,0.249829,0.493590,0.493333,0.493333,11.384193,88310,91506,29942,29942
1,1,0.243513,0.506393,0.493333,0.491790,7.344018,88882,92448,29000,29370
1,1,0.243746,0.505920,0.493333,0.492098,7.586179,88891,92383,29065,29361
1,1,0.252849,0.487467,0.493333,0.492716,7.793437,87874,91218,30230,30378
1,1,0.238202,0.517158,0.493333,0.492253,8.835408,89574,93029,28419,28678
1,1,0.335269,0.320401,0.493333,0.478824,7.663991,76331,83005,38443,41921
1,1,0.257889,0.477252,0.493333,0.493333,9.221847,87344,90540,30908,30908
1,1,0.256788,0.479484,0.493333,0.493333,14.677137,87476,90672,30776,30776
1,1,0.278753,0.434961,0.493333,0.492562,7.682851,84751,88132,33316,33501
1,1,0.278348,0.435781,0.493333,0.492407,10.975007,84781,88199,33249,33471
1,1,0.269854,0.452999,0.493333,0.493333,7.313735,85910,89106,32342,32342
1,1,0.264844,0.463155,0.493333,0.493179,9.069379,86492,89725,31723,31760
1,1,0.229658,0.534477,0.493333,0.492253,7.012935,90598,94053,27395,27654
1,1,0.347760,0.295082,0.493333,0.479132,9.953298,74871,81471,39977,43381
1,1,0.283767,0.424796,0.493333,0.491018,9.193938,83965,87716,33732,34287
1,1,0.280267,0.431891,0.493333,0.493333,11.800787,84662,87858,33590,33590
1,1,0.259541,0.473903,0.493333,0.493333,8.269695,87146,90342,31106,31106
1,1,0.250029,0.493184,0.493333,0.493333,8.095568,88286,91482,29966,29966
1,1,0.285941,0.420390,0.493333,0.492098,10.862028,83834,87326,34122,34418
1,1,0.291606,0.408906,0.493333,0.493025,8.579648,83266,86536,34912,34986
1,1,0.265465,0.461895,0.493333,0.490246,10.494397,86066,90002,31446,32186
1,1,0.239979,0.513556,0.493333,0.493179,7.352486,89472,92705,28743,28780
1,1,0.228114,0.537606,0.493333,0.493179,8.019353,90894,94127,27321,27358
1,1,0.282562,0.427240,0.493333,0.492407,14.002457,84276,87694,33754,33976
1,1,0.297856,0.396239,0.493333,0.487468,8.750560,81851,86453,34995,36401
1,1,0.242466,0.508516,0.493333,0.493179,7.260999,89174,92407,29041,29078
1,1,0.224426,0.545082,0.493333,0.492562,7.625404,91262,94643,26805,26990
1,1,0.226350,0.541183,0.493333,0.493333,8.415418,91124,94320,27128,27128
1,1,0.313504,0.364518,0.493333,0.478669,7.207739,78921,85632,35816,39331
1,1,0.229804,0.534181,0.493333,0.493333,8.163226,90710,93906,27542,27542
1,1,0.260734,0.471485,0.493333,0.493025,7.291821,86966,90236,31212,31286
1,1,0.264727,0.463392,0.493333,0.489783,7.110737,86099,90146,31302,32153
1,1,0.294418,0.403207,0.493333,0.490555,7.068969,82633,86495,34953,35619
1,1,0.254635,0.483848,0.493333,0.493333,7.216755,87734,90930,30518,30518
1,1,0.289691,0.412788,0.493333,0.493179,10.949691,83514,86747,34701,34738
1,1,0.206158,0.582113,0.493333,0.493333,7.256203,93544,96740,24708,24708
1,1,0.248995,0.495281,0.493333,0.493333,7.574127,88410,91606,29842,29842
1,1,0.253605,0.485937,0.493333,0.491018,8.931850,87580,91331,30117,30672
1,1,0.286859,0.418530,0.493333,0.493333,7.445399,83872,87068,34380,34380
1,1,0.330976,0.329102,0.493333,0.490709,7.703142,78270,82095,39353,39982
1,1,0.304368,0.383038,0.493333,0.491018,14.606416,81496,85247,36201,36756
1,1,0.293429,0.405211,0.493333,0.491635,6.923100,82881,86484,34964,35371
1,1,0.308031,0.375613,0.493333,0.491635,7.081711,81131,84734,36714,37121
1,1,0.219124,0.555830,0.493333,0.493333,7.268664,91990,95186,26262,26262
1,1,0.279604,0.433236,0.493333,0.492870,8.508463,84686,87993,33455,33566
1,1,0.259587,0.473810,0.493333,0.492870,14.416454,87085,90392,31056,31167
1,1,0.303609,0.384577,0.493333,0.488548,12.567270,81291,85634,35814,36961
1,1,0.233684,0.526317,0.493333,0.493025,12.956400,90208,93478,27970,28044
1,1,0.241548,0.510376,0.493333,0.493179,9.621563,89284,92517,28931,28968
1,1,0.283725,0.424881,0.493333,0.490401,9.499184,83896,87795,33653,34356
1,1,0.253605,0.485937,0.493333,0.491018,10.885145,87580,91331,30117,30672
1,1,0.242983,0.507467,0.493333,0.493179,7.689919,89112,92345,29103,29140
1,1,0.213433,0.567365,0.493333,0.493333,13.607258,92672,95868,25580,25580
1,1,0.227781,0.538283,0.493333,0.493179,12.725460,90934,94167,27281,27318
1,1,0.218824,0.556439,0.493333,0.493333,11.866033,92026,95222,26226,26226
1,1,0.286291,0.419680,0.493333,0.489629,9.025966,83496,87580,33868,34756
1,1,0.272315,0.448009,0.493333,0.493025,10.036118,85578,88848,32600,32674
1,1,0.309583,0.372467,0.493333,0.490092,8.461623,80760,84733,36715,37492
1,1,0.243279,0.506867,0.493333,0.492716,9.372869,89021,92365,29083,29231
1,1,0.273738,0.445126,0.493333,0.493179,9.810714,85426,88659,32789,32826
1,1,0.260793,0.471366,0.493333,0.493333,10.238419,86996,90192,31256,31256
1,1,0.279583,0.433278,0.493333,0.493333,6.959912,84744,87940,33508,33508
1,1,0.327101,0.336958,0.493333,0.492407,13.187847,78938,82356,39092,39314
1,1,0.267480,0.457810,0.493333,0.493179,12.114838,86176,89409,32039,32076
1,1,0.262386,0.468136,0.493333,0.493025,13.376602,86768,90038,31410,31484
1,1,0.263780,0.465311,0.493333,0.493333,9.238019,86638,89834,31614,31614
1,1,0.281297,0.429802,0.493333,0.493179,12.574949,84520,87753,33695,33732
1,1,0.356466,0.277433,0.493333,0.467247,15.746584,72403,81852,39596,45849
1,1,0.318590,0.354210,0.493333,0.489011,10.815203,79551,83783,37665,38701
1,1,0.271164,0.450343,0.493333,0.490555,10.323879,85420,89282,32166,32832
1,1,0.240184,0.513141,0.493333,0.492716,9.404241,89392,92736,28712,28860
1,1,0.278732,0.435003,0.493333,0.493333,12.162020,84846,88042,33406,33406
2,2,0.248911,0.495450,0.493333,0.493333,15.074680,88420,91616,29832,29832
2,2,0.205891,0.582654,0.493333,0.493333,12.169535,93576,96772,24676,24676
2,2,0.212482,0.569293,0.493333,0.493333,12.936676,92786,95982,25466,25466
2,2,0.205907,0.582620,0.493333,0.493333,16.674164,93574,96770,24678,24678
2,2,0.208919,0.576515,0.493333,0.493333,12.416634,93213,96409,25039,25039
2,2,0.218023,0.558062,0.493333,0.493333,11.642144,92122,95318,26130,26130
2,2,0.237255,0.519078,0.493333,0.493333,12.522215,89817,93013,28435,28435
2,2,0.206775,0.580861,0.493333,0.493333,19.397524,93470,96666,24782,24782
2,2,0.200317,0.593952,0.493333,0.493333,13.514619,94244,97440,24008,24008
2,2,0.205665,0.583111,0.493333,0.493333,17.147717,93603,96799,24649,24649
2,2,0.211539,0.571204,0.493333,0.493333,12.705520,92899,96095,25353,25353
2,2,0.233408,0.526875,0.493333,0.493333,15.918710,90278,93474,27974,27974
2,2,0.251214,0.490782,0.493333,0.493333,11.768322,88144,91340,30108,30108
2,2,0.247639,0.498030,0.493333,0.492562,11.895746,88480,91861,29587,29772
2,2,0.247126,0.499070,0.493333,0.493333,11.438115,88634,91830,29618,29618
2,2,0.218557,0.556980,0.493333,0.493333,11.005143,92058,95254,26194,26194
2,2,0.225181,0.543551,0.493333,0.493333,10.343935,91264,94460,26988,26988
2,2,0.210530,0.573250,0.493333,0.493333,10.426703,93020,96216,25232,25232
2,2,0.275870,0.440804,0.493333,0.493333,17.834007,85189,88385,33063,33063
2,2,0.213692,0.566840,0.493333,0.493333,12.279281,92641,95837,25611,25611
2,2,0.206158,0.582113,0.493333,0.493333,10.684706,93544,96740,24708,24708
2,2,0.220584,0.552870,0.493333,0.493333,10.181771,91815,95011,26437,26437
2,2,0.216229,0.561699,0.493333,0.493333,11.222842,92337,95533,25915,25915
2,2,0.204038,0.586409,0.493333,0.493333,10.747829,93798,96994,24454,24454
2,2,0.229020,0.535771,0.493333,0.493333,14.499476,90804,94000,27448,27448
2,2,0.208861,0.576633,0.493333,0.493333,11.287322,93220,96416,25032,25032
2,2,0.211681,0.570916,0.493333,0.493333,10.862875,92882,96078,25370,25370
2,2,0.234994,0.523661,0.493333,0.493333,10.834448,90088,93284,28164,28164
2,2,0.248235,0.496820,0.493333,0.493025,15.222538,88464,91734,29714,29788
2,2,0.258189,0.476643,0.493333,0.493333,14.924672,87308,90504,30944,30944
2,2,0.255786,0.481514,0.493333,0.493333,12.344202,87596,90792,30656,30656
2,2,0.241035,0.511416,0.493333,0.493333,20.448647,89364,92560,28888,28888
2,2,0.221560,0.550891,0.493333,0.493333,13.453766,91698,94894,26554,26554
2,2,0.208594,0.577174,0.493333,0.493333,12.713756,93252,96448,25000,25000
2,2,0.220426,0.553191,0.493333,0.493333,12.250920,91834,95030,26418,26418
2,2,0.234743,0.524169,0.493333,0.493333,10.317816,90118,93314,28134,28134
2,2,0.224589,0.544752,0.493333,0.493333,15.607344,91335,94531,26917,26917
2,2,0.213075,0.568092,0.493333,0.493333,13.798313,92715,95911,25537,25537
2,2,0.204222,0.586037,0.493333,0.493333,12.230966,93776,96972,24476,24476
2,2,0.254643,0.483831,0.493333,0.493333,12.905901,87733,90929,30519,30519
2,2,0.221844,0.550316,0.493333,0.493333,12.147053,91664,94860,26588,26588
2,2,0.224464,0.545006,0.493333,0.493333,11.638663,91350,94546,26902,26902
2,2,0.211214,0.571863,0.493333,0.493333,11.553120,92938,96134,25314,25314
2,2,0.223830,0.546291,0.493333,0.493333,11.083966,91426,94622,26826,26826
2,2,0.236241,0.521133,0.493333,0.493179,10.275778,89920,93153,28295,28332
2,2,0.224197,0.545547,0.493333,0.493333,10.570433,91382,94578,26870,26870
2,2,0.255661,0.481768,0.493333,0.493333,11.057765,87611,90807,30641,30641
2,2,0.226692,0.540490,0.493333,0.493333,14.558766,91083,94279,27169,27169
2,2,0.205574,0.583297,0.493333,0.493333,11.591472,93614,96810,24638,24638
2,2,0.227847,0.538147,0.493333,0.493179,10.427800,90926,94159,27289,27326
2,2,0.234902,0.523847,0.493333,0.493025,11.388013,90062,93332,28116,28190
2,2,0.221243,0.551534,0.493333,0.493333,10.459532,91736,94932,26516,26516
2,2,0.203271,0.587965,0.493333,0.493333,12.845892,93890,97086,24362,24362
2,2,0.198415,0.597808,0.493333,0.493333,15.499257,94472,97668,23780,23780
2,2,0.223805,0.546342,0.493333,0.493333,14.454313,91429,94625,26823,26823
2,2,0.220442,0.553158,0.493333,0.493333,10.754414,91832,95028,26420,26420
2,2,0.260918,0.471113,0.493333,0.493333,14.330710,86981,90177,31271,31271
2,2,0.230271,0.533234,0.493333,0.493333,11.380858,90654,93850,27598,27598
2,2,0.231364,0.531019,0.493333,0.493333,16.046840,90523,93719,27729,27729
2,2,0.270605,0.451477,0.493333,0.493333,11.052051,85820,89016,32432,32432
2,2,0.269587,0.453540,0.493333,0.493333,14.690681,85942,89138,32310,32310
2,2,0.270113,0.452474,0.493333,0.493333,12.049645,85879,89075,32373,32373
2,2,0.242103,0.509251,0.493333,0.493333,12.445136,89236,92432,29016,29016
2,2,0.195044,0.604641,0.493333,0.493333,12.760203,94876,98072,23376,23376
2,2,0.212799,0.568650,0.493333,0.493333,11.557194,92748,95944,25504,25504
2,2,0.201836,0.590874,0.493333,0.493333,13.225138,94062,97258,24190,24190
2,2,0.207217,0.579965,0.493333,0.493333,11.141704,93417,96613,24835,24835
2,2,0.252232,0.488719,0.493333,0.493333,11.799498,88022,91218,30230,30230
2,2,0.205315,0.583821,0.493333,0.493333,12.514367,93645,96841,24607,24607
2,2,0.258490,0.476034,0.493333,0.493333,18.465425,87272,90468,30980,30980
2,2,0.264848,0.463147,0.493333,0.493333,11.650359,86510,89706,31742,31742
2,2,0.222203,0.549589,0.493333,0.493333,10.831073,91621,94817,26631,26631
2,2,0.241243,0.510993,0.493333,0.493333,12.082732,89339,92535,28913,28913
2,2,0.249287,0.494689,0.493333,0.493333,11.822610,88375,91571,29877,29877
2,2,0.298824,0.394277,0.493333,0.492716,13.569006,82364,85708,35740,35888
2,2,0.203947,0.586595,0.493333,0.493333,11.141930,93809,97005,24443,24443
2,2,0.246942,0.499442,0.493333,0.493333,14.283682,88656,91852,29596,29596
2,2,0.233972,0.525733,0.493333,0.493179,10.734529,90192,93425,28023,28060
2,2,0.225115,0.543686,0.493333,0.493333,11.474038,91272,94468,26980,26980
2,2,0.237021,0.519551,0.493333,0.492716,16.870404,89771,93115,28333,28481
2,2,0.247977,0.497345,0.493333,0.493333,16.169911,88532,91728,29720,29720
2,2,0.192858,0.609072,0.493333,0.493333,12.075278,95138,98334,23114,23114
2,2,0.201168,0.592227,0.493333,0.493333,14.221345,94142,97338,24110,24110
2,2,0.208557,0.577250,0.493333,0.493179,13.945517,93238,96471,24977,25014
2,2,0.220192,0.553665,0.493333,0.493333,12.833963,91862,95058,26390,26390
2,2,0.213275,0.567686,0.493333,0.493333,12.434600,92691,95887,25561,25561
2,2,0.212950,0.568346,0.493333,0.493333,14.173166,92730,95926,25522,25522
2,2,0.235928,0.521767,0.493333,0.493333,12.968353,89976,93172,28276,28276
2,2,0.213659,0.566908,0.493333,0.493333,12.079971,92645,95841,25607,25607
2,2,0.239562,0.514401,0.493333,0.493179,12.338813,89522,92755,28693,28730
2,2,0.215081,0.564024,0.493333,0.493179,14.528514,92456,95689,25759,25796
2,2,0.292165,0.407773,0.493333,0.492716,15.194859,83162,86506,34942,35090
2,2,0.250121,0.492998,0.493333,0.493333,16.027288,88275,91471,29977,29977
2,2,0.222094,0.549809,0.493333,0.493333,11.540010,91634,94830,26618,26618
2,2,0.250338,0.492558,0.493333,0.493333,13.454500,88249,91445,30003,30003
2,2,0.215136,0.563914,0.493333,0.493333,12.722845,92468,95664,25784,25784
2,2,0.230747,0.532270,0.493333,0.493333,11.771574,90597,93793,27655,27655
2,2,0.226416,0.541048,0.493333,0.493333,13.854864,91116,94312,27136,27136
2,2,0.226366,0.541149,0.493333,0.493333,15.402766,91122,94318,27130,27130
2,2,0.252161,0.488863,0.493333,0.493179,12.967782,88012,91245,30203,30240
4,4,0.182295,0.630484,0.493333,0.493333,18.990142,96404,99600,21848,21848
4,4,0.198473,0.597690,0.493333,0.493333,18.485749,94465,97661,23787,23787
4,4,0.188652,0.617596,0.493333,0.493333,29.064370,95642,98838,22610,22610
4,4,0.183162,0.628725,0.493333,0.493333,18.439624,96300,99496,21952,21952
4,4,0.207943,0.578493,0.493333,0.493333,24.721433,93330,96526,24922,24922
4,4,0.190830,0.613182,0.493333,0.493333,25.011543,95381,98577,22871,22871
4,4,0.183237,0.628573,0.493333,0.493333,19.457678,96291,99487,21961,21961
4,4,0.203012,0.588489,0.493333,0.493333,19.224099,93921,97117,24331,24331
4,4,0.186900,0.621148,0.493333,0.493333,18.531180,95852,99048,22400,22400
4,4,0.188043,0.618831,0.493333,0.493333,21.802576,95715,98911,22537,22537
4,4,0.170446,0.654501,0.493333,0.493333,20.940569,97824,101020,20428,20428
4,4,0.182161,0.630755,0.493333,0.493333,19.415702,96420,99616,21832,21832
4,4,0.160684,0.674289,0.493333,0.493333,21.375759,98994,102190,19258,19258
4,4,0.194018,0.606721,0.493333,0.493333,23.054707,94999,98195,23253,23253
4,4,0.204622,0.585225,0.493333,0.493333,21.277136,93728,96924,24524,24524
4,4,0.185448,0.624091,0.493333,0.493333,24.042960,96026,99222,22226,22226
4,4,0.181994,0.631093,0.493333,0.493333,18.663143,96440,99636,21812,21812
4,4,0.191882,0.611051,0.493333,0.493333,18.492437,95255,98451,22997,22997
4,4,0.202445,0.589639,0.493333,0.493333,30.698780,93989,97185,24263,24263
4,4,0.189212,0.616463,0.493333,0.493333,22.364808,95575,98771,22677,22677
4,4,0.184656,0.625698,0.493333,0.493333,20.667190,96121,99317,22131,22131
4,4,0.197722,0.599212,0.493333,0.493333,31.778159,94555,97751,23697,23697
4,4,0.199391,0.595829,0.493333,0.493333,17.961897,94355,97551,23897,23897
4,4,0.179266,0.636623,0.493333,0.493333,21.992524,96767,99963,21485,21485
4,4,0.190905,0.613030,0.493333,0.493333,25.358499,95372,98568,22880,22880
4,4,0.208310,0.577749,0.493333,0.493333,22.140673,93286,96482,24966,24966
4,4,0.188594,0.617715,0.493333,0.493333,19.591306,95649,98845,22603,22603
4,4,0.178548,0.638078,0.493333,0.493333,17.202097,96853,100049,21399,21399
4,4,0.181385,0.632328,0.493333,0.493333,27.281994,96513,99709,21739,21739
4,4,0.191206,0.612421,0.493333,0.493333,17.242236,95336,98532,22916,22916
4,4,0.182511,0.630044,0.493333,0.493333,23.457979,96378,99574,21874,21874
4,4,0.193559,0.607651,0.493333,0.493333,20.341277,95054,98250,23198,23198
4,4,0.200843,0.592886,0.493333,0.493333,18.278603,94181,97377,24071,24071
4,4,0.193292,0.608193,0.493333,0.493333,20.395807,95086,98282,23166,23166
4,4,0.195703,0.603305,0.493333,0.493333,19.097517,94797,97993,23455,23455
4,4,0.191264,0.612303,0.493333,0.493333,19.537313,95329,98525,22923,22923
4,4,0.183563,0.627913,0.493333,0.493333,19.003986,96252,99448,22000,22000
4,4,0.168302,0.658847,0.493333,0.493333,16.911766,98081,101277,20171,20171
4,4,0.207376,0.579643,0.493333,0.493333,20.771339,93398,96594,24854,24854
4,4,0.202862,0.588793,0.493333,0.493333,18.678947,93939,97135,24313,24313
4,4,0.177931,0.639330,0.493333,0.493333,18.727835,96927,100123,21325,21325
4,4,0.174568,0.646146,0.493333,0.493333,18.134263,97330,100526,20922,20922
4,4,0.179232,0.636691,0.493333,0.493333,20.377829,96771,99967,21481,21481
4,4,0.206967,0.580472,0.493333,0.493333,18.863834,93447,96643,24805,24805
4,4,0.180551,0.634019,0.493333,0.493333,20.063206,96613,99809,21639,21639
4,4,0.188811,0.617275,0.493333,0.493333,17.588947,95623,98819,22629,22629
4,4,0.191214,0.612404,0.493333,0.493333,18.495934,95335,98531,22917,22917
4,4,0.187902,0.619118,0.493333,0.493333,17.677855,95732,98928,22520,22520
4,4,0.178682,0.637807,0.493333,0.493333,16.260771,96837,100033,21415,21415
4,4,0.180334,0.634459,0.493333,0.493333,17.021214,96639,99835,21613,21613
4,4,0.198056,0.598535,0.493333,0.493333,18.140275,94515,97711,23737,23737
4,4,0.194468,0.605808,0.493333,0.493333,22.767404,94945,98141,23307,23307
4,4,0.202228,0.590079,0.493333,0.493025,18.899539,93978,97248,24200,24274
4,4,0.169679,0.656057,0.493333,0.493333,16.781390,97916,101112,20336,20336
4,4,0.222186,0.549623,0.493333,0.493333,17.420663,91623,94819,26629,26629
4,4,0.181869,0.631347,0.493333,0.493333,22.182742,96455,99651,21797,21797
4,4,0.181786,0.631516,0.493333,0.493333,20.988268,96465,99661,21787,21787
4,4,0.177822,0.639549,0.493333,0.493333,19.962051,96940,100136,21312,21312
4,4,0.185015,0.624970,0.493333,0.493333,18.839671,96078,99274,22174,22174
4,4,0.194610,0.605520,0.493333,0.493333,19.366811,94928,98124,23324,23324
4,4,0.179441,0.636268,0.493333,0.493333,22.597868,96746,99942,21506,21506
4,4,0.182061,0.630958,0.493333,0.493333,21.728532,96432,99628,21820,21820
4,4,0.181911,0.631262,0.493333,0.493333,23.272896,96450,99646,21802,21802
4,4,0.185315,0.624362,0.493333,0.493333,24.216509,96042,99238,22210,22210
4,4,0.181060,0.632987,0.493333,0.493333,23.381459,96552,99748,21700,21700
4,4,0.173450,0.648412,0.493333,0.493333,17.770760,97464,100660,20788,20788
4,4,0.194894,0.604945,0.493333,0.493333,19.354879,94894,98090,23358,23358
4,4,0.224622,0.544684,0.493333,0.493333,18.097536,91331,94527,26921,26921
4,4,0.179658,0.635829,0.493333,0.493333,20.687699,96720,99916,21532,21532
4,4,0.195002,0.604726,0.493333,0.493333,22.711610,94881,98077,23371,23371
4,4,0.200367,0.593850,0.493333,0.493333,18.678444,94238,97434,24014,24014
4,4,0.186116,0.622738,0.493333,0.493333,17.067367,95946,99142,22306,22306
4,4,0.183563,0.627913,0.493333,0.493333,19.188331,96252,99448,22000,22000
4,4,0.198340,0.597960,0.493333,0.493333,16.707178,94481,97677,23771,23771
4,4,0.185657,0.623668,0.493333,0.493333,19.519456,96001,99197,22251,22251
4,4,0.188527,0.617850,0.493333,0.493333,19.012920,95657,98853,22595,22595
4,4,0.187660,0.619609,0.493333,0.493333,21.019561,95761,98957,22491,22491
4,4,0.214451,0.565301,0.493333,0.493333,31.033796,92550,95746,25702,25702
4,4,0.191681,0.611457,0.493333,0.493333,18.152613,95279,98475,22973,22973
4,4,0.198381,0.597876,0.493333,0.493333,17.358422,94476,97672,23776,23776
4,4,0.188335,0.618239,0.493333,0.493333,20.151187,95680,98876,22572,22572
4,4,0.203930,0.586629,0.493333,0.493333,21.639884,93811,97007,24441,24441
4,4,0.187977,0.618966,0.493333,0.493333,21.684639,95723,98919,22529,22529
4,4,0.180960,0.633190,0.493333,0.493333,22.018309,96564,99760,21688,21688
4,4,0.168744,0.657951,0.493333,0.493333,22.183061,98028,101224,20224,20224
4,4,0.196838,0.601005,0.493333,0.493333,22.770316,94661,97857,23591,23591
4,4,0.198607,0.597419,0.493333,0.493333,28.415368,94449,97645,23803,23803
4,4,0.198506,0.597622,0.493333,0.493333,20.924886,94461,97657,23791,23791
4,4,0.180292,0.634543,0.493333,0.493333,24.190290,96644,99840,21608,21608
4,4,0.194360,0.606028,0.493333,0.493333,23.120447,94958,98154,23294,23294
4,4,0.184030,0.626966,0.493333,0.493333,20.811791,96196,99392,22056,22056
4,4,0.187635,0.619660,0.493333,0.493333,17.179873,95764,98960,22488,22488
4,4,0.192941,0.608903,0.493333,0.493333,22.092998,95128,98324,23124,23124
4,4,0.166792,0.661908,0.493333,0.493333,20.442559,98262,101458,19990,19990
4,4,0.175770,0.643710,0.493333,0.493333,31.780890,97186,100382,21066,21066
4,4,0.195144,0.604438,0.493333,0.493333,24.446010,94864,98060,23388,23388
4,4,0.199282,0.596049,0.493333,0.493333,20.245417,94368,97564,23884,23884
4,4,0.177664,0.639871,0.493333,0.493333,16.640754,96959,100155,21293,21293
4,4,0.189036,0.616818,0.493333,0.493333,20.233554,95596,98792,22656,22656
4,4,0.189620,0.615634,0.493333,0.493333,22.936425,95526,98722,22726,22726
8,8,0.149445,0.697071,0.493333,0.493333,39.458883,100341,103537,17911,17911
8,8,0.158949,0.677807,0.493333,0.493333,38.676079,99202,102398,19050,19050
8,8,0.162912,0.669773,0.493333,0.493333,34.146538,98727,101923,19525,19525
8,8,0.170013,0.655380,0.493333,0.493333,37.311129,97876,101072,20376,20376
8,8,0.161719,0.672192,0.493333,0.493333,40.475797,98870,102066,19382,19382
8,8,0.156245,0.683287,0.493333,0.493333,38.684440,99526,102722,18726,18726
8,8,0.153559,0.688733,0.493333,0.493333,54.188689,99848,103044,18404,18404
8,8,0.161844,0.671938,0.493333,0.493333,36.802929,98855,102051,19397,19397
8,8,0.161669,0.672293,0.493333,0.493333,36.088705,98876,102072,19376,19376
8,8,0.154785,0.686246,0.493333,0.493333,38.068835,99701,102897,18551,18551
8,8,0.160117,0.675439,0.493333,0.493333,38.669040,99062,102258,19190,19190
8,8,0.172365,0.650611,0.493333,0.493333,37.470327,97594,100790,20658,20658
8,8,0.157514,0.680716,0.493333,0.493333,33.289534,99374,102570,18878,18878
8,8,0.172449,0.650441,0.493333,0.493333,40.784451,97584,100780,20668,20668
8,8,0.168953,0.657528,0.493333,0.493333,36.778547,98003,101199,20249,20249
8,8,0.154593,0.686635,0.493333,0.493333,32.494011,99724,102920,18528,18528
8,8,0.159625,0.676437,0.493333,0.493333,36.647218,99121,102317,19131,19131
8,8,0.157547,0.680648,0.493333,0.493333,34.732231,99370,102566,18882,18882
8,8,0.160776,0.674103,0.493333,0.493333,35.325024,98983,102179,19269,19269
8,8,0.168661,0.658120,0.493333,0.493333,34.964515,98038,101234,20214,20214
8,8,0.154743,0.686331,0.493333,0.493333,38.023652,99706,102902,18546,18546
8,8,0.152858,0.690153,0.493333,0.493333,36.331896,99932,103128,18320,18320
8,8,0.161552,0.672530,0.493333,0.493333,33.360022,98890,102086,19362,19362
8,8,0.158907,0.677891,0.493333,0.493333,34.412346,99207,102403,19045,19045
8,8,0.161477,0.672682,0.493333,0.493333,40.832952,98899,102095,19353,19353
8,8,0.174259,0.646771,0.493333,0.493333,38.732647,97367,100563,20885,20885
8,8,0.181969,0.631144,0.493333,0.493333,35.585191,96443,99639,21809,21809
8,8,0.160083,0.675507,0.493333,0.493333,34.037264,99066,102262,19186,19186
8,8,0.150688,0.694551,0.493333,0.493333,32.741672,100192,103388,18060,18060
8,8,0.156446,0.682881,0.493333,0.493333,38.031695,99502,102698,18750,18750
8,8,0.162912,0.669773,0.493333,0.493333,33.457332,98727,101923,19525,19525
8,8,0.161168,0.673308,0.493333,0.493333,42.109472,98936,102132,19316,19316
8,8,0.146174,0.703701,0.493333,0.493333,34.119934,100733,103929,17519,17519
8,8,0.158765,0.678179,0.493333,0.493333,44.694633,99224,102420,19028,19028
8,8,0.141085,0.714018,0.493333,0.493333,46.468283,101343,104539,16909,16909
8,8,0.166617,0.662264,0.493333,0.493333,37.404429,98283,101479,19969,19969
8,8,0.155019,0.685773,0.493333,0.493333,35.962019,99673,102869,18579,18579
8,8,0.158807,0.678094,0.493333,0.493333,32.244844,99219,102415,19033,19033
8,8,0.156103,0.683574,0.493333,0.493333,35.249946,99543,102739,18709,18709
8,8,0.155861,0.684065,0.493333,0.493333,32.805779,99572,102768,18680,18680
8,8,0.159015,0.677671,0.493333,0.493333,42.693233,99194,102390,19058,19058
8,8,0.155895,0.683997,0.493333,0.493333,34.955864,99568,102764,18684,18684
8,8,0.169754,0.655904,0.493333,0.493333,34.757453,97907,101103,20345,20345
8,8,0.151990,0.691912,0.493333,0.493333,33.625487,100036,103232,18216,18216
8,8,0.154485,0.686855,0.493333,0.493333,30.012143,99737,102933,18515,18515
8,8,0.167459,0.660555,0.493333,0.493333,39.497921,98182,101378,20070,20070
8,8,0.152749,0.690373,0.493333,0.493333,42.078239,99945,103141,18307,18307
8,8,0.175286,0.644691,0.493333,0.493333,32.647965,97244,100440,21008,21008
8,8,0.163972,0.667625,0.493333,0.493333,40.345052,98600,101796,19652,19652
8,8,0.157555,0.680631,0.493333,0.493333,45.059851,99369,102565,18883,18883
8,8,0.163196,0.669198,0.493333,0.493333,39.393936,98693,101889,19559,19559
8,8,0.152207,0.691472,0.493333,0.493333,44.962478,100010,103206,18242,18242
8,8,0.168160,0.659135,0.493333,0.493333,35.440757,98098,101294,20154,20154
8,8,0.171998,0.651355,0.493333,0.493333,33.650791,97638,100834,20614,20614
8,8,0.170496,0.654399,0.493333,0.493333,57.491738,97818,101014,20434,20434
8,8,0.164656,0.666238,0.493333,0.493333,44.759745,98518,101714,19734,19734
8,8,0.166558,0.662382,0.493333,0.493333,41.861660,98290,101486,19962,19962
8,8,0.155127,0.685553,0.493333,0.493333,38.337410,99660,102856,18592,18592
8,8,0.157030,0.681697,0.493333,0.493333,33.155830,99432,102628,18820,18820
8,8,0.161927,0.671769,0.493333,0.493333,31.016248,98845,102041,19407,19407
8,8,0.161427,0.672784,0.493333,0.493333,41.638724,98905,102101,19347,19347
8,8,0.163638,0.668302,0.493333,0.493333,33.403353,98640,101836,19612,19612
8,8,0.164239,0.667084,0.493333,0.493333,37.841208,98568,101764,19684,19684
8,8,0.174351,0.646585,0.493333,0.493333,38.374710,97356,100552,20896,20896
8,8,0.179374,0.636404,0.493333,0.493333,32.207771,96754,99950,21498,21498
8,8,0.150747,0.694432,0.493333,0.493333,36.976046,100185,103381,18067,18067
8,8,0.172574,0.650188,0.493333,0.493333,33.038149,97569,100765,20683,20683
8,8,0.152983,0.689900,0.493333,0.493333,31.647671,99917,103113,18335,18335
8,8,0.167117,0.661249,0.493333,0.493333,35.901139,98223,101419,20029,20029
8,8,0.160743,0.674170,0.493333,0.493333,39.656090,98987,102183,19265,19265
8,8,0.168060,0.659338,0.493333,0.493333,35.219932,98110,101306,20142,20142
8,8,0.174585,0.646112,0.493333,0.493333,34.371283,97328,100524,20924,20924
8,8,0.167518,0.660437,0.493333,0.493333,33.425075,98175,101371,20077,20077
8,8,0.157121,0.681511,0.493333,0.493333,32.233899,99421,102617,18831,18831
8,8,0.151448,0.693012,0.493333,0.493333,39.161496,100101,103297,18151,18151
8,8,0.154209,0.687413,0.493333,0.493333,36.643426,99770,102966,18482,18482
8,8,0.164965,0.665612,0.493333,0.493333,33.101076,98481,101677,19771,19771
8,8,0.161827,0.671972,0.493333,0.493333,40.101425,98857,102053,19395,19395
8,8,0.164639,0.666272,0.493333,0.493333,31.823027,98520,101716,19732,19732
8,8,0.145690,0.704682,0.493333,0.493333,33.163216,100791,103987,17461,17461
8,8,0.157463,0.680817,0.493333,0.493333,42.285758,99380,102576,18872,18872
8,8,0.152866,0.690136,0.493333,0.493333,31.167863,99931,103127,18321,18321
8,8,0.168461,0.658526,0.493333,0.493333,38.581204,98062,101258,20190,20190
8,8,0.156145,0.683489,0.493333,0.493333,35.861026,99538,102734,18714,18714
8,8,0.159791,0.676099,0.493333,0.493333,38.257601,99101,102297,19151,19151
8,8,0.166191,0.663126,0.493333,0.493333,40.555827,98334,101530,19918,19918
8,8,0.146325,0.703396,0.493333,0.493333,40.628020,100715,103911,17537,17537
8,8,0.185373,0.624243,0.493333,0.493333,46.537113,96035,99231,22217,22217
8,8,0.182253,0.630569,0.493333,0.493333,41.816425,96409,99605,21843,21843
8,8,0.154151,0.687532,0.493333,0.493333,46.798272,99777,102973,18475,18475
8,8,0.154118,0.687599,0.493333,0.493333,35.915029,99781,102977,18471,18471
8,8,0.151548,0.692809,0.493333,0.493333,40.722874,100089,103285,18163,18163
8,8,0.150446,0.695041,0.493333,0.493333,33.551098,100221,103417,18031,18031
8,8,0.154243,0.687346,0.493333,0.493333,34.092767,99766,102962,18486,18486
8,8,0.169403,0.656615,0.493333,0.493333,40.906117,97949,101145,20303,20303
8,8,0.153050,0.689764,0.493333,0.493333,33.252730,99909,103105,18343,18343
8,8,0.152808,0.690255,0.493333,0.493333,36.644551,99938,103134,18314,18314
8,8,0.158899,0.677908,0.493333,0.493333,31.042433,99208,102404,19044,19044
8,8,0.153550,0.688749,0.493333,0.493333,33.403304,99849,103045,18403,18403
8,8,0.161685,0.672259,0.493333,0.493333,36.799144,98874,102070,19378,19378
16,16,0.132758,0.730897,0.493333,0.493333,64.841877,102341,105537,15911,15911
16,16,0.132432,0.731556,0.493333,0.493333,74.372398,102380,105576,15872,15872
16,16,0.135494,0.725349,0.493333,0.493333,66.138494,102013,105209,16239,16239
16,16,0.142778,0.710584,0.493333,0.493333,77.222425,101140,104336,17112,17112
16,16,0.133333,0.729730,0.493333,0.493333,65.128660,102272,105468,15980,15980
16,16,0.137288,0.721713,0.493333,0.493333,58.951436,101798,104994,16454,16454
16,16,0.130547,0.735379,0.493333,0.493333,60.100756,102606,105802,15646,15646
16,16,0.142770,0.710601,0.493333,0.493333,62.472944,101141,104337,17111,17111
16,16,0.139549,0.717130,0.493333,0.493333,75.845083,101527,104723,16725,16725
16,16,0.138715,0.718821,0.493333,0.493333,70.174684,101627,104823,16625,16625
16,16,0.130288,0.735903,0.493333,0.493333,64.453830,102637,105833,15615,15615
16,16,0.128536,0.739455,0.493333,0.493333,65.456104,102847,106043,15405,15405
16,16,0.130296,0.735886,0.493333,0.493333,64.435511,102636,105832,15616,15616
16,16,0.130396,0.735683,0.493333,0.493333,70.981147,102624,105820,15628,15628
16,16,0.133717,0.728952,0.493333,0.493333,66.625377,102226,105422,16026,16026
16,16,0.134660,0.727041,0.493333,0.493333,85.273751,102113,105309,16139,16139
16,16,0.137605,0.721070,0.493333,0.493333,65.573254,101760,104956,16492,16492
16,16,0.142336,0.711481,0.493333,0.493333,64.644764,101193,104389,17059,17059
16,16,0.139307,0.717620,0.493333,0.493333,68.818292,101556,104752,16696,16696
16,16,0.132265,0.731895,0.493333,0.493333,69.016479,102400,105596,15852,15852
16,16,0.134727,0.726905,0.493333,0.493333,62.962414,102105,105301,16147,16147
16,16,0.135353,0.725637,0.493333,0.493333,59.633082,102030,105226,16222,16222
16,16,0.132340,0.731742,0.493333,0.493333,65.054523,102391,105587,15861,15861
16,16,0.136604,0.723100,0.493333,0.493333,62.036113,101880,105076,16372,16372
16,16,0.131247,0.733958,0.493333,0.493333,75.608017,102522,105718,15730,15730
16,16,0.133951,0.728478,0.493333,0.493333,69.683365,102198,105394,16054,16054
16,16,0.133642,0.729104,0.493333,0.493333,57.526881,102235,105431,16017,16017
16,16,0.135327,0.725688,0.493333,0.493333,67.410381,102033,105229,16219,16219
16,16,0.140108,0.715996,0.493333,0.493333,67.147493,101460,104656,16792,16792
16,16,0.133567,0.729256,0.493333,0.493333,84.069565,102244,105440,16008,16008
16,16,0.133992,0.728394,0.493333,0.493333,65.696543,102193,105389,16059,16059
16,16,0.132182,0.732064,0.493333,0.493333,81.075551,102410,105606,15842,15842
16,16,0.136554,0.723201,0.493333,0.493333,83.090777,101886,105082,16366,16366
16,16,0.138715,0.718821,0.493333,0.493333,76.608066,101627,104823,16625,16625
16,16,0.137247,0.721798,0.493333,0.493333,81.875430,101803,104999,16449,16449
16,16,0.132065,0.732301,0.493333,0.493333,65.241208,102424,105620,15828,15828
16,16,0.132883,0.730643,0.493333,0.493333,73.191911,102326,105522,15926,15926
16,16,0.132950,0.730508,0.493333,0.493333,67.277962,102318,105514,15934,15934
16,16,0.130179,0.736123,0.493333,0.493333,59.686591,102650,105846,15602,15602
16,16,0.132950,0.730508,0.493333,0.493333,69.252200,102318,105514,15934,15934
16,16,0.134218,0.727937,0.493333,0.493333,63.737769,102166,105362,16086,16086
16,16,0.140033,0.716149,0.493333,0.493333,69.324002,101469,104665,16783,16783
16,16,0.136955,0.722389,0.493333,0.493333,65.463664,101838,105034,16414,16414
16,16,0.132616,0.731184,0.493333,0.493333,66.404056,102358,105554,15894,15894
16,16,0.138440,0.719379,0.493333,0.493333,69.518716,101660,104856,16592,16592
16,16,0.137639,0.721003,0.493333,0.493333,70.041673,101756,104952,16496,16496
16,16,0.140734,0.714728,0.493333,0.493333,72.850082,101385,104581,16867,16867
16,16,0.127968,0.740605,0.493333,0.493333,67.243113,102915,106111,15337,15337
16,16,0.136904,0.722491,0.493333,0.493333,65.585183,101844,105040,16408,16408
16,16,0.138648,0.718956,0.493333,0.493333,76.337842,101635,104831,16617,16617
16,16,0.137205,0.721882,0.493333,0.493333,64.612295,101808,105004,16444,16444
16,16,0.134151,0.728072,0.493333,0.493333,69.876756,102174,105370,16078,16078
16,16,0.132599,0.731218,0.493333,0.493333,72.220673,102360,105556,15892,15892
16,16,0.127242,0.742076,0.493333,0.493333,69.966288,103002,106198,15250,15250
16,16,0.133809,0.728766,0.493333,0.493333,63.474245,102215,105411,16037,16037
16,16,0.133200,0.730000,0.493333,0.493333,79.596132,102288,105484,15964,15964
16,16,0.133684,0.729019,0.493333,0.493333,66.675685,102230,105426,16022,16022
16,16,0.138031,0.720208,0.493333,0.493333,69.528309,101709,104905,16543,16543
16,16,0.144514,0.707066,0.493333,0.493333,63.044746,100932,104128,17320,17320
16,16,0.138406,0.719447,0.493333,0.493333,67.240398,101664,104860,16588,16588
16,16,0.136304,0.723709,0.493333,0.493333,72.283292,101916,105112,16336,16336
16,16,0.141160,0.713865,0.493333,0.493333,65.869790,101334,104530,16918,16918
16,16,0.132649,0.731117,0.493333,0.493333,65.599192,102354,105550,15898,15898
16,16,0.135845,0.724639,0.493333,0.493333,73.385523,101971,105167,16281,16281
16,16,0.143062,0.710009,0.493333,0.493333,65.520884,101106,104302,17146,17146
16,16,0.129028,0.738457,0.493333,0.493333,63.281061,102788,105984,15464,15464
16,16,0.140876,0.714440,0.493333,0.493333,72.689475,101368,104564,16884,16884
16,16,0.133225,0.729950,0.493333,0.493333,64.748554,102285,105481,15967,15967
16,16,0.149746,0.696462,0.493333,0.493333,61.623804,100305,103501,17947,17947
16,16,0.133759,0.728867,0.493333,0.493333,66.225655,102221,105417,16031,16031
16,16,0.134126,0.728123,0.493333,0.493333,61.666969,102177,105373,16075,16075
16,16,0.143363,0.709400,0.493333,0.493333,70.709876,101070,104266,17182,17182
16,16,0.138957,0.718330,0.493333,0.493333,78.747148,101598,104794,16654,16654
16,16,0.134785,0.726787,0.493333,0.493333,71.003231,102098,105294,16154,16154
16,16,0.136028,0.724267,0.493333,0.493333,64.153588,101949,105145,16303,16303
16,16,0.137547,0.721189,0.493333,0.493333,59.458075,101767,104963,16485,16485
16,16,0.133392,0.729611,0.493333,0.493333,68.551445,102265,105461,15987,15987
16,16,0.146091,0.703870,0.493333,0.493333,69.420941,100743,103939,17509,17509
16,16,0.134485,0.727396,0.493333,0.493333,65.124781,102134,105330,16118,16118
16,16,0.140142,0.715929,0.493333,0.493333,63.805500,101456,104652,16796,16796
16,16,0.125382,0.745848,0.493333,0.493333,58.199243,103225,106421,15027,15027
16,16,0.135519,0.725299,0.493333,0.493333,58.661051,102010,105206,16242,16242
16,16,0.130547,0.735379,0.493333,0.493333,61.862329,102606,105802,15646,15646
16,16,0.135494,0.725349,0.493333,0.493333,65.004900,102013,105209,16239,16239
16,16,0.137897,0.720478,0.493333,0.493333,59.306974,101725,104921,16527,16527
16,16,0.130880,0.734702,0.493333,0.493333,72.680375,102566,105762,15686,15686
16,16,0.130580,0.735311,0.493333,0.493333,59.221517,102602,105798,15650,15650
16,16,0.132849,0.730711,0.493333,0.493333,74.751042,102330,105526,15922,15922
16,16,0.129312,0.737882,0.493333,0.493333,81.183640,102754,105950,15498,15498
16,16,0.141118,0.713950,0.493333,0.493333,64.023029,101339,104535,16913,16913
16,16,0.131907,0.732622,0.493333,0.493333,72.905746,102443,105639,15809,15809
16,16,0.134134,0.728106,0.493333,0.493333,65.554976,102176,105372,16076,16076
16,16,0.133625,0.729138,0.493333,0.493333,61.607765,102237,105433,16015,16015
16,16,0.129887,0.736715,0.493333,0.493333,67.623588,102685,105881,15567,15567
16,16,0.129587,0.737324,0.493333,0.493333,70.658742,102721,105917,15531,15531
16,16,0.130004,0.736478,0.493333,0.493333,67.313446,102671,105867,15581,15581
16,16,0.130638,0.735193,0.493333,0.493333,69.983241,102595,105791,15657,15657
16,16,0.142854,0.710432,0.493333,0.493333,65.751097,101131,104327,17121,17121
16,16,0.140809,0.714576,0.493333,0.493333,72.758729,101376,104572,16876,16876
16,16,0.130496,0.735480,0.493333,0.493333,96.874199,102612,105808,15640,15640
32,32,0.114159,0.768596,0.493333,0.493333,161.423750,104570,107766,13682,13682
32,32,0.117413,0.762000,0.493333,0.493333,138.064304,104180,107376,14072,14072
32,32,0.109420,0.778202,0.493333,0.493333,131.871158,105138,108334,13114,13114
32,32,0.110555,0.775902,0.493333,0.493333,129.321986,105002,108198,13250,13250
32,32,0.114093,0.768731,0.493333,0.493333,114.404311,104578,107774,13674,13674
32,32,0.111589,0.773805,0.493333,0.493333,115.233622,104878,108074,13374,13374
32,32,0.114752,0.767395,0.493333,0.493333,139.207402,104499,107695,13753,13753
32,32,0.113025,0.770896,0.493333,0.493333,122.459373,104706,107902,13546,13546
32,32,0.110738,0.775530,0.493333,0.493333,136.124372,104980,108176,13272,13272
32,32,0.121385,0.753949,0.493333,0.493333,127.236405,103704,106900,14548,14548
32,32,0.112274,0.772418,0.493333,0.493333,129.742532,104796,107992,13456,13456
32,32,0.113050,0.770845,0.493333,0.493333,137.554613,104703,107899,13549,13549
32,32,0.117764,0.761289,0.493333,0.493333,132.137800,104138,107334,14114,14114
32,32,0.116254,0.764351,0.493333,0.493333,129.117329,104319,107515,13933,13933
32,32,0.116062,0.764740,0.493333,0.493333,135.002521,104342,107538,13910,13910
32,32,0.115661,0.765552,0.493333,0.493333,131.328788,104390,107586,13862,13862
32,32,0.116521,0.763809,0.493333,0.493333,118.262649,104287,107483,13965,13965
32,32,0.115761,0.765349,0.493333,0.493333,140.070211,104378,107574,13874,13874
32,32,0.110104,0.776816,0.493333,0.493333,137.155012,105056,108252,13196,13196
32,32,0.113542,0.769847,0.493333,0.493333,144.659360,104644,107840,13608,13608
32,32,0.113951,0.769019,0.493333,0.493333,150.034229,104595,107791,13657,13657
32,32,0.111022,0.774955,0.493333,0.493333,125.106705,104946,108142,13306,13306
32,32,0.113901,0.769120,0.493333,0.493333,136.373752,104601,107797,13651,13651
32,32,0.113208,0.770524,0.493333,0.493333,129.631784,104684,107880,13568,13568
32,32,0.115353,0.766177,0.493333,0.493333,131.848866,104427,107623,13825,13825
32,32,0.115302,0.766279,0.493333,0.493333,142.946876,104433,107629,13819,13819
32,32,0.116554,0.763742,0.493333,0.493333,144.791203,104283,107479,13969,13969
32,32,0.109937,0.777154,0.493333,0.493333,118.977058,105076,108272,13176,13176
32,32,0.113550,0.769831,0.493333,0.493333,123.245952,104643,107839,13609,13609
32,32,0.111489,0.774008,0.493333,0.493333,139.016030,104890,108086,13362,13362
32,32,0.113300,0.770338,0.493333,0.493333,134.231432,104673,107869,13579,13579
32,32,0.114710,0.767480,0.493333,0.493333,138.991764,104504,107700,13748,13748
32,32,0.111631,0.773721,0.493333,0.493333,145.913225,104873,108069,13379,13379
32,32,0.111606,0.773771,0.493333,0.493333,152.537634,104876,108072,13376,13376
32,32,0.114134,0.768647,0.493333,0.493333,126.209678,104573,107769,13679,13679
32,32,0.109303,0.778439,0.493333,0.493333,122.149277,105152,108348,13100,13100
32,32,0.111882,0.773213,0.493333,0.493333,137.071473,104843,108039,13409,13409
32,32,0.110004,0.777019,0.493333,0.493333,136.743974,105068,108264,13184,13184
32,32,0.114802,0.767294,0.493333,0.493333,140.031314,104493,107689,13759,13759
32,32,0.114485,0.767936,0.493333,0.493333,141.566575,104531,107727,13721,13721
32,32,0.116662,0.763522,0.493333,0.493333,131.575232,104270,107466,13982,13982
32,32,0.116387,0.764080,0.493333,0.493333,115.293688,104303,107499,13949,13949
32,32,0.109195,0.778659,0.493333,0.493333,122.091927,105165,108361,13087,13087
32,32,0.110463,0.776088,0.493333,0.493333,139.494414,105013,108209,13239,13239
32,32,0.108235,0.780604,0.493333,0.493333,123.774510,105280,108476,12972,12972
32,32,0.112516,0.771928,0.493333,0.493333,133.973130,104767,107963,13485,13485
32,32,0.112499,0.771962,0.493333,0.493333,136.992300,104769,107965,13483,13483
32,32,0.114176,0.768562,0.493333,0.493333,118.962234,104568,107764,13684,13684
32,32,0.113383,0.770169,0.493333,0.493333,127.430750,104663,107859,13589,13589
32,32,0.118373,0.760055,0.493333,0.493333,139.862511,104065,107261,14187,14187
32,32,0.113517,0.769898,0.493333,0.493333,132.213082,104647,107843,13605,13605
32,32,0.112799,0.771353,0.493333,0.493333,153.603015,104733,107929,13519,13519
32,32,0.109053,0.778947,0.493333,0.493333,121.831448,105182,108378,13070,13070
32,32,0.110421,0.776173,0.493333,0.493333,130.028611,105018,108214,13234,13234
32,32,0.110722,0.775564,0.493333,0.493333,126.020710,104982,108178,13270,13270
32,32,0.112274,0.772418,0.493333,0.493333,132.113136,104796,107992,13456,13456
32,32,0.109595,0.777847,0.493333,0.493333,128.487883,105117,108313,13135,13135
32,32,0.108736,0.779589,0.493333,0.493333,139.990993,105220,108416,13032,13032
32,32,0.112908,0.771133,0.493333,0.493333,116.946568,104720,107916,13532,13532
32,32,0.109061,0.778930,0.493333,0.493333,144.235699,105181,108377,13071,13071
32,32,0.111481,0.774025,0.493333,0.493333,152.058815,104891,108087,13361,13361
32,32,0.110096,0.776833,0.493333,0.493333,136.964071,105057,108253,13195,13195
32,32,0.111147,0.774701,0.493333,0.493333,124.947122,104931,108127,13321,13321
32,32,0.118773,0.759243,0.493333,0.493333,134.762365,104017,107213,14235,14235
32,32,0.110788,0.775429,0.493333,0.493333,139.491330,104974,108170,13278,13278
32,32,0.111781,0.773416,0.493333,0.493333,136.754172,104855,108051,13397,13397
32,32,0.115519,0.765839,0.493333,0.493333,128.791028,104407,107603,13845,13845
32,32,0.120033,0.756689,0.493333,0.493333,122.816644,103866,107062,14386,14386
32,32,0.109228,0.778591,0.493333,0.493333,143.084485,105161,108357,13091,13091
32,32,0.114877,0.767141,0.493333,0.493333,152.344019,104484,107680,13768,13768
32,32,0.113208,0.770524,0.493333,0.493333,147.079287,104684,107880,13568,13568
32,32,0.111948,0.773078,0.493333,0.493333,142.919051,104835,108031,13417,13417
32,32,0.116195,0.764469,0.493333,0.493333,132.124610,104326,107522,13926,13926
32,32,0.115211,0.766465,0.493333,0.493333,123.043025,104444,107640,13808,13808
32,32,0.110738,0.775530,0.493333,0.493333,131.245197,104980,108176,13272,13272
32,32,0.114685,0.767530,0.493333,0.493333,134.155476,104507,107703,13745,13745
32,32,0.111381,0.774228,0.493333,0.493333,126.920432,104903,108099,13349,13349
32,32,0.112799,0.771353,0.493333,0.493333,127.936223,104733,107929,13519,13519
32,32,0.111740,0.773501,0.493333,0.493333,130.811320,104860,108056,13392,13392
32,32,0.115753,0.765365,0.493333,0.493333,134.380394,104379,107575,13873,13873
32,32,0.111139,0.774718,0.493333,0.493333,125.222851,104932,108128,13320,13320
32,32,0.112899,0.771150,0.493333,0.493333,138.173415,104721,107917,13531,13531
32,32,0.114602,0.767699,0.493333,0.493333,146.963147,104517,107713,13735,13735
32,32,0.110839,0.775327,0.493333,0.493333,122.269230,104968,108164,13284,13284
32,32,0.111239,0.774515,0.493333,0.493333,127.982394,104920,108116,13332,13332
32,32,0.110889,0.775226,0.493333,0.493333,116.704415,104962,108158,13290,13290
32,32,0.113333,0.770270,0.493333,0.493333,125.400713,104669,107865,13583,13583
32,32,0.115945,0.764976,0.493333,0.493333,122.409297,104356,107552,13896,13896
32,32,0.109086,0.778879,0.493333,0.493333,126.476521,105178,108374,13074,13074
32,32,0.117013,0.762812,0.493333,0.493333,120.777160,104228,107424,14024,14024
32,32,0.116596,0.763657,0.493333,0.493333,126.273900,104278,107474,13974,13974
32,32,0.110221,0.776579,0.493333,0.493333,115.637192,105042,108238,13210,13210
32,32,0.113458,0.770017,0.493333,0.493333,118.964644,104654,107850,13598,13598
32,32,0.115928,0.765010,0.493333,0.493333,136.885410,104358,107554,13894,13894
32,32,0.113392,0.770152,0.493333,0.493333,139.574348,104662,107858,13590,13590
32,32,0.112340,0.772283,0.493333,0.493333,134.710228,104788,107984,13464,13464
32,32,0.116771,0.763302,0.493333,0.493333,136.679087,104257,107453,13995,13995
32,32,0.111406,0.774177,0.493333,0.493333,137.022034,104900,108096,13352,13352
32,32,0.115795,0.765281,0.493333,0.493333,134.640621,104374,107570,13878,13878
32,32,0.112015,0.772943,0.493333,0.493333,133.623266,104827,108023,13425,13425
64,64,0.091272,0.814988,0.493333,0.493333,259.958847,107313,110509,10939,10939
64,64,0.092107,0.813297,0.493333,0.493333,243.297813,107213,110409,11039,11039
64,64,0.093075,0.811335,0.493333,0.493333,241.442729,107097,110293,11155,11155
64,64,0.093776,0.809914,0.493333,0.493333,243.275937,107013,110209,11239,11239
64,64,0.094193,0.809069,0.493333,0.493333,261.384280,106963,110159,11289,11289
64,64,0.090138,0.817289,0.493333,0.493333,251.501902,107449,110645,10803,10803
64,64,0.091606,0.814312,0.493333,0.493333,238.637657,107273,110469,10979,10979
64,64,0.094051,0.809356,0.493333,0.493333,249.120379,106980,110176,11272,11272
64,64,0.092390,0.812722,0.493333,0.493333,242.091616,107179,110375,11073,11073
64,64,0.091556,0.814413,0.493333,0.493333,231.669740,107279,110475,10973,10973
64,64,0.091957,0.813601,0.493333,0.493333,253.626889,107231,110427,11021,11021
64,64,0.090455,0.816646,0.493333,0.493333,244.395757,107411,110607,10841,10841
64,64,0.092082,0.813348,0.493333,0.493333,252.606023,107216,110412,11036,11036
64,64,0.093484,0.810506,0.493333,0.493333,239.022904,107048,110244,11204,11204
64,64,0.090738,0.816071,0.493333,0.493333,246.669185,107377,110573,10875,10875
64,64,0.091623,0.814278,0.493333,0.493333,259.695737,107271,110467,10981,10981
64,64,0.096395,0.804604,0.493333,0.493333,249.395140,106699,109895,11553,11553
64,64,0.092833,0.811826,0.493333,0.493333,252.060314,107126,110322,11126,11126
64,64,0.091281,0.814971,0.493333,0.493333,245.042725,107312,110508,10940,10940
64,64,0.091865,0.813788,0.493333,0.493333,225.030974,107242,110438,11010,11010
64,64,0.093200,0.811081,0.493333,0.493333,257.444507,107082,110278,11170,11170
64,64,0.091806,0.813906,0.493333,0.493333,264.262292,107249,110445,11003,11003
64,64,0.092332,0.812840,0.493333,0.493333,250.333760,107186,110382,11066,11066
64,64,0.092616,0.812265,0.493333,0.493333,252.949990,107152,110348,11100,11100
64,64,0.091339,0.814853,0.493333,0.493333,282.363620,107305,110501,10947,10947
64,64,0.089395,0.818794,0.493333,0.493333,252.603818,107538,110734,10714,10714
64,64,0.092299,0.812908,0.493333,0.493333,262.113458,107190,110386,11062,11062
64,64,0.091164,0.815208,0.493333,0.493333,284.005887,107326,110522,10926,10926
64,64,0.093066,0.811352,0.493333,0.493333,242.559254,107098,110294,11154,11154
64,64,0.094293,0.808866,0.493333,0.493333,253.307943,106951,110147,11301,11301
64,64,0.095194,0.807039,0.493333,0.493333,261.289674,106843,110039,11409,11409
64,64,0.089779,0.818016,0.493333,0.493333,273.914199,107492,110688,10760,10760
64,64,0.090755,0.816037,0.493333,0.493333,235.390769,107375,110571,10877,10877
64,64,0.093083,0.811318,0.493333,0.493333,246.678839,107096,110292,11156,11156
64,64,0.093358,0.810760,0.493333,0.493333,265.685560,107063,110259,11189,11189
64,64,0.095945,0.805517,0.493333,0.493333,274.420037,106753,109949,11499,11499
64,64,0.093408,0.810659,0.493333,0.493333,275.808985,107057,110253,11195,11195
64,64,0.088728,0.820147,0.493333,0.493333,263.132595,107618,110814,10634,10634
64,64,0.093133,0.811217,0.493333,0.493333,257.559774,107090,110286,11162,11162
64,64,0.089837,0.817897,0.493333,0.493333,248.987335,107485,110681,10767,10767
64,64,0.093058,0.811369,0.493333,0.493333,246.969628,107099,110295,11153,11153
64,64,0.094234,0.808984,0.493333,0.493333,270.525911,106958,110154,11294,11294
64,64,0.092424,0.812654,0.493333,0.493333,230.615064,107175,110371,11077,11077
64,64,0.090321,0.816916,0.493333,0.493333,266.564748,107427,110623,10825,10825
64,64,0.092624,0.812248,0.493333,0.493333,259.915779,107151,110347,11101,11101
64,64,0.095044,0.807344,0.493333,0.493333,236.593730,106861,110057,11391,11391
64,64,0.093967,0.809525,0.493333,0.493333,255.375375,106990,110186,11262,11262
64,64,0.090430,0.816697,0.493333,0.493333,251.612162,107414,110610,10838,10838
64,64,0.090947,0.815648,0.493333,0.493333,260.225496,107352,110548,10900,10900
64,64,0.089837,0.817897,0.493333,0.493333,247.075668,107485,110681,10767,10767
64,64,0.091965,0.813585,0.493333,0.493333,253.225428,107230,110426,11022,11022
64,64,0.092407,0.812688,0.493333,0.493333,261.673031,107177,110373,11075,11075
64,64,0.092666,0.812164,0.493333,0.493333,244.556541,107146,110342,11106,11106
64,64,0.092215,0.813077,0.493333,0.493333,246.759683,107200,110396,11052,11052
64,64,0.090855,0.815834,0.493333,0.493333,248.966245,107363,110559,10889,10889
64,64,0.092224,0.813060,0.493333,0.493333,246.187263,107199,110395,11053,11053
64,64,0.093141,0.811200,0.493333,0.493333,233.815531,107089,110285,11163,11163
64,64,0.092073,0.813365,0.493333,0.493333,241.949042,107217,110413,11035,11035
64,64,0.094994,0.807445,0.493333,0.493333,255.181167,106867,110063,11385,11385
64,64,0.092499,0.812502,0.493333,0.493333,225.185974,107166,110362,11086,11086
64,64,0.090964,0.815614,0.493333,0.493333,243.616833,107350,110546,10902,10902
64,64,0.089704,0.818168,0.493333,0.493333,258.975908,107501,110697,10751,10751
64,64,0.090505,0.816544,0.493333,0.493333,240.567456,107405,110601,10847,10847
64,64,0.091665,0.814193,0.493333,0.493333,253.358424,107266,110462,10986,10986
64,64,0.095186,0.807056,0.493333,0.493333,251.896505,106844,110040,11408,11408
64,64,0.092666,0.812164,0.493333,0.493333,252.744232,107146,110342,11106,11106
64,64,0.090013,0.817542,0.493333,0.493333,228.684574,107464,110660,10788,10788
64,64,0.096204,0.804993,0.493333,0.493333,232.797268,106722,109918,11530,11530
64,64,0.094885,0.807665,0.493333,0.493333,244.680505,106880,110076,11372,11372
64,64,0.090513,0.816527,0.493333,0.493333,242.443036,107404,110600,10848,10848
64,64,0.092023,0.813466,0.493333,0.493333,243.833373,107223,110419,11029,11029
64,64,0.092048,0.813415,0.493333,0.493333,253.663899,107220,110416,11032,11032
64,64,0.093083,0.811318,0.493333,0.493333,247.221006,107096,110292,11156,11156
64,64,0.092357,0.812790,0.493333,0.493333,250.561165,107183,110379,11069,11069
64,64,0.093158,0.811166,0.493333,0.493333,270.489449,107087,110283,11165,11165
64,64,0.092365,0.812773,0.493333,0.493333,248.512752,107182,110378,11070,11070
64,64,0.091598,0.814329,0.493333,0.493333,234.109748,107274,110470,10978,10978
64,64,0.089954,0.817661,0.493333,0.493333,270.266782,107471,110667,10781,10781
64,64,0.092057,0.813399,0.493333,0.493333,245.006043,107219,110415,11033,11033
64,64,0.092140,0.813229,0.493333,0.493333,265.918572,107209,110405,11043,11043
64,64,0.091423,0.814684,0.493333,0.493333,265.716305,107295,110491,10957,10957
64,64,0.093542,0.810388,0.493333,0.493333,260.641436,107041,110237,11211,11211
64,64,0.090146,0.817272,0.493333,0.493333,248.928313,107448,110644,10804,10804
64,64,0.093075,0.811335,0.493333,0.493333,264.182717,107097,110293,11155,11155
64,64,0.092749,0.811995,0.493333,0.493333,248.386964,107136,110332,11116,11116
64,64,0.091039,0.815462,0.493333,0.493333,225.812322,107341,110537,10911,10911
64,64,0.090330,0.816900,0.493333,0.493333,234.248800,107426,110622,10826,10826
64,64,0.093909,0.809644,0.493333,0.493333,248.360532,106997,110193,11255,11255
64,64,0.092499,0.812502,0.493333,0.493333,287.058980,107166,110362,11086,11086
64,64,0.093801,0.809864,0.493333,0.493333,234.140241,107010,110206,11242,11242
64,64,0.091790,0.813940,0.493333,0.493333,262.292572,107251,110447,11001,11001
64,64,0.094218,0.809018,0.493333,0.493333,258.710683,106960,110156,11292,11292
64,64,0.091156,0.815225,0.493333,0.493333,313.102603,107327,110523,10925,10925
64,64,0.090471,0.816612,0.493333,0.493333,266.113749,107409,110605,10843,10843
64,64,0.093584,0.810303,0.493333,0.493333,265.061002,107036,110232,11216,11216
64,64,0.091464,0.814599,0.493333,0.493333,237.194489,107290,110486,10962,10962
64,64,0.091030,0.815479,0.493333,0.493333,264.983886,107342,110538,10910,10910
64,64,0.094159,0.809136,0.493333,0.493333,248.800853,106967,110163,11285,11285
64,64,0.092232,0.813043,0.493333,0.493333,237.766428,107198,110394,11054,11054
64,64,0.092240,0.813026,0.493333,0.493333,238.855813,107197,110393,11055,11055
75,75,0.085699,0.826286,0.493333,0.493333,314.713181,107981,111177,10271,10271
75,75,0.088961,0.819673,0.493333,0.493333,314.282578,107590,110786,10662,10662
75,75,0.089787,0.817999,0.493333,0.493333,281.491212,107491,110687,10761,10761
75,75,0.088477,0.820654,0.493333,0.493333,321.500198,107648,110844,10604,10604
75,75,0.089095,0.819403,0.493333,0.493333,306.657238,107574,110770,10678,10678
75,75,0.088344,0.820925,0.493333,0.493333,329.596267,107664,110860,10588,10588
75,75,0.085907,0.825863,0.493333,0.493333,298.616483,107956,111152,10296,10296
75,75,0.089153,0.819284,0.493333,0.493333,297.377927,107567,110763,10685,10685
75,75,0.091206,0.815124,0.493333,0.493333,289.943775,107321,110517,10931,10931
75,75,0.088010,0.821601,0.493333,0.493333,271.577205,107704,110900,10548,10548
75,75,0.087568,0.822498,0.493333,0.493333,292.301471,107757,110953,10495,10495
75,75,0.086266,0.825136,0.493333,0.493333,280.250809,107913,111109,10339,10339
75,75,0.088644,0.820316,0.493333,0.493333,299.723995,107628,110824,10624,10624
75,75,0.088744,0.820113,0.493333,0.493333,289.728734,107616,110812,10636,10636
75,75,0.088694,0.820214,0.493333,0.493333,304.562590,107622,110818,10630,10630
75,75,0.090363,0.816832,0.493333,0.493333,292.694228,107422,110618,10830,10830
75,75,0.087368,0.822904,0.493333,0.493333,299.466568,107781,110977,10471,10471
75,75,0.086158,0.825356,0.493333,0.493333,309.954253,107926,111122,10326,10326
75,75,0.088652,0.820299,0.493333,0.493333,286.994457,107627,110823,10625,10625
75,75,0.088110,0.821398,0.493333,0.493333,318.084642,107692,110888,10560,10560
75,75,0.091322,0.814887,0.493333,0.493333,335.356658,107307,110503,10945,10945
75,75,0.090897,0.815749,0.493333,0.493333,277.606485,107358,110554,10894,10894
75,75,0.086950,0.823749,0.493333,0.493333,294.870752,107831,111027,10421,10421
75,75,0.087618,0.822396,0.493333,0.493333,306.828525,107751,110947,10501,10501
75,75,0.087660,0.822312,0.493333,0.493333,294.750633,107746,110942,10506,10506
75,75,0.089145,0.819301,0.493333,0.493333,285.469000,107568,110764,10684,10684
75,75,0.086608,0.824443,0.493333,0.493333,281.647905,107872,111068,10380,10380
75,75,0.085857,0.825965,0.493333,0.493333,266.793338,107962,111158,10290,10290
75,75,0.089378,0.818828,0.493333,0.493333,284.622665,107540,110736,10712,10712
75,75,0.085699,0.826286,0.493333,0.493333,282.406744,107981,111177,10271,10271
75,75,0.088085,0.821449,0.493333,0.493333,299.447069,107695,110891,10557,10557
75,75,0.091322,0.814887,0.493333,0.493333,281.301505,107307,110503,10945,10945
75,75,0.086934,0.823783,0.493333,0.493333,306.313100,107833,111029,10419,10419
75,75,0.089186,0.819217,0.493333,0.493333,288.140295,107563,110759,10689,10689
75,75,0.087134,0.823377,0.493333,0.493333,298.523231,107809,111005,10443,10443
75,75,0.085624,0.826438,0.493333,0.493333,286.512969,107990,111186,10262,10262
75,75,0.088402,0.820806,0.493333,0.493333,289.587868,107657,110853,10595,10595
75,75,0.086400,0.824866,0.493333,0.493333,272.346368,107897,111093,10355,10355
75,75,0.088919,0.819758,0.493333,0.493333,287.150709,107595,110791,10657,10657
75,75,0.091256,0.815022,0.493333,0.493333,285.558576,107315,110511,10937,10937
75,75,0.088769,0.820062,0.493333,0.493333,313.169439,107613,110809,10639,10639
75,75,0.088118,0.821381,0.493333,0.493333,288.814655,107691,110887,10561,10561
75,75,0.088627,0.820350,0.493333,0.493333,298.657604,107630,110826,10622,10622
75,75,0.090688,0.816172,0.493333,0.493333,289.161469,107383,110579,10869,10869
75,75,0.088085,0.821449,0.493333,0.493333,287.308251,107695,110891,10557,10557
75,75,0.089662,0.818253,0.493333,0.493333,287.629903,107506,110702,10746,10746
75,75,0.088377,0.820857,0.493333,0.493333,285.497988,107660,110856,10592,10592
75,75,0.088377,0.820857,0.493333,0.493333,294.635368,107660,110856,10592,10592
75,75,0.086700,0.824257,0.493333,0.493333,293.975728,107861,111057,10391,10391
75,75,0.089904,0.817762,0.493333,0.493333,300.507366,107477,110673,10775,10775
75,75,0.089737,0.818100,0.493333,0.493333,290.552629,107497,110693,10755,10755
75,75,0.088836,0.819927,0.493333,0.493333,281.638000,107605,110801,10647,10647
75,75,0.088085,0.821449,0.493333,0.493333,285.277753,107695,110891,10557,10557
75,75,0.089512,0.818557,0.493333,0.493333,280.982817,107524,110720,10728,10728
75,75,0.087317,0.823005,0.493333,0.493333,275.458348,107787,110983,10465,10465
75,75,0.086884,0.823885,0.493333,0.493333,293.832444,107839,111035,10413,10413
75,75,0.090421,0.816713,0.493333,0.493333,307.223370,107415,110611,10837,10837
75,75,0.087192,0.823259,0.493333,0.493333,298.746738,107802,110998,10450,10450
75,75,0.087434,0.822768,0.493333,0.493333,276.476667,107773,110969,10479,10479
75,75,0.091348,0.814836,0.493333,0.493333,276.262852,107304,110500,10948,10948
75,75,0.090346,0.816866,0.493333,0.493333,296.992434,107424,110620,10828,10828
75,75,0.087484,0.822667,0.493333,0.493333,291.012385,107767,110963,10485,10485
75,75,0.085649,0.826388,0.493333,0.493333,305.314496,107987,111183,10265,10265
75,75,0.088310,0.820992,0.493333,0.493333,292.464596,107668,110864,10584,10584
75,75,0.089737,0.818100,0.493333,0.493333,270.637659,107497,110693,10755,10755
75,75,0.088519,0.820570,0.493333,0.493333,278.875864,107643,110839,10609,10609
75,75,0.088511,0.820587,0.493333,0.493333,301.517331,107644,110840,10608,10608
75,75,0.087893,0.821838,0.493333,0.493333,301.544500,107718,110914,10534,10534
75,75,0.090313,0.816933,0.493333,0.493333,302.838402,107428,110624,10824,10824
75,75,0.089996,0.817576,0.493333,0.493333,263.680886,107466,110662,10786,10786
75,75,0.087851,0.821923,0.493333,0.493333,280.107673,107723,110919,10529,10529
75,75,0.088894,0.819809,0.493333,0.493333,289.070894,107598,110794,10654,10654
75,75,0.087101,0.823445,0.493333,0.493333,307.029238,107813,111009,10439,10439
75,75,0.088961,0.819673,0.493333,0.493333,286.416718,107590,110786,10662,10662
75,75,0.086925,0.823800,0.493333,0.493333,272.986652,107834,111030,10418,10418
75,75,0.086875,0.823901,0.493333,0.493333,284.620362,107840,111036,10412,10412
75,75,0.085482,0.826726,0.493333,0.493333,297.177633,108007,111203,10245,10245
75,75,0.085615,0.826455,0.493333,0.493333,303.911504,107991,111187,10261,10261
75,75,0.089445,0.818692,0.493333,0.493333,293.454172,107532,110728,10720,10720
75,75,0.087685,0.822261,0.493333,0.493333,275.870811,107743,110939,10509,10509
75,75,0.086842,0.823969,0.493333,0.493333,293.080595,107844,111040,10408,10408
75,75,0.087409,0.822819,0.493333,0.493333,294.045428,107776,110972,10476,10476
75,75,0.086366,0.824933,0.493333,0.493333,299.717427,107901,111097,10351,10351
75,75,0.086575,0.824510,0.493333,0.493333,276.616582,107876,111072,10376,10376
75,75,0.087910,0.821804,0.493333,0.493333,313.215411,107716,110912,10536,10536
75,75,0.088127,0.821365,0.493333,0.493333,275.601398,107690,110886,10562,10562
75,75,0.083963,0.829804,0.493333,0.493333,278.061196,108189,111385,10063,10063
75,75,0.087835,0.821956,0.493333,0.493333,281.858825,107725,110921,10527,10527
75,75,0.085824,0.826033,0.493333,0.493333,300.678623,107966,111162,10286,10286
75,75,0.090380,0.816798,0.493333,0.493333,279.849547,107420,110616,10832,10832
75,75,0.086942,0.823766,0.493333,0.493333,280.908186,107832,111028,10420,10420
75,75,0.092157,0.813196,0.493333,0.493333,297.390457,107207,110403,11045,11045
75,75,0.088285,0.821043,0.493333,0.493333,287.920944,107671,110867,10581,10581
75,75,0.087409,0.822819,0.493333,0.493333,292.353385,107776,110972,10476,10476
75,75,0.088077,0.821466,0.493333,0.493333,299.653664,107696,110892,10556,10556
75,75,0.089879,0.817813,0.493333,0.493333,292.131382,107480,110676,10772,10772
75,75,0.085023,0.827656,0.493333,0.493333,278.353462,108062,111258,10190,10190
75,75,0.087810,0.822007,0.493333,0.493333,296.257024,107728,110924,10524,10524
75,75,0.088652,0.820299,0.493333,0.493333,278.928950,107627,110823,10625,10625
75,75,0.087459,0.822718,0.493333,0.493333,297.945222,107770,110966,10482,10482
