1,1,0.443371,0.270307,0.607613,0.502700,12.155496,160066,107116,81230,131588
1,1,0.440258,0.275429,0.607613,0.518625,13.110757,164635,104041,84305,127019
1,1,0.469346,0.227557,0.607613,0.451550,14.518652,141556,113158,75188,150098
1,1,0.447525,0.263470,0.607613,0.408658,12.831519,136499,128689,59657,155155
1,1,0.412975,0.320332,0.607613,0.450367,11.228769,154801,126971,61375,136853
1,1,0.400042,0.341617,0.607613,0.549313,12.964814,181652,106328,82018,110002
1,1,0.375317,0.382309,0.607613,0.595967,12.107228,198783,101065,87281,92871
1,1,0.462917,0.238138,0.607613,0.496054,13.238885,153780,104020,84326,137874
1,1,0.367504,0.395167,0.607613,0.687438,11.923394,222611,80987,107359,69043
1,1,0.393179,0.352911,0.607613,0.580000,15.123590,190664,100610,87736,100990
1,1,0.371415,0.388731,0.607613,0.619769,17.933666,205432,96289,92057,86222
1,1,0.355488,0.414944,0.607613,0.717933,13.198017,232814,76552,111794,58840
1,1,0.421165,0.306853,0.607613,0.448998,12.352966,152507,125334,63012,139147
1,1,0.359258,0.408738,0.607613,0.699271,12.504075,227430,80126,108220,64224
1,1,0.372702,0.386612,0.607613,0.600206,11.474445,200428,100675,87671,91226
1,1,0.438038,0.279084,0.607613,0.471042,11.242515,153748,115994,72352,137906
1,1,0.395175,0.349627,0.607613,0.524638,12.932458,176898,113418,74928,114756
1,1,0.368779,0.393068,0.607613,0.586758,12.210705,198142,104844,83502,93512
1,1,0.361442,0.405144,0.607613,0.702729,14.451602,227736,78772,109574,63918
1,1,0.445831,0.266257,0.607613,0.446994,15.515255,146106,119895,68451,145548
1,1,0.418221,0.311698,0.607613,0.586000,12.861843,186094,93160,95186,105560
1,1,0.367894,0.394526,0.607613,0.621131,14.272118,206604,96807,91539,85050
1,1,0.426460,0.298138,0.607613,0.448469,11.162245,151109,124190,64156,140545
1,1,0.434850,0.284330,0.607613,0.535225,11.775374,169917,101355,86991,121737
1,1,0.479821,0.210318,0.607613,0.436800,13.299406,135502,114184,74162,156152
1,1,0.461535,0.240412,0.607613,0.371252,15.526357,124159,134304,54042,167495
1,1,0.403779,0.335466,0.607613,0.507650,13.774659,170756,115430,72916,120898
1,1,0.407506,0.329332,0.607613,0.642469,13.110463,202218,82179,106167,89436
1,1,0.415438,0.316279,0.607613,0.458788,13.873846,156231,124359,63987,135423
1,1,0.403077,0.336621,0.607613,0.556369,11.484676,182617,103906,84440,109037
1,1,0.404781,0.333817,0.607613,0.475148,12.175398,162715,122990,65356,128939
1,1,0.372142,0.387535,0.607613,0.695683,12.833156,223477,77895,110451,68177
1,1,0.393742,0.351986,0.607613,0.508171,11.572145,173290,117714,70632,118364
1,1,0.348863,0.425847,0.607613,0.683713,13.373081,226191,86355,101991,65463
1,1,0.394617,0.350546,0.607613,0.600750,11.816790,195299,95285,93061,96355
1,1,0.383752,0.368426,0.607613,0.605431,11.957665,199030,96769,91577,92624
1,1,0.381140,0.372726,0.607613,0.610494,11.774246,200872,96181,92165,90782
1,1,0.421500,0.306301,0.607613,0.449867,12.793305,152635,125045,63301,139019
1,1,0.389379,0.359165,0.607613,0.536350,15.116993,181100,111998,76348,110554
1,1,0.383513,0.368821,0.607613,0.688188,14.483752,218949,76965,111381,72705
1,1,0.364335,0.400382,0.607613,0.632594,13.225065,210209,94910,93436,81445
1,1,0.436279,0.281978,0.607613,0.486588,12.590552,157901,112685,75661,133753
1,1,0.361350,0.405295,0.607613,0.640000,11.742172,212703,93849,94497,78951
1,1,0.371285,0.388944,0.607613,0.605469,12.930954,202031,99752,88594,89623
1,1,0.407856,0.328756,0.607613,0.607460,12.357149,193732,90497,97849,97922
1,1,0.407400,0.329507,0.607613,0.586575,11.787479,188829,95619,92727,102825
1,1,0.403238,0.336357,0.607613,0.569063,11.398618,185625,100821,87525,106029
1,1,0.477515,0.214113,0.607613,0.413760,11.807419,130526,120267,68079,161128
1,1,0.364335,0.400382,0.607613,0.632594,12.284122,210209,94910,93436,81445
1,1,0.377665,0.378445,0.607613,0.655856,15.479686,212593,86128,102218,79061
1,1,0.353696,0.417892,0.607613,0.654733,11.527100,218076,92150,96196,73578
1,1,0.367748,0.394766,0.607613,0.657773,13.012884,215433,88048,100298,76221
1,1,0.365138,0.399062,0.607613,0.644000,15.286653,212754,91980,96366,78900
1,1,0.412638,0.320887,0.607613,0.429975,13.344869,149988,131946,56400,141666
1,1,0.387731,0.361877,0.607613,0.622198,12.027827,202099,91790,96556,89555
1,1,0.422960,0.303898,0.607613,0.417244,12.090462,144455,132524,55822,147199
1,1,0.453794,0.253153,0.607613,0.523673,12.250854,162598,99581,88765,129056
1,1,0.405408,0.332785,0.607613,0.566408,12.216445,184467,100937,87409,107187
1,1,0.387283,0.362615,0.607613,0.627413,16.270364,203458,90646,97700,88196
1,1,0.366275,0.397190,0.607613,0.640638,12.709205,211674,92514,95832,79980
1,1,0.440258,0.275429,0.607613,0.518625,17.798247,164635,104041,84305,127019
1,1,0.402877,0.336951,0.607613,0.569319,13.229771,185773,100846,87500,105881
1,1,0.395171,0.349633,0.607613,0.607067,15.306628,196682,93636,94710,94972
1,1,0.410835,0.323853,0.607613,0.457994,13.754320,157145,125654,62692,134509
1,1,0.481946,0.206820,0.607613,0.415013,13.552655,129763,118903,69443,161891
1,1,0.398658,0.343894,0.607613,0.672600,15.434353,211573,77071,111275,80081
1,1,0.382721,0.370124,0.607613,0.672467,17.299838,215366,80928,107418,76288
1,1,0.413004,0.320284,0.607613,0.429033,12.936679,149674,132084,56262,141980
1,1,0.390475,0.357362,0.607613,0.568488,12.414924,188550,104022,84324,103104
1,1,0.391469,0.355726,0.607613,0.578610,13.010645,190741,101354,86992,100913
1,1,0.379783,0.374958,0.607613,0.637550,11.308794,207691,90013,98333,83963
1,1,0.401238,0.339649,0.607613,0.578463,14.302493,188361,99045,89301,103293
1,1,0.439417,0.276814,0.607613,0.483496,12.696315,156406,112674,75672,135248
1,1,0.378637,0.376844,0.607613,0.521271,11.416190,180059,118195,70151,111595
1,1,0.435740,0.282866,0.607613,0.467440,11.766997,153435,117410,70936,138219
1,1,0.414231,0.318264,0.607613,0.428290,13.861174,149201,131968,56378,142453
1,1,0.461379,0.240669,0.607613,0.402617,13.614963,131724,126814,61532,159930
1,1,0.504150,0.170277,0.607613,0.353167,14.105636,109591,128417,59929,182063
1,1,0.395892,0.348447,0.607613,0.588550,11.289652,192065,97907,90439,99589
1,1,0.455183,0.250866,0.607613,0.445050,11.933086,143395,118117,70229,148259
1,1,0.456892,0.248054,0.607613,0.419467,12.942789,136845,123847,64499,154809
1,1,0.406204,0.331475,0.607613,0.495075,11.283818,167156,117866,70480,124498
1,1,0.367854,0.394591,0.607613,0.634608,13.716311,209848,93582,94764,81806
1,1,0.397106,0.346448,0.607613,0.609552,17.704473,196814,92575,95771,94840
1,1,0.392592,0.353878,0.607613,0.709475,12.363583,221879,69677,118669,69775
1,1,0.375683,0.381706,0.607613,0.587733,16.007694,196719,102953,85393,94935
1,1,0.431233,0.290282,0.607613,0.490217,14.310713,159983,113025,75321,131671
1,1,0.418800,0.310745,0.607613,0.409625,13.517106,143625,135351,52995,148029
1,1,0.426838,0.297517,0.607613,0.462400,13.081273,154362,120756,67590,137292
1,1,0.420260,0.308341,0.607613,0.546023,14.208595,176010,102265,86081,115644
1,1,0.408019,0.328489,0.607613,0.594877,13.666605,190673,93478,94868,100981
1,1,0.422977,0.303870,0.607613,0.493156,16.128478,162670,114301,74045,128984
1,1,0.421165,0.306853,0.607613,0.448998,16.033757,152507,125334,63012,139147
1,1,0.401783,0.338751,0.607613,0.528163,20.510410,176158,110986,77360,115496
1,1,0.406925,0.330289,0.607613,0.567154,15.873769,184282,100394,87952,107372
1,1,0.375073,0.382710,0.607613,0.658606,12.653806,213875,86090,102256,77779
1,1,0.445617,0.266610,0.607613,0.439200,12.951053,144287,121817,66529,147367
1,1,0.424554,0.301275,0.607613,0.439167,11.396715,149334,126880,61466,142320
1,1,0.396556,0.347353,0.607613,0.526752,14.051233,177074,112579,75767,114580
1,1,0.414375,0.318028,0.607613,0.551863,16.658388,178824,102276,86070,112830
2,2,0.330985,0.455269,0.607613,0.570015,19.781486,203194,117933,70413,88460
2,2,0.322031,0.470006,0.607613,0.679790,20.764365,231689,93736,94610,59965
2,2,0.305342,0.497473,0.607613,0.678996,24.136886,235504,97932,90414,56150
2,2,0.327633,0.460786,0.607613,0.695446,17.811880,234102,88634,99712,57552
2,2,0.355267,0.415307,0.607613,0.614121,18.400511,207952,101520,86826,83702
2,2,0.412602,0.320945,0.607613,0.537185,18.842369,175727,106224,82122,115927
2,2,0.359085,0.409022,0.607613,0.650527,21.965744,215773,91866,96480,75881
2,2,0.320802,0.472028,0.607613,0.724648,20.586790,242750,83265,105081,48904
2,2,0.323690,0.467276,0.607613,0.637402,19.281629,221118,103511,84835,70536
2,2,0.367558,0.395078,0.607613,0.606133,22.199260,203085,100487,87859,88569
2,2,0.381613,0.371948,0.607613,0.624308,19.343834,204074,92752,95594,87580
2,2,0.375625,0.381802,0.607613,0.578400,20.061179,194493,105207,83139,97161
2,2,0.316944,0.478378,0.607613,0.651190,22.444967,226046,101821,86525,65608
2,2,0.355071,0.415629,0.607613,0.638883,20.442450,213942,95624,92722,77712
2,2,0.329256,0.458115,0.607613,0.783373,20.094307,254815,67142,121204,36839
2,2,0.348465,0.426502,0.607613,0.684502,20.270643,226476,86261,102085,65178
2,2,0.331327,0.454707,0.607613,0.707798,20.570435,236180,84783,103563,55474
2,2,0.327169,0.461550,0.607613,0.694085,18.285251,233887,89072,99274,57767
2,2,0.355733,0.414539,0.607613,0.613304,18.454507,207644,101604,86742,84010
2,2,0.303298,0.500837,0.607613,0.688944,18.538905,238382,96035,92311,53272
2,2,0.330758,0.455643,0.607613,0.707850,20.760593,236329,84907,103439,55325
2,2,0.322602,0.469066,0.607613,0.679365,22.245261,231450,93701,94645,60204
2,2,0.335167,0.448387,0.607613,0.669108,19.932246,225973,93147,95199,65681
2,2,0.320142,0.473115,0.607613,0.755158,17.534302,250231,76101,112245,41423
2,2,0.354667,0.416295,0.607613,0.626738,18.739169,211124,98636,89710,80530
2,2,0.327073,0.461708,0.607613,0.662352,20.976227,226294,96711,91635,65360
2,2,0.359604,0.408169,0.607613,0.619850,21.779542,208286,99104,89242,83368
2,2,0.384710,0.366849,0.607613,0.626806,19.758313,203930,91409,96937,87724
2,2,0.332535,0.452718,0.607613,0.603660,19.546977,210897,109486,78860,80757
2,2,0.359775,0.407887,0.607613,0.685817,26.487666,224077,83231,105115,67577
2,2,0.336019,0.446985,0.607613,0.596548,18.722641,208354,110357,77989,83300
2,2,0.341731,0.437584,0.607613,0.752769,16.981778,244476,71493,116853,47178
2,2,0.333677,0.450839,0.607613,0.699010,21.494954,233507,86328,102018,58147
2,2,0.325904,0.463632,0.607613,0.666642,19.709117,227604,95962,92384,64050
2,2,0.344358,0.433260,0.607613,0.682529,19.221764,226988,87720,100626,64666
2,2,0.385890,0.364908,0.607613,0.613494,21.435692,200452,94321,94025,91202
2,2,0.341950,0.437224,0.607613,0.662983,19.646769,222875,92989,95357,68779
2,2,0.324169,0.466488,0.607613,0.627319,19.925772,218583,105816,82530,73071
2,2,0.333258,0.451528,0.607613,0.735546,17.848981,242376,77660,110686,49278
2,2,0.354579,0.416439,0.607613,0.609796,20.162328,207079,102723,85623,84575
2,2,0.344004,0.433843,0.607613,0.685358,21.325909,227752,87126,101220,63902
2,2,0.320144,0.473112,0.607613,0.649660,20.173406,224911,101420,86926,66743
2,2,0.381333,0.372407,0.607613,0.597208,20.823654,197637,99323,89023,94017
2,2,0.314102,0.483055,0.607613,0.678102,21.321318,233187,96044,92302,58467
2,2,0.397452,0.345879,0.607613,0.539748,23.070758,179978,109245,79101,111676
2,2,0.344427,0.433147,0.607613,0.698327,20.759370,230763,83912,104434,60891
2,2,0.335031,0.448610,0.607613,0.645931,20.797533,220443,98742,89604,71211
2,2,0.318677,0.475526,0.607613,0.701694,21.528296,237751,89284,99062,53903
2,2,0.356842,0.412715,0.607613,0.598421,23.728730,203806,104910,83436,87848
2,2,0.336575,0.446070,0.607613,0.677246,18.691933,227588,90856,97490,64066
2,2,0.338092,0.443574,0.607613,0.699013,18.966705,232448,85268,103078,59206
2,2,0.338925,0.442202,0.607613,0.746163,20.148017,243564,73752,114594,48090
2,2,0.356542,0.413209,0.607613,0.665583,19.314633,219997,88863,99483,71657
2,2,0.381150,0.372709,0.607613,0.582633,26.489224,194183,102865,85481,97471
2,2,0.319354,0.474411,0.607613,0.698408,24.065786,236800,89910,98436,54854
2,2,0.319554,0.474082,0.607613,0.710942,22.516729,239760,86854,101492,51894
2,2,0.335652,0.447589,0.607613,0.690202,22.582616,230919,87968,100378,60735
2,2,0.324823,0.465411,0.607613,0.670835,18.804351,228870,95215,93131,62784
2,2,0.325204,0.464784,0.607613,0.706725,24.631736,237392,86510,101836,54262
2,2,0.325200,0.464790,0.607613,0.756983,21.264529,249455,74449,113897,42199
2,2,0.316879,0.478485,0.607613,0.721554,20.217704,242949,84949,103397,48705
2,2,0.414175,0.318357,0.607613,0.515971,20.152673,170258,110938,77408,121396
2,2,0.346054,0.430469,0.607613,0.643696,20.229221,217261,96633,91713,74393
2,2,0.350458,0.423221,0.607613,0.648242,19.740980,217295,94485,93861,74359
2,2,0.335340,0.448103,0.607613,0.719373,19.162967,237995,81042,107304,53659
2,2,0.345337,0.431648,0.607613,0.676038,22.750339,225195,89043,99303,66459
2,2,0.337742,0.444150,0.607613,0.697754,18.005633,232230,85654,102692,59424
2,2,0.313979,0.483258,0.607613,0.688829,19.759151,235791,93499,94847,55863
2,2,0.351677,0.421215,0.607613,0.628569,21.848159,212281,98914,89432,79373
2,2,0.328629,0.459147,0.607613,0.719467,18.343997,239628,82630,105716,52026
2,2,0.338133,0.443505,0.607613,0.756279,18.899176,246182,71514,116832,45472
2,2,0.317888,0.476825,0.607613,0.749104,20.500917,249319,78095,110251,42335
2,2,0.321554,0.470791,0.607613,0.737846,21.578989,245737,79917,108429,45917
2,2,0.314979,0.481612,0.607613,0.703921,23.402656,239173,89637,98709,52481
2,2,0.321323,0.471171,0.607613,0.733277,18.875401,244696,81069,107277,46958
2,2,0.326450,0.462733,0.607613,0.677654,18.259753,230116,93188,95158,61538
2,2,0.386465,0.363962,0.607613,0.646427,21.488930,208218,86279,102067,83436
2,2,0.332842,0.452214,0.607613,0.667029,20.241935,226032,94204,94142,65622
2,2,0.347029,0.428864,0.607613,0.671988,18.066111,223817,89609,98737,67837
2,2,0.332819,0.452252,0.607613,0.719119,21.638749,238539,81708,106638,53115
2,2,0.344844,0.432461,0.607613,0.715106,19.052613,234690,79785,108561,56964
2,2,0.321975,0.470098,0.607613,0.729058,20.770464,243527,81925,106421,48127
2,2,0.339244,0.441677,0.607613,0.670198,20.021403,225256,91907,96439,66398
2,2,0.367908,0.394502,0.607613,0.598058,19.321819,201063,102341,86005,90591
2,2,0.337346,0.444801,0.607613,0.682371,19.835597,228633,89441,98905,63021
2,2,0.328600,0.459195,0.607613,0.745338,20.156198,245844,76428,111918,45810
2,2,0.325271,0.464674,0.607613,0.682592,21.307930,231584,92286,96060,60070
2,2,0.331575,0.454299,0.607613,0.670942,19.982647,227275,93569,94777,64379
2,2,0.346296,0.430071,0.607613,0.684017,22.626932,226880,86898,101448,64774
2,2,0.313733,0.483662,0.607613,0.678283,18.982568,233319,96089,92257,58335
2,2,0.353238,0.418647,0.607613,0.685488,19.959974,225567,84879,103467,66087
2,2,0.346167,0.430284,0.607613,0.717258,18.927501,234889,78951,109395,56765
2,2,0.319231,0.474614,0.607613,0.703215,21.492130,237983,88786,99560,53671
2,2,0.318508,0.475804,0.607613,0.793842,20.562205,259907,67209,121137,31747
2,2,0.366046,0.397567,0.607613,0.527517,18.783220,184580,119718,68628,107074
2,2,0.351385,0.421695,0.607613,0.708931,19.032624,231638,79697,108649,60016
2,2,0.397281,0.346160,0.607613,0.551919,18.811421,182940,106365,81981,108714
2,2,0.303433,0.500614,0.607613,0.661383,22.919234,231735,102617,85729,59919
2,2,0.341063,0.438684,0.607613,0.685021,22.032474,228377,87913,100433,63277
2,2,0.315679,0.480460,0.607613,0.722513,22.478444,243467,85007,103339,48187
4,4,0.270425,0.554938,0.607613,0.691188,31.463662,246810,103386,84960,44844
4,4,0.285946,0.529394,0.607613,0.702054,30.224857,245693,97053,91293,45961
4,4,0.308363,0.492501,0.607613,0.707138,29.803651,241533,90453,97893,50121
4,4,0.302096,0.502815,0.607613,0.702817,32.749836,242000,92994,95352,49654
4,4,0.327723,0.460638,0.607613,0.653135,32.045219,223926,98767,89579,67728
4,4,0.275781,0.546123,0.607613,0.724135,28.798794,253432,94193,94153,38222
4,4,0.318658,0.475557,0.607613,0.743046,30.401896,247680,79364,108982,43974
4,4,0.280715,0.538004,0.607613,0.682215,28.910876,242187,103070,85276,49467
4,4,0.294702,0.514984,0.607613,0.703944,28.963912,244045,94498,93848,47609
4,4,0.293152,0.517534,0.607613,0.743648,30.736851,253946,85341,103005,37708
4,4,0.301658,0.503535,0.607613,0.760696,30.471737,255996,79208,109138,35658
4,4,0.284360,0.532004,0.607613,0.669894,33.374201,238355,105152,83194,53299
4,4,0.278885,0.541014,0.607613,0.673385,32.750528,240507,105628,82718,51147
4,4,0.276400,0.545105,0.607613,0.695908,35.236388,246509,100819,87527,45145
4,4,0.300496,0.505448,0.607613,0.693825,41.303598,240226,95536,92810,51428
4,4,0.302273,0.502524,0.607613,0.745060,32.416708,252096,82813,105533,39558
4,4,0.274106,0.548880,0.607613,0.721223,36.854418,253135,95294,93052,38519
4,4,0.300671,0.505160,0.607613,0.734379,31.417299,249917,85761,102585,41737
4,4,0.286502,0.528479,0.607613,0.703785,32.310927,245975,96504,91842,45679
4,4,0.269300,0.556790,0.607613,0.683808,31.552703,245309,105427,82919,46345
4,4,0.275052,0.547323,0.607613,0.697773,41.264172,247280,100695,87651,44374
4,4,0.269212,0.556934,0.607613,0.738571,28.535996,258473,92305,96041,33181
4,4,0.313067,0.484759,0.607613,0.728454,34.748225,245520,84208,104138,46134
4,4,0.313298,0.484379,0.607613,0.643715,38.088068,225127,104490,83856,66527
4,4,0.292029,0.519383,0.607613,0.733750,36.105685,251840,87986,100360,39814
4,4,0.280935,0.537640,0.607613,0.672673,39.964039,239844,105307,83039,51810
4,4,0.318127,0.476431,0.607613,0.663535,36.115306,228725,98574,89772,62929
4,4,0.275221,0.547045,0.607613,0.701038,30.857158,248023,99871,88475,43631
4,4,0.293335,0.517233,0.607613,0.727577,33.147413,250045,89154,99192,41609
4,4,0.270402,0.554976,0.607613,0.708715,31.948049,251022,99185,89161,40632
4,4,0.267183,0.560273,0.607613,0.701433,29.849623,250047,101705,86641,41607
4,4,0.288642,0.524958,0.607613,0.710183,34.165581,246997,94455,93891,44657
4,4,0.267985,0.558953,0.607613,0.670731,30.739350,242486,108881,79465,49168
4,4,0.307381,0.494116,0.607613,0.689010,30.981372,237418,95039,93307,54236
4,4,0.264438,0.564793,0.607613,0.672754,31.615932,243823,109247,79099,47831
4,4,0.306640,0.495337,0.607613,0.667006,30.226950,232315,100498,87848,59339
4,4,0.291229,0.520699,0.607613,0.696592,30.902374,243114,97096,91250,48540
4,4,0.286617,0.528290,0.607613,0.715679,32.841695,248802,93622,94724,42852
4,4,0.287935,0.526120,0.607613,0.713456,31.762353,247952,93839,94507,43702
4,4,0.282056,0.535796,0.607613,0.745390,27.433360,257027,87586,100760,34627
4,4,0.284475,0.531815,0.607613,0.668938,32.665083,238098,105354,82992,53556
4,4,0.285590,0.529981,0.607613,0.728215,36.430096,252057,90860,97486,39597
4,4,0.274744,0.547831,0.607613,0.719544,32.579073,252579,95544,92802,39075
4,4,0.284321,0.532069,0.607613,0.712054,27.757684,248483,95043,93303,43171
4,4,0.283779,0.532960,0.607613,0.704546,29.109839,246811,96975,91371,44843
4,4,0.290104,0.522551,0.607613,0.746996,31.467327,255481,85269,103077,36173
4,4,0.295125,0.514287,0.607613,0.659454,31.789911,233266,105074,83272,58388
4,4,0.275154,0.547155,0.607613,0.727650,31.221546,254426,93500,94846,37228
4,4,0.293617,0.516770,0.607613,0.693775,41.083260,241865,97199,91147,49789
4,4,0.290544,0.521827,0.607613,0.750281,33.132471,256164,84375,103971,35490
4,4,0.281965,0.535947,0.607613,0.728090,30.844307,252897,91760,96586,38757
4,4,0.271190,0.553680,0.607613,0.686265,33.224995,245445,104384,83962,46209
4,4,0.296333,0.512299,0.607613,0.715046,35.314984,246318,91442,96904,45336
4,4,0.274721,0.547868,0.607613,0.686800,29.409509,244726,103408,84938,46928
4,4,0.272704,0.551187,0.607613,0.717417,36.023907,252558,96544,91802,39096
4,4,0.295090,0.514346,0.607613,0.743773,31.440356,253511,84846,103500,38143
4,4,0.297296,0.510715,0.607613,0.709383,30.741393,244728,92570,95776,46926
4,4,0.289313,0.523854,0.607613,0.747375,29.728415,255762,85368,102978,35892
4,4,0.268692,0.557791,0.607613,0.712150,35.961343,252257,98771,89575,39397
4,4,0.300713,0.505092,0.607613,0.730563,30.877048,248991,86667,101679,42663
4,4,0.266212,0.561871,0.607613,0.693696,32.685687,248423,103795,84551,43231
4,4,0.312379,0.485891,0.607613,0.727992,32.711316,245574,84484,103862,46080
4,4,0.285210,0.530605,0.607613,0.715231,32.460000,249032,94067,94279,42622
4,4,0.284867,0.531170,0.607613,0.688950,35.095134,242807,100457,87889,48847
4,4,0.276769,0.544498,0.607613,0.687898,35.252441,244498,102653,85693,47156
4,4,0.266110,0.562039,0.607613,0.678756,36.950911,244862,107405,80941,46792
4,4,0.290525,0.521858,0.607613,0.738621,37.063399,253370,87178,101168,38284
4,4,0.309906,0.489961,0.607613,0.715156,31.629627,243087,88158,100188,48567
4,4,0.291233,0.520692,0.607613,0.722767,37.061553,249395,90813,97533,42259
4,4,0.278598,0.541488,0.607613,0.694123,38.140533,245553,100720,87626,46101
4,4,0.271556,0.553077,0.607613,0.723777,30.364542,254360,95293,93053,37294
4,4,0.273954,0.549130,0.607613,0.712454,30.911165,251067,97435,90911,40587
4,4,0.281598,0.536550,0.607613,0.693877,33.207915,244774,100059,88287,46880
4,4,0.265606,0.562869,0.607613,0.679227,37.716352,245096,107413,80933,46558
4,4,0.282906,0.534397,0.607613,0.734402,32.417464,254186,90019,98327,37468
4,4,0.279227,0.540452,0.607613,0.701356,35.572624,247138,98833,89513,44516
4,4,0.293202,0.517452,0.607613,0.714419,41.199319,246919,92344,96002,44735
4,4,0.278744,0.541248,0.607613,0.714544,28.375271,250419,95784,92562,41235
4,4,0.288371,0.525403,0.607613,0.734488,30.884357,252895,88687,99659,38759
4,4,0.301975,0.503014,0.607613,0.714488,29.643914,244830,90222,98124,46824
4,4,0.283837,0.532864,0.607613,0.705867,29.352547,247114,96644,91702,44540
4,4,0.264777,0.564234,0.607613,0.718235,28.146752,254657,98250,90096,36997
4,4,0.299802,0.506590,0.607613,0.659123,34.699328,232064,104031,84315,59590
4,4,0.290529,0.521851,0.607613,0.716917,32.221930,248160,92386,95960,43494
4,4,0.286773,0.528033,0.607613,0.718369,31.376264,249410,92939,95407,42244
4,4,0.259602,0.572751,0.607613,0.685831,27.692632,248122,107269,81077,43532
4,4,0.292110,0.519249,0.607613,0.711294,34.287435,246431,93356,94990,45223
4,4,0.282379,0.535264,0.607613,0.737817,39.828715,255132,89326,99020,36522
4,4,0.266013,0.562200,0.607613,0.710779,29.649684,252571,99743,88603,39083
4,4,0.272765,0.551088,0.607613,0.683540,32.990823,244413,104660,83686,47241
4,4,0.267017,0.560548,0.607613,0.700125,30.733592,249773,102059,86287,41881
4,4,0.272304,0.551846,0.607613,0.716029,31.319519,252321,96973,91373,39333
4,4,0.268877,0.557486,0.607613,0.712210,32.170262,252227,98712,89634,39427
4,4,0.264863,0.564093,0.607613,0.686967,35.595872,247132,105734,82612,44522
4,4,0.280090,0.539033,0.607613,0.714506,30.188439,250087,95470,92876,41567
4,4,0.266529,0.561350,0.607613,0.692654,30.134133,248097,103969,84377,43557
4,4,0.284704,0.531438,0.607613,0.713146,32.570041,248653,94689,93657,43001
4,4,0.289213,0.524018,0.607613,0.732758,31.688189,252278,88900,99446,39376
4,4,0.266477,0.561436,0.607613,0.706281,32.669606,251380,100711,87635,40274
4,4,0.277833,0.542746,0.607613,0.732088,33.524065,254848,91792,96554,36806
8,8,0.248404,0.591180,0.607613,0.707671,56.245707,256051,104715,83631,35603
8,8,0.245598,0.595798,0.607613,0.705590,52.461916,256225,105888,82458,35429
8,8,0.228198,0.624435,0.607613,0.684965,50.190335,255451,115014,73332,36203
8,8,0.241104,0.603194,0.607613,0.669825,55.643500,248720,115550,72796,42934
8,8,0.246410,0.594461,0.607613,0.715090,53.516959,258310,103413,84933,33344
8,8,0.232090,0.618030,0.607613,0.701727,51.824091,258540,110057,78289,33114
8,8,0.262758,0.567556,0.607613,0.742013,54.638357,260848,93028,95318,30806
8,8,0.250308,0.588046,0.607613,0.725717,57.633904,259925,99927,88419,31729
8,8,0.243819,0.598727,0.607613,0.692406,52.815971,253488,109479,78867,38166
8,8,0.231392,0.619179,0.607613,0.686492,48.637195,255051,113881,74465,36603
8,8,0.246790,0.593837,0.607613,0.711910,48.647608,257456,104085,84261,34198
8,8,0.239910,0.605159,0.607613,0.692890,51.161673,254542,110301,78045,37112
8,8,0.257154,0.576779,0.607613,0.721133,55.817631,257182,99384,88962,34472
8,8,0.255340,0.579766,0.607613,0.701060,52.829271,252800,104637,83709,38854
8,8,0.259613,0.572733,0.607613,0.720679,56.907231,256483,98903,89443,35171
8,8,0.235083,0.613103,0.607613,0.691971,50.363373,255480,111680,76666,36174
8,8,0.242481,0.600928,0.607613,0.706552,55.099797,257204,106405,81941,34450
8,8,0.229300,0.622621,0.607613,0.691667,49.876244,256795,113141,75205,34859
8,8,0.239379,0.606033,0.607613,0.677000,65.488369,250856,114242,74104,40798
8,8,0.233731,0.615328,0.607613,0.671340,61.301239,250853,116956,71390,40801
8,8,0.238065,0.608197,0.607613,0.699881,54.946997,256663,109066,79280,34991
8,8,0.247869,0.592061,0.607613,0.691956,58.412544,252408,108615,79731,39246
8,8,0.240831,0.603643,0.607613,0.698073,53.883795,255565,108836,79510,36089
8,8,0.250613,0.587546,0.607613,0.713896,50.087843,257015,102691,85655,34639
8,8,0.228331,0.624216,0.607613,0.709948,49.059726,261415,108986,79360,30239
8,8,0.230719,0.620286,0.607613,0.691723,51.562620,256468,112787,75559,35186
8,8,0.236554,0.610683,0.607613,0.669738,55.963128,249791,116663,71683,41863
8,8,0.245758,0.595534,0.607613,0.714838,55.561675,258406,103630,84716,33248
8,8,0.251825,0.585550,0.607613,0.713396,50.930639,256604,102520,85826,35050
8,8,0.239194,0.606338,0.607613,0.685098,62.696950,252844,112343,76003,38810
8,8,0.234465,0.614122,0.607613,0.685935,59.101186,254180,113277,75069,37474
8,8,0.265875,0.562427,0.607613,0.723433,64.844838,255641,96739,91607,36013
8,8,0.232525,0.617314,0.607613,0.678325,51.214468,252819,115569,72777,38835
8,8,0.236792,0.610292,0.607613,0.682496,51.441353,252796,113544,74802,38858
8,8,0.235358,0.612651,0.607613,0.689163,57.946471,254740,112288,76058,36914
8,8,0.250094,0.588399,0.607613,0.716956,48.121271,257874,102081,86265,33780
8,8,0.230433,0.620756,0.607613,0.681000,57.456408,253963,115429,72917,37691
8,8,0.250854,0.587148,0.607613,0.695421,59.648957,252523,107067,81279,39131
8,8,0.260344,0.571530,0.607613,0.717185,46.935151,255469,99566,88780,36185
8,8,0.230035,0.621411,0.607613,0.674119,61.879215,252407,117176,71170,39247
8,8,0.270990,0.554009,0.607613,0.696706,59.176003,247999,101926,86420,43655
8,8,0.251171,0.586627,0.607613,0.693721,52.634851,252039,107399,80947,39615
8,8,0.238063,0.608200,0.607613,0.693646,54.732341,255167,110563,77783,36487
8,8,0.238567,0.607370,0.607613,0.691079,59.660951,254430,111058,77288,37224
8,8,0.235560,0.612318,0.607613,0.700948,50.533131,257520,109411,78935,34134
8,8,0.264127,0.565303,0.607613,0.708115,55.927739,252384,100835,87511,39270
8,8,0.245223,0.596416,0.607613,0.698215,61.127731,254545,107748,80598,37109
8,8,0.234281,0.614423,0.607613,0.703685,57.570084,258484,109061,79285,33170
8,8,0.247196,0.593169,0.607613,0.696629,58.730504,253691,107655,80691,37963
8,8,0.241881,0.601915,0.607613,0.708915,55.204516,257915,105982,82364,33739
8,8,0.231808,0.618493,0.607613,0.683413,62.619503,254212,114520,73826,37442
8,8,0.237510,0.609109,0.607613,0.698244,50.991350,256403,109592,78754,35251
8,8,0.246331,0.594592,0.607613,0.707885,48.624374,256600,105161,83185,35054
8,8,0.234606,0.613888,0.607613,0.692256,58.815495,255663,111726,76620,35991
8,8,0.240971,0.603414,0.607613,0.697771,51.266422,255459,108875,79471,36195
8,8,0.259658,0.572658,0.607613,0.706325,49.849320,253027,102337,86009,38627
8,8,0.239788,0.605361,0.607613,0.687871,56.099278,253367,111535,76811,38287
8,8,0.231969,0.618229,0.607613,0.680398,55.926984,253450,115205,73141,38204
8,8,0.243856,0.598665,0.607613,0.709194,66.690348,257508,105441,82905,34146
8,8,0.230915,0.619964,0.607613,0.695606,57.119414,257353,111808,76538,34301
8,8,0.218652,0.640146,0.607613,0.686427,54.494791,258093,116954,71392,33561
8,8,0.237812,0.608612,0.607613,0.690983,48.505037,254588,111262,77084,37066
8,8,0.245735,0.595572,0.607613,0.705152,52.888459,256087,105960,82386,35567
8,8,0.245908,0.595288,0.607613,0.704583,55.427283,255909,106055,82291,35745
8,8,0.251590,0.585937,0.607613,0.716719,49.628602,257458,101779,86567,34196
8,8,0.229067,0.623005,0.607613,0.691492,57.726141,256809,113239,75107,34845
8,8,0.224769,0.630079,0.607613,0.689944,54.705954,257469,114642,73704,34185
8,8,0.251321,0.586380,0.607613,0.714079,47.017691,256889,102477,85869,34765
8,8,0.251813,0.585571,0.607613,0.707600,60.847832,255216,103914,84432,36438
8,8,0.264558,0.564594,0.607613,0.703946,53.358748,251280,101732,86614,40374
8,8,0.228540,0.623873,0.607613,0.685894,49.532274,255592,114709,73637,36062
8,8,0.241300,0.602872,0.607613,0.712379,57.752044,258886,105290,83056,32768
8,8,0.236225,0.611224,0.607613,0.705075,47.081833,258351,108261,80085,33303
8,8,0.257898,0.575555,0.607613,0.717310,60.453800,256086,100123,88223,35568
8,8,0.239448,0.605920,0.607613,0.710073,58.386702,258777,106288,82058,32877
8,8,0.233392,0.615887,0.607613,0.693508,48.587800,256255,111717,76629,35399
8,8,0.236592,0.610621,0.607613,0.688433,54.827249,254269,112167,76179,37385
8,8,0.239919,0.605145,0.607613,0.697323,68.633742,255604,109235,79111,36050
8,8,0.245600,0.595795,0.607613,0.694488,54.386136,253560,108552,79794,38094
8,8,0.276875,0.544323,0.607613,0.739988,59.891055,256974,90126,98220,34680
8,8,0.237398,0.609294,0.607613,0.683427,53.597203,252874,113175,75171,38780
8,8,0.237277,0.609493,0.607613,0.693965,59.026172,255432,110675,77671,36222
8,8,0.228319,0.624236,0.607613,0.697294,65.666616,258381,112026,76320,33273
8,8,0.260238,0.571705,0.607613,0.720488,61.924093,256287,98799,89547,35367
8,8,0.235750,0.612006,0.607613,0.694700,67.725086,255975,110865,77481,35679
8,8,0.238190,0.607991,0.607613,0.687810,62.080790,253736,111933,76413,37918
8,8,0.233917,0.615023,0.607613,0.677442,59.668002,252273,115447,72899,39381
8,8,0.234321,0.614358,0.607613,0.710625,71.455012,260140,107386,80960,31514
8,8,0.247808,0.592161,0.607613,0.699946,68.952668,254340,106712,81634,37314
8,8,0.246894,0.593666,0.607613,0.710840,52.762553,257174,104317,84029,34480
8,8,0.231719,0.618641,0.607613,0.694090,53.484316,256796,111979,76367,34858
8,8,0.238244,0.607902,0.607613,0.695723,49.795799,255622,110021,78325,36032
8,8,0.232825,0.616820,0.607613,0.685050,54.632243,254361,113883,74463,37293
8,8,0.257092,0.576882,0.607613,0.719267,53.903611,256749,99847,88499,34905
8,8,0.231900,0.618342,0.607613,0.686092,58.929562,254833,113855,74491,36821
8,8,0.258019,0.575356,0.607613,0.705460,56.129135,253213,102938,85408,38441
8,8,0.253029,0.583568,0.607613,0.708946,56.832648,255247,103299,85047,36407
8,8,0.257594,0.576056,0.607613,0.721090,51.976348,257066,99289,89057,34588
8,8,0.245342,0.596220,0.607613,0.707363,57.676471,256712,105524,82822,34942
8,8,0.246565,0.594208,0.607613,0.695073,48.033601,253469,108180,80166,38185
16,16,0.204940,0.662713,0.607613,0.687727,103.301502,261696,119933,68413,29958
16,16,0.214196,0.647480,0.607613,0.692113,89.623798,260527,116659,71687,31127
16,16,0.196708,0.676260,0.607613,0.669792,101.817724,259367,126213,62133,32287
16,16,0.211302,0.652242,0.607613,0.700315,85.865257,263190,115385,72961,28464
16,16,0.205096,0.662456,0.607613,0.676250,103.791465,258904,122650,65696,32750
16,16,0.212663,0.650003,0.607613,0.694113,96.415414,261375,116547,71799,30279
16,16,0.211194,0.652420,0.607613,0.691727,103.979498,261155,117472,70874,30499
16,16,0.207525,0.658458,0.607613,0.674796,105.948062,257972,122416,65930,33682
16,16,0.199923,0.670970,0.607613,0.680823,92.814619,261243,122794,65552,30411
16,16,0.204267,0.663821,0.607613,0.684738,105.796660,261140,120812,67534,30514
16,16,0.197567,0.674848,0.607613,0.684746,109.834893,262750,122418,65928,28904
16,16,0.210990,0.652756,0.607613,0.700169,101.324902,263230,115495,72851,28424
16,16,0.199288,0.672015,0.607613,0.680858,98.760457,261404,122938,65408,30250
16,16,0.209481,0.655239,0.607613,0.682923,87.777952,259453,119996,68350,32201
16,16,0.193525,0.681499,0.607613,0.668104,94.134482,259726,127382,60964,31928
16,16,0.206121,0.660769,0.607613,0.677683,90.906384,259002,122060,66286,32652
16,16,0.197040,0.675715,0.607613,0.681040,101.571918,261987,123434,64912,29667
16,16,0.205700,0.661462,0.607613,0.679125,95.844831,259449,121815,66531,32205
16,16,0.197588,0.674813,0.607613,0.678000,96.271314,261126,124032,64314,30528
16,16,0.204296,0.663773,0.607613,0.683696,92.409273,260883,121055,67291,30771
16,16,0.211260,0.652311,0.607613,0.682527,94.346245,258931,119664,68682,32723
16,16,0.207965,0.657735,0.607613,0.687273,99.651988,260861,119316,69030,30793
16,16,0.208277,0.657221,0.607613,0.679140,92.437253,258834,121193,67153,32820
16,16,0.209348,0.655458,0.607613,0.682940,90.182056,259489,120024,68322,32165
16,16,0.198329,0.673593,0.607613,0.689333,87.730063,263668,121134,67212,27986
16,16,0.215402,0.645494,0.607613,0.691456,113.237308,260080,116527,71819,31574
16,16,0.206415,0.660286,0.607613,0.681240,104.502598,259785,121136,67210,31869
16,16,0.218852,0.639816,0.607613,0.703023,98.670655,262028,112923,75423,29626
16,16,0.206275,0.660516,0.607613,0.701429,87.777809,264664,116324,72022,26990
16,16,0.206587,0.660001,0.607613,0.690050,104.409616,261858,118980,69366,29796
16,16,0.212919,0.649581,0.607613,0.688915,93.076269,260066,117733,70613,31588
16,16,0.196277,0.676970,0.607613,0.676156,100.772198,260998,124789,63557,30656
16,16,0.201877,0.667754,0.607613,0.679002,103.381555,260337,122762,65584,31317
16,16,0.205548,0.661712,0.607613,0.684335,86.292327,260736,120601,67745,30918
16,16,0.203244,0.665504,0.607613,0.679844,98.507630,260211,122232,66114,31443
16,16,0.195973,0.677471,0.607613,0.673390,96.906776,260407,125526,62820,31247
16,16,0.200677,0.669729,0.607613,0.675410,91.751863,259763,123912,64434,31891
16,16,0.212042,0.651025,0.607613,0.689417,87.751270,260397,117823,70523,31257
16,16,0.195067,0.678962,0.607613,0.673183,86.152831,260575,125793,62553,31079
16,16,0.217338,0.642309,0.607613,0.694263,103.525938,260289,115389,72957,31365
16,16,0.209777,0.654752,0.607613,0.680690,106.183737,258846,120461,67885,32808
16,16,0.215048,0.646077,0.607613,0.706448,87.267533,263763,113014,75332,27891
16,16,0.194990,0.679089,0.607613,0.678369,100.650847,261838,124567,63779,29816
16,16,0.212246,0.650689,0.607613,0.692008,92.189624,260970,117152,71194,30684
16,16,0.203413,0.665227,0.607613,0.674104,89.806664,258793,123569,64777,32861
16,16,0.212063,0.650991,0.607613,0.689746,102.822880,260471,117739,70607,31183
16,16,0.210756,0.653140,0.607613,0.684240,109.726788,259463,119374,68972,32191
16,16,0.199729,0.671289,0.607613,0.684650,93.273822,262208,121922,66424,29446
16,16,0.206392,0.660324,0.607613,0.677892,108.202223,258987,121945,66401,32667
16,16,0.202171,0.667270,0.607613,0.674058,84.129240,259080,123878,64468,32574
16,16,0.195535,0.678191,0.607613,0.675102,98.317604,260923,125220,63126,30731
16,16,0.196271,0.676980,0.607613,0.665713,108.374779,258493,127297,61049,33161
16,16,0.203881,0.664455,0.607613,0.676006,93.082228,259137,123000,65346,32517
16,16,0.211400,0.652081,0.607613,0.688229,97.144286,260266,118262,70084,31388
16,16,0.206721,0.659782,0.607613,0.685404,96.080509,260711,120063,68283,30943
16,16,0.204692,0.663121,0.607613,0.674200,88.174456,258509,123239,65107,33145
16,16,0.207250,0.658911,0.607613,0.672496,108.263998,257486,123034,65312,34168
16,16,0.206504,0.660138,0.607613,0.694808,93.197044,263020,117858,70488,28634
16,16,0.212463,0.650332,0.607613,0.696588,101.125972,262017,116001,72345,29637
16,16,0.200010,0.670826,0.607613,0.683065,97.182701,261760,122235,66111,29894
16,16,0.209604,0.655036,0.607613,0.682138,101.937343,259235,120155,68191,32419
16,16,0.208117,0.657485,0.607613,0.686717,95.171557,260691,119413,68933,30963
16,16,0.210377,0.653764,0.607613,0.671506,87.512244,256498,122521,65825,35156
16,16,0.213304,0.648947,0.607613,0.682463,95.035124,258425,119189,69157,33229
16,16,0.218792,0.639916,0.607613,0.697325,87.575609,260675,114305,74041,30979
16,16,0.219813,0.638236,0.607613,0.703525,94.054877,261918,112572,75774,29736
16,16,0.204367,0.663656,0.607613,0.669896,95.869561,257554,124350,63996,34100
16,16,0.208744,0.656453,0.607613,0.686085,93.119447,260389,119414,68932,31265
16,16,0.202677,0.666437,0.607613,0.678773,100.267857,260090,122625,65721,31564
16,16,0.206850,0.659569,0.607613,0.684288,93.359147,260412,120300,68046,31242
16,16,0.214060,0.647702,0.607613,0.698690,92.653462,262138,115113,73233,29516
16,16,0.206344,0.660402,0.607613,0.674973,104.821847,258298,122657,65689,33356
16,16,0.196163,0.677159,0.607613,0.683979,96.885022,262903,122939,65407,28751
16,16,0.215060,0.646057,0.607613,0.674669,92.493264,256133,120638,67708,35521
16,16,0.216704,0.643351,0.607613,0.695496,105.961442,260737,115245,73101,30917
16,16,0.206869,0.659538,0.607613,0.681806,106.680036,259812,120891,67455,31842
16,16,0.208773,0.656405,0.607613,0.700881,103.012604,263933,115856,72490,27721
16,16,0.214019,0.647771,0.607613,0.688627,99.649027,259733,117538,70808,31921
16,16,0.205421,0.661921,0.607613,0.679104,95.180058,259511,121887,66459,32143
16,16,0.218527,0.640351,0.607613,0.693473,98.616712,259814,115293,73053,31840
16,16,0.200394,0.670195,0.607613,0.676135,94.654498,260005,123806,64540,31649
16,16,0.201604,0.668203,0.607613,0.676667,95.451437,259842,123388,64958,31812
16,16,0.202435,0.666835,0.607613,0.690902,95.879783,263059,119772,68574,28595
16,16,0.209450,0.655290,0.607613,0.691175,92.742676,261441,118023,70323,30213
16,16,0.212565,0.650164,0.607613,0.697269,89.707735,262156,115813,72533,29498
16,16,0.202938,0.666008,0.607613,0.696725,101.493222,264336,118254,70092,27318
16,16,0.217075,0.642741,0.607613,0.695604,80.994283,260674,115130,73216,30980
16,16,0.207298,0.658832,0.607613,0.679081,100.212001,259055,121442,66904,32599
16,16,0.214833,0.646430,0.607613,0.700529,104.669572,262394,114486,73860,29260
16,16,0.204325,0.663725,0.607613,0.689988,103.352053,262386,119538,68808,29268
16,16,0.207948,0.657762,0.607613,0.690069,104.812527,261536,118649,69697,30118
16,16,0.204221,0.663896,0.607613,0.674313,93.666427,258649,123325,65021,33005
16,16,0.209190,0.655719,0.607613,0.688323,86.140102,260819,118770,69576,30835
16,16,0.211483,0.651944,0.607613,0.693071,96.847252,261408,117080,71266,30246
16,16,0.214123,0.647600,0.607613,0.696148,100.809037,261513,115708,72638,30141
16,16,0.198233,0.673750,0.607613,0.678942,93.974181,261197,123651,64695,30457
16,16,0.209142,0.655798,0.607613,0.703371,99.410391,264442,115170,73176,27212
16,16,0.208790,0.656377,0.607613,0.688331,100.268049,260917,118864,69482,30737
16,16,0.212583,0.650133,0.607613,0.678954,101.124179,257756,120204,68142,33898
16,16,0.206063,0.660865,0.607613,0.682075,91.495796,260070,121020,67326,31584
32,32,0.174710,0.712464,0.607613,0.670127,162.858383,264727,131412,56934,26927
32,32,0.176958,0.708764,0.607613,0.677142,186.322060,265871,129189,59157,25783
32,32,0.182067,0.700357,0.607613,0.679758,171.580693,265273,127335,61011,26381
32,32,0.180454,0.703011,0.607613,0.680508,188.164431,265840,127542,60804,25814
32,32,0.173427,0.714576,0.607613,0.671498,176.987581,265364,131391,56955,26290
32,32,0.173300,0.714785,0.607613,0.668592,178.001247,264697,132119,56227,26957
32,32,0.181448,0.701376,0.607613,0.680965,168.940553,265711,127194,61152,25943
32,32,0.176454,0.709594,0.607613,0.669917,179.473253,264258,131044,57302,27396
32,32,0.178479,0.706262,0.607613,0.681025,166.693636,266438,127892,60454,25216
32,32,0.173627,0.714247,0.607613,0.665027,181.846369,263763,132896,55450,27891
32,32,0.180979,0.702147,0.607613,0.674367,171.576171,264240,128890,59456,27414
32,32,0.181515,0.701266,0.607613,0.675302,171.330886,264336,128537,59809,27318
32,32,0.179927,0.703879,0.607613,0.673402,157.434238,264261,129374,58972,27393
32,32,0.172346,0.716356,0.607613,0.664017,153.038925,263828,133446,54900,27826
32,32,0.178721,0.705864,0.607613,0.671450,183.922222,264082,130132,58214,27572
32,32,0.182038,0.700405,0.607613,0.679346,181.120270,265181,127441,60905,26473
32,32,0.173988,0.713654,0.607613,0.676625,188.303854,266460,130026,58320,25194
32,32,0.176213,0.709992,0.607613,0.681713,172.267741,267147,128271,60075,24507
32,32,0.176371,0.709731,0.607613,0.672171,184.612791,264819,130523,57823,26835
32,32,0.173138,0.715053,0.607613,0.672846,194.086324,265757,131137,57209,25897
32,32,0.170669,0.719116,0.607613,0.670135,174.644239,265699,132380,55966,25955
32,32,0.183433,0.698108,0.607613,0.684767,182.768632,266147,125805,62541,25507
32,32,0.176975,0.708737,0.607613,0.675175,175.502623,265395,129657,58689,26259
32,32,0.186102,0.693716,0.607613,0.685694,177.442375,265729,124942,63404,25925
32,32,0.182415,0.699785,0.607613,0.673906,183.905808,263785,128656,59690,27869
32,32,0.169533,0.720984,0.607613,0.669896,165.118182,265914,132710,55636,25740
32,32,0.179392,0.704760,0.607613,0.679513,172.627193,265856,128036,60310,25798
32,32,0.183071,0.698705,0.607613,0.676513,164.226146,264253,127873,60473,27401
32,32,0.182425,0.699768,0.607613,0.676713,172.047060,264456,127980,60366,27198
32,32,0.174110,0.713452,0.607613,0.665510,197.454557,263763,132664,55682,27891
32,32,0.183398,0.698166,0.607613,0.677431,189.661445,264395,127574,60772,27259
32,32,0.171790,0.717271,0.607613,0.667606,177.804739,264823,132718,55628,26831
32,32,0.174535,0.712752,0.607613,0.672681,162.542001,265382,130841,57505,26272
32,32,0.178013,0.707030,0.607613,0.677625,175.254432,265734,128820,59526,25920
32,32,0.169956,0.720288,0.607613,0.678515,188.861349,267881,130540,57806,23773
32,32,0.173604,0.714285,0.607613,0.669292,181.642956,264792,131878,56468,26862
32,32,0.179485,0.704605,0.607613,0.676231,164.473767,265046,128801,59545,26608
32,32,0.177498,0.707876,0.607613,0.669244,155.302256,263846,130955,57391,27808
32,32,0.173071,0.715162,0.607613,0.678025,160.252970,267016,129910,58436,24638
32,32,0.175450,0.711247,0.607613,0.672179,172.521037,265042,130742,57604,26612
32,32,0.178140,0.706820,0.607613,0.679427,172.595273,266136,128357,59989,25518
32,32,0.174769,0.712368,0.607613,0.672298,186.418343,265234,130877,57469,26420
32,32,0.175802,0.710667,0.607613,0.672385,173.281830,265007,130608,57738,26647
32,32,0.179323,0.704873,0.607613,0.668673,186.151415,263271,130654,57692,28383
32,32,0.183115,0.698633,0.607613,0.677248,172.480092,264419,127686,60660,27235
32,32,0.174492,0.712824,0.607613,0.675546,191.101990,266080,130164,58182,25574
32,32,0.176188,0.710033,0.607613,0.670896,187.556875,264557,130873,57473,27097
32,32,0.171417,0.717885,0.607613,0.670700,189.585076,265655,132065,56281,25999
32,32,0.174275,0.713181,0.607613,0.671825,177.680342,265239,131109,57237,26415
32,32,0.181954,0.700542,0.607613,0.672229,173.229277,263493,129169,59177,28161
32,32,0.176271,0.709896,0.607613,0.675796,191.433222,265713,129677,58669,25941
32,32,0.193467,0.681595,0.607613,0.690642,178.259933,265149,121987,66359,26505
32,32,0.176698,0.709193,0.607613,0.668410,181.662457,263838,131347,56999,27816
32,32,0.176954,0.708771,0.607613,0.670129,164.336266,264189,130873,57473,27465
32,32,0.173308,0.714772,0.607613,0.670429,181.222776,265136,131676,56670,26518
32,32,0.171806,0.717244,0.607613,0.674160,166.847854,266392,131141,57205,25262
32,32,0.180848,0.702363,0.607613,0.672585,183.781200,263844,129349,58997,27810
32,32,0.174438,0.712913,0.607613,0.673496,175.062192,265601,130669,57677,26053
32,32,0.179013,0.705384,0.607613,0.678021,195.334811,265589,128485,59861,26065
32,32,0.173513,0.714436,0.607613,0.668717,179.670424,264676,132038,56308,26978
32,32,0.174217,0.713277,0.607613,0.662650,181.335326,263051,133325,55021,28603
32,32,0.175623,0.710962,0.607613,0.669106,181.090670,264263,131438,56908,27391
32,32,0.172696,0.715780,0.607613,0.673571,184.957179,266037,131069,57277,25617
32,32,0.177392,0.708051,0.607613,0.678629,178.664441,266124,128728,59618,25530
32,32,0.183217,0.698465,0.607613,0.677471,169.994648,264448,127608,60738,27206
32,32,0.180971,0.702161,0.607613,0.680596,205.999076,265737,127397,60949,25917
32,32,0.168200,0.723179,0.607613,0.665992,181.545856,265297,133967,54379,26357
32,32,0.175556,0.711072,0.607613,0.678244,162.912824,266472,129261,59085,25182
32,32,0.171942,0.717021,0.607613,0.672063,179.678204,265856,131612,56734,25798
32,32,0.177173,0.708411,0.607613,0.677056,168.219228,265799,129158,59188,25855
32,32,0.172217,0.716568,0.607613,0.674229,204.208305,266310,131026,57320,25344
32,32,0.176865,0.708919,0.607613,0.673048,166.589521,264911,130194,58152,26743
32,32,0.178363,0.706454,0.607613,0.676100,165.491553,265284,129102,59244,26370
32,32,0.173606,0.714281,0.607613,0.673160,171.616395,265720,130949,57397,25934
32,32,0.177048,0.708617,0.607613,0.669256,181.914903,263957,131060,57286,27697
32,32,0.180944,0.702205,0.607613,0.677144,172.920200,264915,128232,60114,26739
32,32,0.173315,0.714761,0.607613,0.675027,169.054931,266238,130571,57775,25416
32,32,0.177190,0.708384,0.607613,0.678856,154.876770,266227,128722,59624,25427
32,32,0.171538,0.717686,0.607613,0.669729,163.165805,265393,132269,56077,26261
32,32,0.173756,0.714034,0.607613,0.672794,154.363506,265596,131001,57345,26058
32,32,0.180373,0.703145,0.607613,0.676452,180.012988,264886,128535,59811,26768
32,32,0.177223,0.708329,0.607613,0.670631,174.529856,264245,130688,57658,27409
32,32,0.180081,0.703625,0.607613,0.685381,179.971559,267099,126462,61884,24555
32,32,0.174567,0.712701,0.607613,0.672000,165.124871,265211,130997,57349,26443
32,32,0.178583,0.706090,0.607613,0.674379,185.214469,264818,129462,58884,26836
32,32,0.168581,0.722551,0.607613,0.671531,150.208185,266535,132546,55800,25119
32,32,0.191250,0.685243,0.607613,0.688592,178.149596,265189,123011,65335,26465
32,32,0.175269,0.711545,0.607613,0.675552,172.162872,265895,129976,58370,25759
32,32,0.169983,0.720244,0.607613,0.668104,156.626006,265376,133032,55314,26278
32,32,0.170883,0.718763,0.607613,0.671971,191.167406,266088,131888,56458,25566
32,32,0.180002,0.703755,0.607613,0.674006,199.919953,264388,129211,59135,27266
32,32,0.179346,0.704835,0.607613,0.675954,181.814097,265013,128901,59445,26641
32,32,0.186283,0.693418,0.607613,0.677329,182.516228,263678,126906,61440,27976
32,32,0.175998,0.710345,0.607613,0.675115,177.713494,265615,129906,58440,26039
32,32,0.180688,0.702627,0.607613,0.675763,178.914640,264645,128625,59721,27009
32,32,0.170508,0.719380,0.607613,0.673292,196.029559,266495,131661,56685,25159
32,32,0.175771,0.710719,0.607613,0.667358,173.394583,263808,131822,56524,27846
32,32,0.183635,0.697775,0.607613,0.680852,178.357349,265159,126696,61650,26495
32,32,0.177904,0.707208,0.607613,0.676008,169.044830,265372,129234,59112,26282
32,32,0.176131,0.710126,0.607613,0.670652,171.184745,264512,130945,57401,27142
64,64,0.148400,0.755765,0.607613,0.664958,355.823906,269801,138967,49379,21853
64,64,0.151038,0.751425,0.607613,0.664813,300.395142,269133,138369,49977,22521
64,64,0.151308,0.750979,0.607613,0.663513,331.058772,268756,138616,49730,22898
64,64,0.148483,0.755628,0.607613,0.667054,296.686959,270284,138444,49902,21370
64,64,0.154344,0.745983,0.607613,0.665094,318.898898,268407,137508,50838,23247
64,64,0.157404,0.740946,0.607613,0.668821,341.787470,268567,135879,52467,23087
64,64,0.150350,0.752556,0.607613,0.663071,321.942678,268880,138952,49394,22774
64,64,0.149940,0.753232,0.607613,0.665569,325.231288,269578,138451,49895,22076
64,64,0.150460,0.752374,0.607613,0.666665,299.121175,269716,138063,50283,21938
64,64,0.148519,0.755570,0.607613,0.662548,324.951312,269194,139517,48829,22460
64,64,0.153785,0.746902,0.607613,0.670581,317.154726,269858,136325,52021,21796
64,64,0.149083,0.754641,0.607613,0.661921,329.232640,268908,139532,48814,22746
64,64,0.148519,0.755570,0.607613,0.665206,288.045043,269832,138879,49467,21822
64,64,0.149892,0.753310,0.607613,0.663946,354.158006,269200,138852,49494,22454
64,64,0.149858,0.753365,0.607613,0.669775,355.234722,270607,137461,50885,21047
64,64,0.149529,0.753907,0.607613,0.665729,313.093651,269715,138511,49835,21939
64,64,0.149746,0.753550,0.607613,0.666517,311.493302,269852,138270,50076,21802
64,64,0.147569,0.757133,0.607613,0.659990,352.174064,268808,140359,47987,22846
64,64,0.144394,0.762359,0.607613,0.660102,354.804580,269597,141094,47252,22057
64,64,0.149708,0.753612,0.607613,0.667221,296.044280,270030,138110,50236,21624
64,64,0.151404,0.750821,0.607613,0.666142,320.621342,269364,137962,50384,22290
64,64,0.152840,0.748459,0.607613,0.671635,335.561348,270338,136299,52047,21316
64,64,0.150935,0.751593,0.607613,0.664252,301.338087,269023,138528,49818,22631
64,64,0.147038,0.758008,0.607613,0.664838,307.129836,270099,139323,49023,21555
64,64,0.152188,0.749532,0.607613,0.666558,327.526391,269276,137674,50672,22378
64,64,0.152704,0.748682,0.607613,0.663750,302.106744,268478,138224,50122,23176
64,64,0.150073,0.753012,0.607613,0.664594,342.090219,269312,138653,49693,22342
64,64,0.149454,0.754030,0.607613,0.667675,328.465660,270200,138062,50284,21454
64,64,0.158592,0.738992,0.607613,0.670646,318.843673,268720,135156,53190,22934
64,64,0.144710,0.761838,0.607613,0.659635,349.545310,269409,141130,47216,22245
64,64,0.151667,0.750389,0.607613,0.663513,305.246593,268670,138530,49816,22984
64,64,0.155460,0.744145,0.607613,0.669994,338.398806,269315,136064,52282,22339
64,64,0.152373,0.749227,0.607613,0.667085,318.912789,269358,137503,50843,22296
64,64,0.146746,0.758488,0.607613,0.667154,315.320300,270725,138837,49509,20929
64,64,0.146077,0.759588,0.607613,0.662044,311.541159,269659,140224,48122,21995
64,64,0.147267,0.757631,0.607613,0.663104,368.484782,269628,139684,48662,22026
64,64,0.151592,0.750513,0.607613,0.668367,270.363057,269853,137383,50963,21801
64,64,0.150463,0.752371,0.607613,0.672279,329.681551,271063,136715,51631,20591
64,64,0.147765,0.756811,0.607613,0.663469,349.198194,269596,139477,48869,22058
64,64,0.149623,0.753753,0.607613,0.667052,325.700424,270010,138171,50175,21644
64,64,0.150835,0.751757,0.607613,0.666610,297.059294,269613,137986,50360,22041
64,64,0.148965,0.754836,0.607613,0.662340,325.847337,269037,139460,48886,22617
64,64,0.149915,0.753273,0.607613,0.666015,324.214771,269691,138350,49996,21963
64,64,0.151131,0.751270,0.607613,0.667894,300.536220,269850,137607,50739,21804
64,64,0.157479,0.740823,0.607613,0.668767,295.315209,268536,135874,52472,23118
64,64,0.147908,0.756575,0.607613,0.665446,292.796087,270036,138968,49378,21618
64,64,0.146777,0.758436,0.607613,0.659540,335.881244,268890,140657,47689,22764
64,64,0.149667,0.753681,0.607613,0.667542,328.889269,270117,138043,50303,21537
64,64,0.153081,0.748061,0.607613,0.670519,310.280012,270012,136509,51837,21642
64,64,0.148023,0.756386,0.607613,0.661198,303.890990,268989,139960,48386,22665
64,64,0.149952,0.753211,0.607613,0.666619,310.408857,269827,138196,50150,21827
64,64,0.152102,0.749673,0.607613,0.663794,332.727503,268633,138358,49988,23021
64,64,0.153804,0.746871,0.607613,0.661746,347.651973,267733,138441,49905,23921
64,64,0.150858,0.751720,0.607613,0.659996,322.152883,268020,139568,48778,23634
64,64,0.152202,0.749508,0.607613,0.669365,331.828397,269946,136997,51349,21708
64,64,0.153440,0.747471,0.607613,0.666852,334.594197,269046,137303,51043,22608
64,64,0.150585,0.752169,0.607613,0.663352,311.844371,268891,138828,49518,22763
64,64,0.159429,0.737614,0.607613,0.671496,340.177700,268723,134751,53595,22931
64,64,0.147706,0.756907,0.607613,0.663781,313.801200,269685,139416,48930,21969
64,64,0.149215,0.754425,0.607613,0.662348,336.307674,268979,139398,48948,22675
64,64,0.148298,0.755933,0.607613,0.667277,332.729662,270382,138435,49911,21272
64,64,0.150244,0.752731,0.607613,0.666619,322.694456,269757,138126,50220,21897
64,64,0.149450,0.754037,0.607613,0.665483,342.074629,269675,138589,49757,21979
64,64,0.149804,0.753454,0.607613,0.661367,320.836819,268602,139492,48854,23052
64,64,0.150369,0.752525,0.607613,0.662448,317.522017,268726,139097,49249,22928
64,64,0.149356,0.754192,0.607613,0.659810,348.323078,268336,139973,48373,23318
64,64,0.147115,0.757881,0.607613,0.664415,307.376957,269979,139406,48940,21675
64,64,0.152604,0.748846,0.607613,0.668992,343.381748,269760,136990,51356,21894
64,64,0.154413,0.745870,0.607613,0.665550,347.948508,268500,137382,50964,23154
64,64,0.147083,0.757932,0.607613,0.666179,318.204609,270410,138990,49356,21244
64,64,0.147879,0.756623,0.607613,0.665175,345.837769,269978,139040,49306,21676
64,64,0.158023,0.739928,0.607613,0.669323,310.377645,268539,135610,52736,23115
64,64,0.150638,0.752083,0.607613,0.663317,353.676855,268870,138824,49522,22784
64,64,0.152383,0.749210,0.607613,0.671025,317.062965,270301,136555,51791,21353
64,64,0.148994,0.754788,0.607613,0.660556,313.839025,268602,139881,48465,23052
64,64,0.152248,0.749433,0.607613,0.665615,329.334664,269035,137886,50460,22619
64,64,0.149804,0.753454,0.607613,0.660079,354.834027,268293,139801,48545,23361
64,64,0.146777,0.758436,0.607613,0.660556,319.565202,269134,140413,47933,22520
64,64,0.150396,0.752481,0.607613,0.667850,385.990444,270016,137794,50552,21638
64,64,0.149485,0.753979,0.607613,0.665773,354.562445,269736,138511,49835,21918
64,64,0.148056,0.756331,0.607613,0.664852,341.525532,269858,139075,49271,21796
64,64,0.148065,0.756317,0.607613,0.661990,315.465054,269169,139760,48586,22485
64,64,0.146821,0.758364,0.607613,0.663938,335.522447,269935,139591,48755,21719
64,64,0.145152,0.761111,0.607613,0.666190,323.594035,270876,139451,48895,20778
64,64,0.146688,0.758584,0.607613,0.665517,353.714999,270346,139244,49102,21308
64,64,0.150090,0.752985,0.607613,0.665715,312.175948,269577,138380,49966,22077
64,64,0.149154,0.754524,0.607613,0.666338,305.867909,269951,138455,49891,21703
64,64,0.143604,0.763658,0.607613,0.661188,357.997521,270047,141023,47323,21607
64,64,0.150444,0.752402,0.607613,0.669198,342.711778,270328,137459,50887,21326
64,64,0.147683,0.756945,0.607613,0.663717,333.988728,269675,139437,48909,21979
64,64,0.146769,0.758450,0.607613,0.664823,331.470116,270160,139391,48955,21494
64,64,0.147473,0.757291,0.607613,0.660869,321.770447,269042,140171,48175,22612
64,64,0.148110,0.756242,0.607613,0.666960,359.658779,270351,138556,49790,21303
64,64,0.148062,0.756321,0.607613,0.662725,341.532291,269346,139584,48762,22308
64,64,0.152625,0.748812,0.607613,0.663279,297.790972,268384,138356,49990,23270
64,64,0.141623,0.766919,0.607613,0.662194,340.957992,270764,141257,47089,20890
64,64,0.155179,0.744608,0.607613,0.666996,353.690349,268663,136851,51495,22991
64,64,0.148165,0.756153,0.607613,0.661944,333.503670,269134,139747,48599,22520
64,64,0.153929,0.746666,0.607613,0.665100,297.429408,268508,137606,50740,23146
64,64,0.149204,0.754442,0.607613,0.662146,310.411157,268933,139449,48897,22721
128,128,0.126894,0.791160,0.607613,0.659348,585.422204,273616,145475,42871,18038
128,128,0.126412,0.791952,0.607613,0.657417,661.399400,273268,146054,42292,18386
128,128,0.125154,0.794023,0.607613,0.658396,616.157422,273805,146121,42225,17849
128,128,0.128150,0.789093,0.607613,0.657875,617.121138,272961,145527,42819,18693
128,128,0.127208,0.790642,0.607613,0.655588,626.531847,272638,146302,42044,19016
128,128,0.129098,0.787532,0.607613,0.657802,545.712900,272716,145317,43029,18938
128,128,0.129317,0.787172,0.607613,0.658033,578.072583,272719,145209,43137,18935
128,128,0.125365,0.793677,0.607613,0.656010,582.915135,273182,146643,41703,18472
128,128,0.125300,0.793783,0.607613,0.654229,564.312861,272770,147086,41260,18884
128,128,0.125258,0.793852,0.607613,0.655671,552.192745,273126,146750,41596,18528
128,128,0.128925,0.787817,0.607613,0.657713,600.416347,272736,145380,42966,18918
128,128,0.124173,0.795638,0.607613,0.656565,517.864514,273601,146796,41550,18053
128,128,0.125498,0.793457,0.607613,0.656052,631.656100,273160,146601,41745,18494
128,128,0.125502,0.793450,0.607613,0.658690,605.784677,273792,145967,42379,17862
128,128,0.127088,0.790841,0.607613,0.660054,655.729038,273739,145259,43087,17915
128,128,0.123971,0.795971,0.607613,0.655629,592.191994,273425,147069,41277,18229
128,128,0.127994,0.789350,0.607613,0.658135,571.459106,273061,145502,42844,18593
128,128,0.125250,0.793865,0.607613,0.656488,585.083022,273324,146556,41790,18330
128,128,0.129748,0.786463,0.607613,0.659177,600.821305,272890,144831,43515,18764
128,128,0.127396,0.790334,0.607613,0.659038,625.450580,273421,145429,42917,18233
128,128,0.126294,0.792148,0.607613,0.655931,620.710646,272940,146439,41907,18714
128,128,0.128752,0.788102,0.607613,0.658631,590.599996,272998,145201,43145,18656
128,128,0.127437,0.790265,0.607613,0.657921,584.459865,273143,145687,42659,18511
128,128,0.124233,0.795539,0.607613,0.658567,595.492458,274067,146301,42045,17587
128,128,0.127129,0.790773,0.607613,0.657200,624.262692,273044,145934,42412,18610
128,128,0.123983,0.795950,0.607613,0.657008,647.167752,273753,146735,41611,17901
128,128,0.128756,0.788095,0.607613,0.658773,589.643238,273031,145166,43180,18623
128,128,0.126698,0.791482,0.607613,0.657206,582.353266,273149,146036,42310,18505
128,128,0.126333,0.792082,0.607613,0.658913,595.221848,273646,145714,42632,18008
128,128,0.128500,0.788517,0.607613,0.657021,628.299194,272672,145648,42698,18982
128,128,0.125196,0.793954,0.607613,0.655804,590.204805,273173,146733,41613,18481
128,128,0.130681,0.784927,0.607613,0.660227,581.091813,272918,144355,43991,18736
128,128,0.126565,0.791702,0.607613,0.656810,594.793300,273086,146163,42183,18568
128,128,0.128429,0.788633,0.607613,0.658433,616.375087,273028,145326,43020,18626
128,128,0.128448,0.788602,0.607613,0.658452,666.037247,273028,145317,43029,18626
128,128,0.126869,0.791201,0.607613,0.658677,631.408515,273461,145642,42704,18193
128,128,0.131010,0.784385,0.607613,0.659094,617.351646,272567,144548,43798,19087
128,128,0.128260,0.788911,0.607613,0.659465,627.987815,273316,145119,43227,18338
128,128,0.129223,0.787327,0.607613,0.660823,582.091294,273411,144562,43784,18243
128,128,0.126502,0.791805,0.607613,0.660098,589.392288,273890,145389,42957,17764
128,128,0.124385,0.795288,0.607613,0.657056,573.915216,273668,146627,41719,17986
128,128,0.127665,0.789891,0.607613,0.658715,566.484842,273279,145442,42904,18375
128,128,0.125748,0.793046,0.607613,0.656973,618.705225,273321,146320,42026,18333
128,128,0.125502,0.793450,0.607613,0.656373,596.734759,273236,146523,41823,18418
128,128,0.124383,0.795292,0.607613,0.658200,630.763399,273943,146353,41993,17711
128,128,0.127758,0.789737,0.607613,0.658763,601.233626,273268,145408,42938,18386
128,128,0.126146,0.792391,0.607613,0.657563,577.019585,273367,146083,42263,18287
128,128,0.126704,0.791472,0.607613,0.661058,605.644222,274072,145110,43236,17582
128,128,0.126119,0.792436,0.607613,0.660290,690.629524,274028,145435,42911,17626
128,128,0.125533,0.793399,0.607613,0.654029,643.625131,272666,147078,41268,18988
128,128,0.122604,0.798220,0.607613,0.657842,605.228607,274284,146866,41480,17370
128,128,0.126608,0.791630,0.607613,0.655679,569.747906,272804,146424,41922,18850
128,128,0.125844,0.792888,0.607613,0.658835,587.368816,273745,145850,42496,17909
128,128,0.126546,0.791733,0.607613,0.655921,656.708908,272877,146381,41965,18777
128,128,0.126244,0.792230,0.607613,0.654640,641.361712,272642,146761,41585,19012
128,128,0.124594,0.794945,0.607613,0.655369,588.395715,273213,146982,41364,18441
128,128,0.126738,0.791417,0.607613,0.659871,665.202304,273779,145387,42959,17875
128,128,0.128742,0.788119,0.607613,0.659233,612.595170,273145,145059,43287,18509
128,128,0.123804,0.796245,0.607613,0.656417,649.681807,273654,146920,41426,18000
128,128,0.127444,0.790255,0.607613,0.658194,630.687938,273207,145620,42726,18447
128,128,0.127354,0.790402,0.607613,0.658563,608.159970,273317,145553,42793,18337
128,128,0.128594,0.788362,0.607613,0.660140,622.058970,273398,144877,43469,18256
128,128,0.128092,0.789189,0.607613,0.657779,508.322652,272952,145564,42782,18702
128,128,0.129181,0.787395,0.607613,0.658465,612.720115,272855,145138,43208,18799
128,128,0.127596,0.790005,0.607613,0.659717,579.730020,273536,145218,43128,18118
128,128,0.123769,0.796303,0.607613,0.654977,659.921992,273317,147274,41072,18337
128,128,0.127471,0.790210,0.607613,0.658638,633.554658,273307,145507,42839,18347
128,128,0.124169,0.795645,0.607613,0.657006,605.143672,273708,146691,41655,17946
128,128,0.127221,0.790622,0.607613,0.657671,575.839959,273135,145799,42547,18519
128,128,0.125215,0.793924,0.607613,0.655715,647.813964,273147,146750,41596,18507
128,128,0.125969,0.792682,0.607613,0.657215,599.579331,273326,146209,42137,18328
128,128,0.128219,0.788979,0.607613,0.658277,614.843387,273041,145414,42932,18613
128,128,0.126238,0.792240,0.607613,0.659213,587.695371,273741,145665,42681,17913
128,128,0.126323,0.792100,0.607613,0.656402,629.882463,273046,146319,42027,18608
128,128,0.126294,0.792148,0.607613,0.656535,613.579796,273085,146294,42052,18569
128,128,0.125494,0.793464,0.607613,0.657769,619.415794,273573,146190,42156,18081
128,128,0.126600,0.791644,0.607613,0.658104,598.122833,273388,145844,42502,18266
128,128,0.126377,0.792010,0.607613,0.655190,596.501589,272742,146597,41749,18912
128,128,0.125427,0.793574,0.607613,0.657506,593.150381,273526,146269,42077,18128
128,128,0.129948,0.786134,0.607613,0.659435,637.261331,272904,144721,43625,18750
128,128,0.128713,0.788167,0.607613,0.658975,586.541514,273090,145128,43218,18564
128,128,0.125169,0.793999,0.607613,0.655669,646.192851,273147,146772,41574,18507
128,128,0.126983,0.791013,0.607613,0.657933,610.803783,273255,145793,42553,18399
128,128,0.128498,0.788520,0.607613,0.658223,593.002492,272961,145360,42986,18693
128,128,0.127246,0.790581,0.607613,0.660313,620.190929,273763,145159,43187,17891
128,128,0.127465,0.790221,0.607613,0.659015,585.912941,273399,145418,42928,18255
128,128,0.128396,0.788688,0.607613,0.663354,664.734656,274217,144153,44193,17437
128,128,0.129931,0.786161,0.607613,0.660115,531.943366,273071,144562,43784,18583
128,128,0.126981,0.791016,0.607613,0.654402,618.018561,272408,146641,41705,19246
128,128,0.130290,0.785571,0.607613,0.656365,657.624670,272085,145376,42970,19569
128,128,0.126975,0.791026,0.607613,0.657113,601.936288,273060,145992,42354,18594
128,128,0.127896,0.789511,0.607613,0.658133,673.218640,273084,145526,42820,18570
128,128,0.129752,0.786456,0.607613,0.659423,645.485885,272948,144771,43575,18706
128,128,0.127681,0.789864,0.607613,0.657806,622.999627,273057,145656,42690,18597
128,128,0.127183,0.790683,0.607613,0.654892,583.174547,272477,146475,41871,19177
128,128,0.127279,0.790526,0.607613,0.659313,590.695059,273515,145391,42955,18139
128,128,0.128460,0.788582,0.607613,0.660419,575.222169,273497,144842,43504,18157
128,128,0.129813,0.786356,0.607613,0.661892,579.251958,273526,144164,44182,18128
128,128,0.125508,0.793440,0.607613,0.659413,558.891073,273964,145792,42554,17690
128,128,0.125298,0.793786,0.607613,0.656419,567.888748,273296,146561,41785,18358
240,240,0.103977,0.828876,0.607613,0.647769,1065.099459,276337,153754,34592,15317
240,240,0.103433,0.829771,0.607613,0.646496,1020.415757,276162,154190,34156,15492
240,240,0.105710,0.826023,0.607613,0.651940,1066.472474,276922,152337,36009,14732
240,240,0.104771,0.827570,0.607613,0.648850,996.102113,276406,153304,35042,15248
240,240,0.104912,0.827337,0.607613,0.649858,965.266418,276614,153028,35318,15040
240,240,0.105838,0.825814,0.607613,0.649646,953.491278,276341,152857,35489,15313
240,240,0.107796,0.822591,0.607613,0.650575,944.912366,276094,152164,36182,15560
240,240,0.105662,0.826102,0.607613,0.649092,985.545445,276250,153032,35314,15404
240,240,0.105975,0.825588,0.607613,0.650517,947.479641,276517,152615,35731,15137
240,240,0.107404,0.823236,0.607613,0.649642,967.902086,275964,152482,35864,15690
240,240,0.105763,0.825938,0.607613,0.651692,1001.929101,276850,152384,35962,14804
240,240,0.106252,0.825132,0.607613,0.650127,927.634811,276357,152642,35704,15297
240,240,0.106275,0.825094,0.607613,0.651529,956.657997,276688,152300,36046,14966
240,240,0.107571,0.822961,0.607613,0.651754,1035.139878,276431,151935,36411,15223
240,240,0.107919,0.822389,0.607613,0.650998,942.027905,276166,152033,36313,15488
240,240,0.104796,0.827529,0.607613,0.650050,1010.001568,276688,153010,35336,14966
240,240,0.104900,0.827357,0.607613,0.650138,949.771345,276684,152964,35382,14970
240,240,0.106710,0.824378,0.607613,0.651140,1005.073577,276490,152289,36057,15164
240,240,0.108460,0.821497,0.607613,0.651623,947.188963,276186,151753,36593,15468
240,240,0.105681,0.826071,0.607613,0.649723,961.823601,276397,152876,35470,15257
240,240,0.106054,0.825458,0.607613,0.650813,934.136584,276569,152525,35821,15085
240,240,0.105269,0.826750,0.607613,0.649144,1051.750861,276357,153114,35232,15297
240,240,0.105781,0.825907,0.607613,0.649731,987.384559,276375,152850,35496,15279
240,240,0.107656,0.822821,0.607613,0.651894,978.370318,276444,151881,36465,15210
240,240,0.108069,0.822142,0.607613,0.652277,1069.790923,276437,151690,36656,15217
240,240,0.106744,0.824323,0.607613,0.653006,1017.938954,276930,151833,36513,14724
240,240,0.104713,0.827666,0.607613,0.651596,999.910603,277079,152659,35687,14575
240,240,0.105019,0.827162,0.607613,0.649827,1075.465696,276581,153010,35336,15073
240,240,0.106779,0.824264,0.607613,0.653179,1040.517164,276963,151783,36563,14691
240,240,0.106438,0.824827,0.607613,0.650554,1095.696313,276415,152495,35851,15239
240,240,0.105733,0.825986,0.607613,0.650308,1077.898460,276525,152723,35623,15129
240,240,0.107190,0.823589,0.607613,0.651002,958.463405,276342,152207,36139,15312
240,240,0.106485,0.824748,0.607613,0.651315,1018.861391,276586,152301,36045,15068
240,240,0.107575,0.822955,0.607613,0.650838,1074.257014,276210,152154,36192,15444
240,240,0.107740,0.822684,0.607613,0.652156,1083.747253,276487,151798,36548,15167
240,240,0.104796,0.827529,0.607613,0.647496,1043.553856,276075,153623,34723,15579
240,240,0.108242,0.821857,0.607613,0.652025,1081.617439,276335,151709,36637,15319
240,240,0.108102,0.822087,0.607613,0.651044,1100.145800,276133,151978,36368,15521
240,240,0.105498,0.826373,0.607613,0.650748,1104.382267,276687,152674,35672,14967
240,240,0.107069,0.823788,0.607613,0.652948,1075.288014,276838,151769,36577,14816
240,240,0.105904,0.825704,0.607613,0.649554,1158.662804,276303,152863,35483,15351
240,240,0.105733,0.825986,0.607613,0.649429,1114.848042,276314,152934,35412,15340
240,240,0.108125,0.822049,0.607613,0.651296,1135.015580,276188,151912,36434,15466
240,240,0.104210,0.828492,0.607613,0.648548,1141.559198,276468,153511,34835,15186
240,240,0.105969,0.825598,0.607613,0.651969,1101.329771,276867,152268,36078,14787
240,240,0.105763,0.825938,0.607613,0.651071,1100.701599,276701,152533,35813,14953
240,240,0.106831,0.824179,0.607613,0.652002,1018.857014,276668,152053,36293,14986
240,240,0.106540,0.824659,0.607613,0.650594,1075.029585,276400,152461,35885,15254
240,240,0.107644,0.822841,0.607613,0.652281,1074.023371,276540,151791,36555,15114
240,240,0.106946,0.823990,0.607613,0.651696,1003.829631,276567,152099,36247,15087
240,240,0.105421,0.826500,0.607613,0.650875,1046.202068,276736,152662,35684,14918
240,240,0.104950,0.827275,0.607613,0.649400,1055.205918,276495,153129,35217,15159
240,240,0.107873,0.822464,0.607613,0.652206,1011.494636,276467,151754,36592,15187
240,240,0.106648,0.824480,0.607613,0.652440,1056.427417,276817,151992,36354,14837
240,240,0.107292,0.823421,0.607613,0.652413,1065.542128,276656,151844,36502,14998
240,240,0.106946,0.823990,0.607613,0.651142,937.445769,276434,152232,36114,15220
240,240,0.105531,0.826318,0.607613,0.651444,992.078703,276846,152499,35847,14808
240,240,0.107258,0.823476,0.607613,0.651379,920.012302,276416,152100,36246,15238
240,240,0.108900,0.820774,0.607613,0.649950,994.744430,275679,152049,36297,15975
240,240,0.106825,0.824189,0.607613,0.650625,924.940599,276339,152385,35961,15315
240,240,0.105908,0.825698,0.607613,0.651621,950.080055,276798,152366,35980,14856
240,240,0.105838,0.825814,0.607613,0.650142,990.490405,276460,152738,35608,15194
240,240,0.108019,0.822224,0.607613,0.652235,987.074464,276439,151712,36634,15215
240,240,0.105877,0.825749,0.607613,0.650452,857.598288,276525,152654,35692,15129
240,240,0.104821,0.827487,0.607613,0.650225,990.879678,276724,152962,35384,14930
240,240,0.107483,0.823105,0.607613,0.650808,896.715425,276225,152183,36163,15429
240,240,0.106927,0.824021,0.607613,0.649223,986.522408,275978,152697,35649,15676
240,240,0.105304,0.826692,0.607613,0.649450,993.570228,276422,153032,35314,15232
240,240,0.107006,0.823891,0.607613,0.651831,1041.570271,276585,152052,36294,15069
240,240,0.104904,0.827350,0.607613,0.652129,944.470099,277161,152485,35861,14493
240,240,0.106308,0.825039,0.607613,0.652625,969.734840,276943,152029,36317,14711
240,240,0.105652,0.826119,0.607613,0.652385,1001.283961,277043,152244,36102,14611
240,240,0.107948,0.822341,0.607613,0.652152,920.947004,276436,151749,36597,15218
240,240,0.105602,0.826202,0.607613,0.648185,995.539560,276047,153264,35082,15607
240,240,0.105842,0.825807,0.607613,0.648725,975.644934,276119,153077,35269,15535
240,240,0.105367,0.826589,0.607613,0.649917,1084.505517,276519,152905,35441,15135
240,240,0.106754,0.824306,0.607613,0.650563,1113.149737,276341,152417,35929,15313
240,240,0.106433,0.824834,0.607613,0.650079,1024.521878,276302,152610,35736,15352
240,240,0.106685,0.824419,0.607613,0.649165,1136.788589,276022,152769,35577,15632
240,240,0.104871,0.827405,0.607613,0.650388,979.233271,276751,152911,35435,14903
240,240,0.107052,0.823815,0.607613,0.651594,1144.520053,276517,152098,36248,15137
240,240,0.106204,0.825211,0.607613,0.652858,1054.831702,277024,151998,36348,14630
240,240,0.105108,0.827014,0.607613,0.650088,1066.817931,276622,152926,35420,15032
240,240,0.107050,0.823819,0.607613,0.650413,1034.327345,276234,152382,35964,15420
240,240,0.106640,0.824494,0.607613,0.651615,1147.487595,276621,152192,36154,15033
240,240,0.105483,0.826397,0.607613,0.652438,1114.489966,277096,152272,36074,14558
240,240,0.105023,0.827155,0.607613,0.650723,1047.449142,276795,152794,35552,14859
240,240,0.107298,0.823411,0.607613,0.650560,964.410260,276210,152287,36059,15444
240,240,0.104725,0.827645,0.607613,0.647946,1079.093041,276200,153532,34814,15454
240,240,0.104760,0.827587,0.607613,0.648723,1047.049215,276378,153337,35009,15276
240,240,0.108910,0.820757,0.607613,0.654006,1001.057770,276650,151073,37273,15004
240,240,0.105227,0.826819,0.607613,0.650915,1114.993122,276792,152699,35647,14862
240,240,0.108265,0.821820,0.607613,0.650181,1090.764375,275887,152146,36200,15767
240,240,0.106425,0.824847,0.607613,0.651863,1001.778440,276732,152184,36162,14922
240,240,0.105321,0.826664,0.607613,0.649075,1050.940428,276328,153118,35228,15326
240,240,0.107298,0.823411,0.607613,0.651290,1123.412157,276385,152112,36234,15269
240,240,0.105856,0.825783,0.607613,0.650785,1032.960903,276610,152579,35767,15044
240,240,0.107190,0.823589,0.607613,0.652481,1116.651168,276697,151852,36494,14957
240,240,0.104708,0.827673,0.607613,0.649979,1094.573028,276692,153048,35298,14962
240,240,0.104908,0.827343,0.607613,0.649029,1060.152101,276416,153228,35118,15238
