1,1,0.155353,0.119669,0.176471,0.052307,40.245207,35492,781076,15076,135112
1,1,0.160066,0.092958,0.176471,0.037514,43.456609,26063,785948,10204,144541
1,1,0.156685,0.112119,0.176471,0.081241,40.336629,48834,766446,29706,121770
1,1,0.160519,0.090391,0.176471,0.076484,40.190334,44681,766892,29260,125923
1,1,0.161008,0.087624,0.176471,0.070315,38.459765,41463,769638,26514,129141
1,1,0.154334,0.125443,0.176471,0.057455,41.020461,38473,779080,17072,132131
1,1,0.167649,0.049987,0.176471,0.051525,39.313220,29170,775510,20642,141434
1,1,0.158151,0.103814,0.176471,0.087432,47.422058,51118,762745,33407,119486
1,1,0.162195,0.080895,0.176471,0.073747,39.646269,42548,767405,28747,128056
1,1,0.165256,0.063551,0.176471,0.071335,42.992748,39903,767091,29061,130701
1,1,0.160477,0.090631,0.176471,0.033496,39.774330,23922,787692,8460,146682
1,1,0.153457,0.130413,0.176471,0.065232,43.092761,42656,775745,20407,127948
1,1,0.156424,0.113596,0.176471,0.043010,51.146182,30480,785052,11100,140124
1,1,0.155270,0.120138,0.176471,0.056304,39.057591,37464,779184,16968,133140
1,1,0.155665,0.117899,0.176471,0.053132,39.950788,35740,780526,15626,134864
1,1,0.145446,0.175805,0.176471,0.096642,40.554327,61711,764434,31718,108893
1,1,0.171338,0.029085,0.176471,0.022461,46.939804,13338,787776,8376,157266
1,1,0.160708,0.089324,0.176471,0.030389,40.883558,22309,789082,7070,148295
1,1,0.156780,0.111580,0.176471,0.081154,48.847848,48746,766442,29710,121858
1,1,0.155425,0.119259,0.176471,0.055478,45.041327,36990,779508,16644,133614
1,1,0.152868,0.133748,0.176471,0.066252,44.781430,43434,775536,20616,127170
1,1,0.159936,0.093697,0.176471,0.040164,46.423658,27407,784730,11422,143197
1,1,0.154773,0.122951,0.176471,0.056999,43.760236,38040,779088,17064,132564
1,1,0.160729,0.089201,0.176471,0.029933,42.100106,22078,789292,6860,148526
1,1,0.154027,0.127178,0.176471,0.061495,42.578114,40574,777275,18877,130030
1,1,0.167145,0.052848,0.176471,0.063038,40.011926,34979,770189,25963,135625
1,1,0.149461,0.153056,0.176471,0.090712,46.044491,56904,765360,30792,113700
1,1,0.163255,0.074887,0.176471,0.051959,44.654935,31504,777424,18728,139100
1,1,0.160372,0.091223,0.176471,0.035342,41.582109,24865,786850,9302,145739
1,1,0.155925,0.116428,0.176471,0.050374,42.339035,34281,781734,14418,136323
1,1,0.149946,0.150307,0.176471,0.083304,47.091726,53089,768706,27446,117515
1,1,0.162376,0.079869,0.176471,0.079677,45.692132,45327,764451,31701,125277
1,1,0.160459,0.090731,0.176471,0.091428,48.598178,51934,759697,36455,118670
1,1,0.156457,0.113409,0.176471,0.042141,43.676346,30044,785456,10696,140560
1,1,0.165504,0.062144,0.176471,0.031801,41.680682,20673,786081,10071,149931
1,1,0.154049,0.127054,0.176471,0.065427,40.748834,42464,775364,20788,128140
1,1,0.160776,0.088937,0.176471,0.029216,41.821222,21709,789616,6536,148895
1,1,0.145345,0.176379,0.176471,0.100465,39.861251,63608,762635,33517,106996
1,1,0.165521,0.062050,0.176471,0.032366,41.948283,20938,785800,10352,149666
1,1,0.153762,0.128684,0.176471,0.060605,47.696052,40272,777834,18318,130332
1,1,0.153292,0.131345,0.176471,0.067165,40.600477,43670,774890,21262,126934
1,1,0.172989,0.019730,0.176471,0.014206,46.588722,8550,790968,5184,162054
1,1,0.168738,0.043821,0.176471,0.039969,42.842738,23058,780570,15582,147546
1,1,0.164548,0.067560,0.176471,0.078721,43.291941,43815,763863,32289,126789
1,1,0.156238,0.114651,0.176471,0.046225,42.866461,32124,783588,12564,138480
1,1,0.160510,0.090443,0.176471,0.032800,43.224702,23570,788012,8140,147034
1,1,0.156246,0.114605,0.176471,0.087975,46.322663,52301,763403,32749,118303
1,1,0.155295,0.119997,0.176471,0.053871,43.022353,36276,780348,15804,134328
1,1,0.155348,0.119692,0.176471,0.053610,52.648048,36124,780448,15704,134480
1,1,0.153077,0.132564,0.176471,0.069076,43.578649,44698,774070,22082,125906
1,1,0.167529,0.050667,0.176471,0.062951,42.147985,34751,770045,26107,135853
1,1,0.173398,0.017409,0.176471,0.007255,47.400177,4992,794130,2022,165612
1,1,0.153433,0.130548,0.176471,0.063081,42.950509,41628,776796,19356,128976
1,1,0.156143,0.115191,0.176471,0.046485,41.152118,32296,783508,12644,138308
1,1,0.160444,0.090819,0.176471,0.034364,37.540985,24358,787288,8864,146246
1,1,0.150299,0.148308,0.176471,0.082631,41.373904,52593,768861,27291,118011
1,1,0.152805,0.134106,0.176471,0.069793,38.148477,45176,773855,22297,125428
1,1,0.152134,0.137910,0.176471,0.075115,42.212243,48073,771607,24545,122531
1,1,0.153958,0.127570,0.176471,0.059779,42.239700,39778,778138,18014,130826
1,1,0.167174,0.052683,0.176471,0.062038,38.231972,34482,770658,25494,136122
1,1,0.159926,0.093755,0.176471,0.080611,43.121865,46963,765184,30968,123641
1,1,0.160729,0.089201,0.176471,0.029933,41.389975,22078,789292,6860,148526
1,1,0.155787,0.117207,0.176471,0.051959,40.813094,35114,781034,15118,135490
1,1,0.159562,0.095813,0.176471,0.043053,41.424468,28984,783514,12638,141620
1,1,0.172998,0.019677,0.176471,0.027869,40.906459,15150,784359,11793,155454
1,1,0.164578,0.067390,0.176471,0.036949,44.852861,23609,784040,12112,146995
1,1,0.156238,0.114651,0.176471,0.046312,41.302871,32166,783546,12606,138438
1,1,0.150863,0.145108,0.176471,0.076418,44.759727,49317,771591,24561,121287
1,1,0.160702,0.089353,0.176471,0.030498,39.156677,22364,789032,7120,148240
1,1,0.154278,0.125759,0.176471,0.058715,41.532627,39109,778498,17654,131495
1,1,0.153327,0.131146,0.176471,0.067339,45.230492,43737,774789,21363,126867
1,1,0.155925,0.116428,0.176471,0.050374,40.521443,34281,781734,14418,136323
1,1,0.160652,0.089640,0.176471,0.085172,39.281750,48817,762628,33524,121787
1,1,0.155639,0.118045,0.176471,0.053588,50.809274,35973,780318,15834,134631
1,1,0.165135,0.064236,0.176471,0.071922,39.997932,40245,766866,29286,130359
1,1,0.160692,0.089412,0.176471,0.030541,39.364974,22390,789016,7136,148214
1,1,0.163540,0.073275,0.176471,0.051460,40.979979,31125,777528,18624,139479
1,1,0.172280,0.023745,0.176471,0.036428,40.170550,19634,780569,15583,150970
1,1,0.156726,0.111885,0.176471,0.038926,39.383426,28360,786880,9272,142244
1,1,0.160771,0.088966,0.176471,0.029412,45.397865,21806,789524,6628,148798
1,1,0.171346,0.029038,0.176471,0.031845,41.802357,17870,783236,12916,152734
1,1,0.163398,0.074078,0.176471,0.050178,44.512653,30574,778216,17936,140030
1,1,0.152588,0.135337,0.176471,0.079394,47.589953,49922,769319,26833,120682
1,1,0.164035,0.070467,0.176471,0.046703,49.447996,28586,779588,16564,142018
1,1,0.173529,0.016670,0.176471,0.004779,42.634920,3732,795264,888,166872
1,1,0.155756,0.117383,0.176471,0.050526,47.322125,34436,781742,14410,136168
1,1,0.172814,0.020720,0.176471,0.015401,43.372999,9212,790475,5677,161392
1,1,0.155964,0.116205,0.176471,0.050417,41.894044,34283,781694,14458,136321
1,1,0.156478,0.113292,0.176471,0.040316,39.650137,29152,786328,9824,141452
1,1,0.163036,0.076130,0.176471,0.069945,42.001142,40304,768836,27316,130300
1,1,0.160812,0.088732,0.176471,0.028543,41.447616,21366,789924,6228,149238
1,1,0.159430,0.096563,0.176471,0.044921,40.199140,29951,782675,13477,140653
1,1,0.156279,0.114417,0.176471,0.044487,43.487738,31264,784408,11744,139340
1,1,0.159923,0.093767,0.176471,0.079742,39.886801,46544,765605,30547,124060
1,1,0.161662,0.083914,0.176471,0.069424,37.944933,40716,769752,26400,129888
1,1,0.160666,0.089558,0.176471,0.031258,43.171004,22749,788682,7470,147855
1,1,0.172914,0.020152,0.176471,0.014380,38.666416,8670,790920,5232,161934
1,1,0.163376,0.074201,0.176471,0.047767,42.664961,29419,779392,16760,141185
1,1,0.155293,0.120009,0.176471,0.054262,39.222403,36466,780160,15992,134138
1,1,0.148699,0.157370,0.176471,0.092840,39.594955,58301,764699,31453,112303
2,2,0.148576,0.158068,0.176471,0.106113,55.646079,64776,758343,37809,105828
2,2,0.153569,0.129774,0.176471,0.095013,61.164878,56997,761295,34857,113607
2,2,0.135700,0.231032,0.176471,0.130659,53.609641,82865,752702,43450,87739
2,2,0.138894,0.212932,0.176471,0.121144,54.290189,76722,755757,40395,93882
2,2,0.159435,0.096533,0.176471,0.031736,54.821743,23575,789046,7106,147029
2,2,0.146427,0.170248,0.176471,0.100682,61.397734,63190,762007,34145,107414
2,2,0.149665,0.151896,0.176471,0.080242,56.370092,51744,770322,25830,118860
2,2,0.139878,0.207357,0.176471,0.080546,59.258131,56622,774906,21246,113982
2,2,0.151923,0.139106,0.176471,0.064558,52.958123,43072,776812,19340,127532
2,2,0.162664,0.078240,0.176471,0.053480,51.872805,32525,776975,19177,138079
2,2,0.130131,0.262591,0.176471,0.130268,56.795416,85368,755583,40569,85236
2,2,0.155214,0.120454,0.176471,0.089191,54.276630,53388,763314,32838,117216
2,2,0.141747,0.196766,0.176471,0.100508,55.760997,65368,764353,31799,105236
2,2,0.151820,0.139686,0.176471,0.071444,54.557834,46450,773533,22619,124154
2,2,0.158039,0.104447,0.176471,0.042032,63.863485,29227,784744,11408,141377
2,2,0.145300,0.176631,0.176471,0.074550,61.690905,51103,775183,20969,119501
2,2,0.138170,0.217035,0.176471,0.092210,53.251798,63086,770093,26059,107518
2,2,0.140743,0.202457,0.176471,0.109957,51.046256,70421,760271,35881,100183
2,2,0.126774,0.281611,0.176471,0.131375,63.783131,87526,756670,39482,83078
2,2,0.152303,0.136949,0.176471,0.052915,64.960395,37260,782256,13896,133344
2,2,0.136962,0.223881,0.176471,0.131571,60.063994,82696,751651,44501,87908
2,2,0.139516,0.209409,0.176471,0.098966,62.697258,65701,766177,29975,104903
2,2,0.138843,0.213225,0.176471,0.104636,69.210666,68767,763762,32390,101837
2,2,0.142088,0.194837,0.176471,0.098401,60.159725,64185,765207,30945,106419
2,2,0.146021,0.172546,0.176471,0.090386,55.507072,58409,767180,28972,112195
2,2,0.146868,0.167745,0.176471,0.100834,51.305957,63050,761720,34432,107554
2,2,0.146740,0.168472,0.176471,0.092536,56.487259,59101,765793,30359,111503
2,2,0.145450,0.175781,0.176471,0.096251,54.715296,61520,764621,31531,109084
2,2,0.152275,0.137107,0.176471,0.062581,59.142611,41946,777597,18555,128658
2,2,0.147159,0.166098,0.176471,0.086432,55.069367,55948,768541,27611,114656
2,2,0.143202,0.188524,0.176471,0.104983,54.038635,66828,761487,34665,103776
2,2,0.142781,0.190910,0.176471,0.088583,51.419690,59104,769618,26534,111500
2,2,0.151254,0.142892,0.176471,0.070336,57.514073,46188,774342,21810,124416
2,2,0.158343,0.102723,0.176471,0.036341,56.415653,26329,787348,8804,144275
2,2,0.147232,0.165688,0.176471,0.105852,54.394929,65300,759119,37033,105304
2,2,0.141481,0.198272,0.176471,0.110826,54.966058,70484,759494,36658,100120
2,2,0.140605,0.203237,0.176471,0.072313,56.218348,52291,778534,17618,118313
2,2,0.144412,0.181666,0.176471,0.126401,56.275759,76596,750549,45603,94008
2,2,0.136028,0.229174,0.176471,0.129768,57.305065,82276,752974,43178,88328
2,2,0.132401,0.249730,0.176471,0.110587,59.268340,74758,763999,32153,95846
2,2,0.148888,0.156303,0.176471,0.091885,52.769607,57748,765070,31082,112856
2,2,0.155277,0.120097,0.176471,0.098162,65.553900,57694,758947,37205,112910
2,2,0.147549,0.163888,0.176471,0.081588,56.738837,53418,770694,25458,117186
2,2,0.143726,0.185553,0.176471,0.094708,53.480648,61608,766200,29952,108996
2,2,0.143702,0.185687,0.176471,0.102767,58.611703,65515,762316,33836,105089
2,2,0.139548,0.209227,0.176471,0.085737,53.243736,59291,772556,23596,111313
2,2,0.139573,0.209087,0.176471,0.102985,64.070423,67616,764207,31945,102988
2,2,0.143642,0.186027,0.176471,0.100074,61.145403,64242,763647,32505,106362
2,2,0.153836,0.128262,0.176471,0.089408,61.925925,54159,763875,32277,116445
2,2,0.147616,0.163507,0.176471,0.087258,55.105546,56126,767921,28231,114478
2,2,0.141433,0.198548,0.176471,0.121796,60.629611,75810,754215,41937,94794
2,2,0.144296,0.182323,0.176471,0.111239,50.374154,69323,757934,38218,101281
2,2,0.165520,0.062056,0.176471,0.071574,52.886871,39891,766848,29304,130713
2,2,0.142244,0.193952,0.176471,0.100856,56.238350,65296,763945,32207,105308
2,2,0.149336,0.153765,0.176471,0.095903,52.343380,59474,762911,33241,111130
2,2,0.147268,0.165483,0.176471,0.083413,56.075847,54436,769948,26204,116168
2,2,0.144744,0.179785,0.176471,0.097054,65.172845,62250,764574,31578,108354
2,2,0.141137,0.200224,0.176471,0.110978,59.991443,70724,759587,36565,99880
2,2,0.151239,0.142980,0.176471,0.068577,58.805899,45345,775200,20952,125259
2,2,0.135080,0.234549,0.176471,0.107720,60.626214,72077,764090,32062,98527
2,2,0.140815,0.202047,0.176471,0.070293,68.863313,51213,779409,16743,119391
2,2,0.140979,0.201121,0.176471,0.069294,68.841916,50651,779813,16339,119953
2,2,0.138515,0.215083,0.176471,0.127248,59.671762,79856,752990,43162,90748
2,2,0.144620,0.180488,0.176471,0.101008,65.046202,64221,762723,33429,106383
2,2,0.129634,0.265410,0.176471,0.133374,55.267950,87110,754322,41830,83494
2,2,0.140907,0.201525,0.176471,0.070488,60.496853,51263,779270,16882,119341
2,2,0.133539,0.243277,0.176471,0.106873,53.819872,72412,765244,30908,98192
2,2,0.163861,0.071452,0.176471,0.067078,58.369623,38519,769823,26329,132085
2,2,0.149359,0.153631,0.176471,0.084238,65.559910,53824,768538,27614,116780
2,2,0.148010,0.161274,0.176471,0.111174,51.582090,67496,756170,39982,103108
2,2,0.163390,0.074125,0.176471,0.091363,52.682671,50486,758312,37840,120118
2,2,0.157296,0.108655,0.176471,0.083348,61.645961,49557,765132,31020,121047
2,2,0.157122,0.109640,0.176471,0.089864,55.234400,52791,762066,34086,117813
2,2,0.150083,0.149528,0.176471,0.094578,58.421772,58472,763190,32962,112132
2,2,0.151760,0.140026,0.176471,0.077874,58.530430,49587,770454,25698,121017
2,2,0.164668,0.066880,0.176471,0.042966,57.629244,26474,781088,15064,144130
2,2,0.157241,0.108966,0.176471,0.040620,59.480190,28930,785812,10340,141674
2,2,0.157843,0.105554,0.176471,0.033887,53.018399,25384,788776,7376,145220
2,2,0.151581,0.141040,0.176471,0.073377,57.082647,47500,772714,23438,123104
2,2,0.147251,0.165576,0.176471,0.091146,59.905235,58182,766218,29934,112422
2,2,0.148395,0.159094,0.176471,0.100052,55.517015,61934,761360,34792,108670
2,2,0.153001,0.132992,0.176471,0.054761,63.237560,37815,781026,15126,132789
2,2,0.160274,0.091780,0.176471,0.032279,62.549878,23432,788378,7774,147172
2,2,0.139689,0.208430,0.176471,0.115888,59.515309,73797,757914,38238,96807
2,2,0.153105,0.132406,0.176471,0.052763,63.759376,36799,781942,14210,133805
2,2,0.137712,0.219631,0.176471,0.102919,50.801938,68484,765138,31014,102120
2,2,0.142396,0.193090,0.176471,0.090972,52.332727,60445,768649,27503,110159
2,2,0.158646,0.101006,0.176471,0.087062,62.657287,50700,762684,33468,119904
2,2,0.145234,0.177006,0.176471,0.114389,61.674607,70392,755958,40194,100212
2,2,0.154175,0.126339,0.176471,0.114997,59.875483,66364,751342,44810,104240
2,2,0.139742,0.208131,0.176471,0.096750,52.325070,64521,767139,29013,106083
2,2,0.143222,0.188407,0.176471,0.121883,65.194075,74987,753308,42844,95617
2,2,0.140733,0.202516,0.176471,0.070858,65.049733,51526,779176,16976,119078
2,2,0.149401,0.153396,0.176471,0.083934,71.513528,53657,768665,27487,116947
2,2,0.159761,0.094687,0.176471,0.039795,62.018071,27313,784993,11159,143291
2,2,0.149031,0.155489,0.176471,0.074789,64.661444,49415,773264,22888,121189
2,2,0.156736,0.111832,0.176471,0.088387,65.885873,52264,762967,33185,118340
2,2,0.142688,0.191437,0.176471,0.109002,69.097559,69019,759793,36359,101585
2,2,0.143167,0.188718,0.176471,0.084108,53.468144,56754,771594,24558,113850
2,2,0.131146,0.256840,0.176471,0.117691,53.203317,78798,761172,34980,91806
4,4,0.110181,0.375642,0.176471,0.157790,81.367421,108315,751923,44229,62289
4,4,0.116860,0.337794,0.176471,0.141650,80.867088,97285,756496,39656,73319
4,4,0.139971,0.206830,0.176471,0.117473,83.025302,74427,757011,39141,96177
4,4,0.125161,0.290755,0.176471,0.121340,76.905285,83455,762301,33851,87149
4,4,0.137317,0.221871,0.176471,0.103224,79.381648,68822,765182,30970,101782
4,4,0.132832,0.247286,0.176471,0.104570,77.508488,71641,766699,29453,98963
4,4,0.136043,0.229092,0.176471,0.075767,81.982927,56166,779070,17082,114438
4,4,0.112138,0.364552,0.176471,0.149014,77.000634,103127,755219,40933,67477
4,4,0.115877,0.343362,0.176471,0.137479,85.775664,95744,758987,37165,74860
4,4,0.134842,0.235897,0.176471,0.105808,83.585151,71268,765129,31023,99336
4,4,0.118325,0.329494,0.176471,0.142084,91.245985,96787,755578,40574,73817
4,4,0.130769,0.258974,0.176471,0.104310,98.648144,72512,767822,28330,98092
4,4,0.122620,0.305151,0.176471,0.135416,86.584848,91487,756725,39427,79117
4,4,0.128957,0.269243,0.176471,0.132983,86.502895,87248,754838,41314,83356
4,4,0.131997,0.252016,0.176471,0.113802,94.229145,76507,762640,33512,94097
4,4,0.119393,0.323439,0.176471,0.149231,87.046082,99725,751607,44545,70879
4,4,0.129653,0.265299,0.176471,0.131528,88.057263,86208,755205,40947,84396
4,4,0.133552,0.243206,0.176471,0.129029,84.402056,83116,754528,41624,87488
4,4,0.111400,0.368731,0.176471,0.167934,76.090464,112629,746430,49722,57975
4,4,0.113525,0.356692,0.176471,0.152207,79.138645,104000,753005,43147,66604
4,4,0.127749,0.276090,0.176471,0.120254,82.979652,81679,761575,34577,88925
4,4,0.127024,0.280199,0.176471,0.141259,85.100125,92183,751772,44380,78421
4,4,0.121788,0.309870,0.176471,0.136219,77.202911,92278,756739,39413,78326
4,4,0.116868,0.337747,0.176471,0.141259,81.528523,97092,756681,39471,73512
4,4,0.111955,0.365589,0.176471,0.154423,76.760938,105830,752693,43459,64774
4,4,0.117716,0.332941,0.176471,0.135655,88.450169,93973,758980,37172,76631
4,4,0.138004,0.217978,0.176471,0.069076,85.852815,51984,781356,14796,118620
4,4,0.109250,0.380917,0.176471,0.154097,79.622394,106980,754158,41994,63624
4,4,0.125338,0.289753,0.176471,0.127574,79.563841,86383,759202,36950,84221
4,4,0.120924,0.314764,0.176471,0.140108,88.885139,94575,755277,40875,76029
4,4,0.104618,0.407165,0.176471,0.161917,77.563958,112999,752617,43535,57605
4,4,0.126106,0.285398,0.176471,0.130333,79.630932,87345,757497,38655,83259
4,4,0.122866,0.303762,0.176471,0.137783,80.012583,92513,755462,40690,78091
4,4,0.119618,0.322167,0.176471,0.159332,87.461207,104499,746616,49536,66105
4,4,0.131352,0.255674,0.176471,0.116322,84.202270,78037,761734,34418,92567
4,4,0.109993,0.376709,0.176471,0.157616,81.743715,108322,752098,44054,62282
4,4,0.123252,0.301570,0.176471,0.141042,76.492964,93901,753700,42452,76703
4,4,0.116717,0.338603,0.176471,0.139565,74.882578,96346,757573,38579,74258
4,4,0.110542,0.373596,0.176471,0.150122,70.031854,104434,755455,40697,66170
4,4,0.123749,0.298756,0.176471,0.142084,83.511427,94165,752956,43196,76439
4,4,0.136115,0.228682,0.176471,0.102963,85.243078,69277,765889,30263,101327
4,4,0.134154,0.239795,0.176471,0.094578,78.066751,66172,770890,25262,104432
4,4,0.131389,0.255463,0.176471,0.102072,84.131080,71131,768604,27548,99473
4,4,0.127847,0.275533,0.176471,0.123621,72.288821,83259,759900,36252,87345
4,4,0.115676,0.344505,0.176471,0.141150,84.904875,97616,757310,38842,72988
4,4,0.120968,0.314512,0.176471,0.137479,77.247511,93283,756526,39626,77321
4,4,0.131367,0.255586,0.176471,0.136067,83.093004,87574,752182,43970,83030
4,4,0.139091,0.211818,0.176471,0.093644,85.333788,63334,768955,27197,107270
4,4,0.119758,0.321370,0.176471,0.136219,88.087421,93259,757720,38432,77345
4,4,0.104616,0.407177,0.176471,0.161482,80.295084,112790,752828,43324,57814
4,4,0.134237,0.239326,0.176471,0.116909,87.790861,76926,760056,36096,93678
4,4,0.114872,0.349060,0.176471,0.144257,89.024594,99506,756197,39955,71098
4,4,0.106765,0.394997,0.176471,0.158789,91.212726,110449,753091,43061,60155
4,4,0.123780,0.298580,0.176471,0.151208,84.026569,98560,748531,47621,72044
4,4,0.126890,0.280955,0.176471,0.132288,79.164731,87911,756173,39979,82693
4,4,0.109155,0.381456,0.176471,0.161091,84.676018,110407,750823,45329,60197
4,4,0.122124,0.307965,0.176471,0.130550,87.124820,89375,759317,36835,81229
4,4,0.133725,0.242228,0.176471,0.109588,75.224521,73635,763842,32310,96969
4,4,0.120823,0.315338,0.176471,0.158658,83.352318,103591,746359,49793,67013
4,4,0.143017,0.189568,0.176471,0.099379,76.337255,64208,764285,31867,106396
4,4,0.134993,0.235041,0.176471,0.131832,84.613778,83774,752477,43675,86830
4,4,0.132205,0.250838,0.176471,0.110392,76.420733,74758,764188,31964,95846
4,4,0.108611,0.384540,0.176471,0.147884,79.888083,104286,757470,38682,66318
4,4,0.127275,0.278774,0.176471,0.122382,84.733930,82937,760775,35377,87667
4,4,0.116558,0.339506,0.176471,0.140086,76.640237,96675,757398,38754,73929
4,4,0.128136,0.273897,0.176471,0.124728,80.760317,83655,759225,36927,86949
4,4,0.117293,0.335338,0.176471,0.154835,88.397506,103449,749913,46239,67155
4,4,0.138944,0.212650,0.176471,0.111282,79.237630,71931,760500,35652,98673
4,4,0.128765,0.270334,0.176471,0.137240,89.171740,89399,752873,43279,81205
4,4,0.123711,0.298973,0.176471,0.131593,92.370556,89112,758046,38106,81492
4,4,0.140108,0.206056,0.176471,0.098749,78.964260,65310,765996,30156,105294
4,4,0.120756,0.315714,0.176471,0.136154,88.085259,92745,757269,38883,77859
4,4,0.118750,0.327085,0.176471,0.148927,82.438395,99889,752065,44087,70715
4,4,0.149065,0.155301,0.176471,0.109501,69.758520,66178,756469,39683,104426
4,4,0.136442,0.226829,0.176471,0.117734,90.186687,76259,758591,37561,94345
4,4,0.123302,0.301288,0.176471,0.134264,83.917314,90601,756952,39200,80003
4,4,0.127635,0.276734,0.176471,0.099314,84.682156,71612,771752,24400,98992
4,4,0.138106,0.217398,0.176471,0.109110,77.552678,71286,761955,34197,99318
4,4,0.114326,0.352155,0.176471,0.149818,82.275891,102458,753773,42379,68146
4,4,0.128528,0.271676,0.176471,0.113889,90.650114,78226,764275,31877,92378
4,4,0.138045,0.217744,0.176471,0.105526,80.186073,69583,763717,32435,101021
4,4,0.129878,0.264027,0.176471,0.120688,82.148742,80860,760336,35816,89744
4,4,0.138312,0.216232,0.176471,0.103224,82.918197,68341,764701,31451,102263
4,4,0.136117,0.228670,0.176471,0.102919,81.228925,69255,765909,30243,101349
4,4,0.136621,0.225815,0.176471,0.101638,74.282659,68392,766285,29867,102212
4,4,0.136223,0.228072,0.176471,0.097011,70.814444,66348,768714,27438,104256
4,4,0.123122,0.302308,0.176471,0.134351,77.103462,90730,756997,39155,79874
4,4,0.132913,0.246829,0.176471,0.110739,85.271276,74584,763678,32474,96020
4,4,0.125476,0.288967,0.176471,0.127704,76.215261,86379,759072,37080,84225
4,4,0.121871,0.309395,0.176471,0.144365,80.961272,96175,752761,43391,74429
4,4,0.110986,0.371082,0.176471,0.151056,81.740598,104671,754789,41363,65933
4,4,0.145422,0.175940,0.176471,0.094187,83.055795,60536,765632,30520,110068
4,4,0.137562,0.220481,0.176471,0.131180,88.276035,82217,751550,44602,88387
4,4,0.122564,0.305473,0.176471,0.134091,79.447636,90874,757393,38759,79730
4,4,0.125976,0.286136,0.176471,0.118777,91.513689,81822,763146,33006,88782
4,4,0.123572,0.299759,0.176471,0.145104,75.134827,95710,751582,44570,74894
4,4,0.123703,0.299014,0.176471,0.133830,78.733946,90197,756968,39184,80407
4,4,0.124031,0.297156,0.176471,0.125467,76.314338,85996,760852,35300,84608
4,4,0.133678,0.242491,0.176471,0.107090,78.728896,72450,765072,31080,98154
4,4,0.155901,0.116562,0.176471,0.085802,81.162435,51418,764620,31532,119186
8,8,0.095471,0.458999,0.176471,0.170758,125.834413,121694,752765,43387,48910
8,8,0.108364,0.385935,0.176471,0.164697,127.632254,112532,749462,46690,58072
8,8,0.091033,0.484145,0.176471,0.173886,131.653830,125351,753398,42754,45253
8,8,0.103609,0.412880,0.176471,0.171018,124.978424,117886,748705,47447,52718
8,8,0.110957,0.371246,0.176471,0.154488,119.947940,106344,753144,43008,64260
8,8,0.097643,0.446689,0.176471,0.160548,122.002150,115709,756650,39502,54895
8,8,0.120826,0.315321,0.176471,0.124316,124.850123,86989,762958,33194,83615
8,8,0.086748,0.508429,0.176471,0.173473,129.915190,127223,755669,40483,43381
8,8,0.096372,0.453893,0.176471,0.164828,132.021695,118392,755196,40956,52212
8,8,0.093886,0.467978,0.176471,0.167586,127.436183,120927,755064,41088,49677
8,8,0.111035,0.370800,0.176471,0.140716,122.868381,99649,759763,36389,70955
8,8,0.117538,0.333949,0.176471,0.145386,135.264684,98763,754362,41790,71841
8,8,0.095863,0.456777,0.176471,0.168607,120.350449,120465,753615,42537,50139
8,8,0.105774,0.400612,0.176471,0.142758,127.142816,103179,761319,34833,67425
8,8,0.096224,0.454731,0.176471,0.162851,126.459298,117508,756223,39929,53096
8,8,0.101469,0.425008,0.176471,0.165132,131.950361,116075,752585,43567,54529
8,8,0.097170,0.449368,0.176471,0.167565,147.128796,119329,753487,42665,51275
8,8,0.099812,0.434398,0.176471,0.170910,127.471311,119669,750593,45559,50935
8,8,0.127025,0.280193,0.176471,0.139282,139.571085,91227,752727,43425,79377
8,8,0.110210,0.375478,0.176471,0.136285,131.873020,97906,762304,33848,72698
8,8,0.112148,0.364493,0.176471,0.141455,135.718539,99468,758868,37284,71136
8,8,0.100843,0.428554,0.176471,0.154901,124.256424,111432,757833,38319,59172
8,8,0.107317,0.391872,0.176471,0.159245,133.121950,110403,752604,43548,60201
8,8,0.096291,0.454350,0.176471,0.167651,128.364177,119796,753870,42282,50808
8,8,0.101098,0.427112,0.176471,0.159419,120.752021,113493,755526,40626,57111
8,8,0.091348,0.482363,0.176471,0.170671,123.352943,123645,754800,41352,46959
8,8,0.100711,0.429304,0.176471,0.169802,135.841121,118699,750694,45458,51905
8,8,0.096880,0.451015,0.176471,0.169845,129.959334,120572,752525,43627,50032
8,8,0.109956,0.376914,0.176471,0.150947,115.016593,105116,755339,40813,65488
8,8,0.121703,0.310350,0.176471,0.121926,138.937776,85410,763689,32463,85194
8,8,0.098432,0.442217,0.176471,0.161004,119.703331,115548,756048,40104,55056
8,8,0.094359,0.465300,0.176471,0.173082,123.395674,123355,752179,43973,47249
8,8,0.102003,0.421983,0.176471,0.157920,128.245765,112331,755813,40339,58273
8,8,0.093218,0.471765,0.176471,0.170627,127.588715,122720,753917,42235,47884
8,8,0.090103,0.489414,0.176471,0.171735,119.499262,124761,754887,41265,45843
8,8,0.097050,0.450048,0.176471,0.167999,131.721394,119597,753335,42817,51007
8,8,0.111612,0.367529,0.176471,0.143931,126.592841,100924,757930,38222,69680
8,8,0.111053,0.370701,0.176471,0.158767,133.781148,108366,751029,45123,62238
8,8,0.105223,0.403736,0.176471,0.162938,131.292102,113200,751831,44321,57404
8,8,0.098052,0.444374,0.176471,0.163264,127.049303,116824,755140,41012,53780
8,8,0.112990,0.359722,0.176471,0.142584,131.978428,99607,757915,38237,70997
8,8,0.109380,0.380179,0.176471,0.154879,124.646700,107295,753717,42435,63309
8,8,0.095657,0.457944,0.176471,0.170497,115.802724,121478,752801,43351,49126
8,8,0.098934,0.439374,0.176471,0.170367,114.718111,119831,751280,44872,50773
8,8,0.092385,0.476484,0.176471,0.174255,119.294829,124876,752566,43586,45728
8,8,0.108459,0.385401,0.176471,0.145864,137.839414,103383,758520,37632,67221
8,8,0.101068,0.427282,0.176471,0.145017,124.784351,106546,762502,33650,64058
8,8,0.124423,0.294934,0.176471,0.124924,135.416389,85544,760925,35227,85060
8,8,0.091533,0.481313,0.176471,0.173560,129.127773,124952,753314,42838,45652
8,8,0.108117,0.387336,0.176471,0.144778,126.210284,103023,759210,36942,67581
8,8,0.109909,0.377183,0.176471,0.159723,140.552357,109381,751120,45032,61223
8,8,0.104216,0.409445,0.176471,0.152902,135.510689,108836,757169,38983,61768
8,8,0.120793,0.315508,0.176471,0.114063,140.420183,82049,767930,28222,88555
8,8,0.090146,0.489174,0.176471,0.169672,129.187432,123743,755864,40288,46861
8,8,0.095141,0.460868,0.176471,0.167565,127.595394,120310,754468,41684,50294
8,8,0.112437,0.362858,0.176471,0.142128,123.485781,99654,758403,37749,70950
8,8,0.118371,0.329230,0.176471,0.139977,130.589762,95746,756574,39578,74858
8,8,0.096462,0.453383,0.176471,0.165675,114.150563,118758,754743,41409,51846
8,8,0.092877,0.473699,0.176471,0.171366,114.869986,123242,753725,42427,47362
8,8,0.097608,0.446889,0.176471,0.164980,128.864203,117868,754525,41627,52736
8,8,0.111751,0.366744,0.176471,0.152707,124.430474,105099,753621,42531,65505
8,8,0.102246,0.420606,0.176471,0.144039,125.439572,105504,762405,33747,65100
8,8,0.107775,0.389276,0.176471,0.143019,119.813735,102338,760226,35926,68266
8,8,0.097238,0.448987,0.176471,0.168846,132.020858,119916,752835,43317,50688
8,8,0.096167,0.455054,0.176471,0.157659,136.379744,115026,758760,37392,55578
8,8,0.089373,0.493552,0.176471,0.171040,129.714029,124778,755576,40576,45826
8,8,0.094876,0.462369,0.176471,0.163437,119.097641,118443,756591,39561,52161
8,8,0.092228,0.477375,0.176471,0.168694,131.964048,122264,755330,40822,48340
8,8,0.089820,0.491020,0.176471,0.171214,125.562322,124646,755276,40876,45958
8,8,0.107697,0.389715,0.176471,0.151512,122.996413,106481,756158,39994,64123
8,8,0.090298,0.488312,0.176471,0.172604,126.977383,125087,754373,41779,45517
8,8,0.087602,0.503587,0.176471,0.170084,129.184066,125172,756894,39258,45432
8,8,0.099797,0.434486,0.176471,0.163285,127.490894,115991,754286,41866,54613
8,8,0.106656,0.395618,0.176471,0.149057,127.934819,105798,757848,38304,64806
8,8,0.088380,0.499179,0.176471,0.171692,136.380703,125573,755741,40411,45031
8,8,0.108614,0.384522,0.176471,0.158984,131.433484,109650,752103,44049,60954
8,8,0.093794,0.468500,0.176471,0.168477,125.456399,121402,754678,41474,49202
8,8,0.094360,0.465294,0.176471,0.169498,135.456105,121622,753911,42241,48982
8,8,0.114361,0.351955,0.176471,0.161330,121.464652,108006,748191,47961,62598
8,8,0.117681,0.333140,0.176471,0.141389,131.558909,96762,756225,39927,73842
8,8,0.108642,0.384364,0.176471,0.150274,125.260825,105426,756300,39852,65178
8,8,0.097607,0.446895,0.176471,0.167999,130.297415,119328,753066,43086,51276
8,8,0.106321,0.397517,0.176471,0.147015,126.864615,104973,758997,37155,65631
8,8,0.106124,0.398631,0.176471,0.149535,132.191150,106286,757874,38278,64318
8,8,0.096050,0.455716,0.176471,0.165848,128.099885,119041,754858,41294,51563
8,8,0.109828,0.377641,0.176471,0.166848,130.586181,112864,747715,48437,57740
8,8,0.116745,0.338445,0.176471,0.145929,122.796595,99409,754483,41669,71195
8,8,0.091619,0.480827,0.176471,0.169715,132.691286,123052,755131,41021,47552
8,8,0.095686,0.457779,0.176471,0.167456,143.137987,119994,754257,41895,50610
8,8,0.098551,0.441543,0.176471,0.165457,121.948558,117643,753838,42314,52961
8,8,0.107957,0.388244,0.176471,0.157876,126.475039,109432,752956,43196,61172
8,8,0.087544,0.503916,0.176471,0.169389,137.590314,124864,757258,38894,45740
8,8,0.098118,0.443999,0.176471,0.171605,138.984253,120824,751076,45076,49780
8,8,0.110296,0.374991,0.176471,0.157638,140.648465,108186,751941,44211,62418
8,8,0.098058,0.444339,0.176471,0.159571,122.370851,115036,756922,39230,55568
8,8,0.131509,0.254783,0.176471,0.136828,130.795056,87873,751746,44406,82731
8,8,0.097155,0.449456,0.176471,0.163850,114.496716,117541,755290,40862,53063
8,8,0.100491,0.430553,0.176471,0.170649,129.013423,119215,750391,45761,51389
8,8,0.099229,0.437704,0.176471,0.166609,128.969011,117872,752954,43198,52732
8,8,0.100025,0.433190,0.176471,0.169129,119.309890,118705,751351,44801,51899
16,16,0.088831,0.496624,0.176471,0.170997,221.505068,125019,755859,40293,45585
16,16,0.079188,0.551271,0.176471,0.175493,212.459197,131854,758347,37805,38750
16,16,0.076245,0.567947,0.176471,0.171865,218.219718,131523,761523,34629,39081
16,16,0.076226,0.568052,0.176471,0.170649,207.079317,130944,762120,34032,39660
16,16,0.079553,0.549202,0.176471,0.171692,233.958708,129840,760008,36144,40764
16,16,0.077750,0.559418,0.176471,0.169932,227.398538,129861,761730,34422,40743
16,16,0.078677,0.554166,0.176471,0.175015,224.922843,131870,758825,37327,38734
16,16,0.076103,0.568750,0.176471,0.175580,216.820122,133387,759796,36356,37217
16,16,0.076998,0.563680,0.176471,0.173647,227.244724,132020,760298,35854,38584
16,16,0.078911,0.552836,0.176471,0.170997,230.911682,129814,760654,35498,40790
16,16,0.078654,0.554295,0.176471,0.173060,220.790486,130936,759781,36371,39668
16,16,0.076321,0.567513,0.176471,0.174081,244.397165,132557,760415,35737,38047
16,16,0.082986,0.529747,0.176471,0.173104,222.392171,128863,757666,38486,41741
16,16,0.077192,0.562578,0.176471,0.172952,218.085651,131590,760540,35612,39014
16,16,0.078971,0.552496,0.176471,0.172343,233.000785,130436,759974,36178,40168
16,16,0.083622,0.526142,0.176471,0.175254,241.218891,129595,756319,39833,41009
16,16,0.076315,0.567548,0.176471,0.175254,214.692510,133127,759851,36301,37477
16,16,0.073859,0.581464,0.176471,0.174385,214.779917,133894,761458,34694,36710
16,16,0.088558,0.498171,0.176471,0.172430,213.569015,125844,755298,40854,44760
16,16,0.083662,0.525914,0.176471,0.173668,243.040835,128809,757066,39086,41795
16,16,0.078143,0.557191,0.176471,0.172278,216.715311,130805,760406,35746,39799
16,16,0.080917,0.541470,0.176471,0.170758,208.329688,128729,759800,36352,41875
16,16,0.095257,0.460212,0.176471,0.152663,217.531061,113051,761615,34537,57553
16,16,0.076430,0.566898,0.176471,0.174711,220.495337,132809,760058,36094,37795
16,16,0.075384,0.572824,0.176471,0.174429,225.800084,133178,760700,35452,37426
16,16,0.080858,0.541804,0.176471,0.172256,210.781756,129482,759104,37048,41122
16,16,0.081589,0.537660,0.176471,0.172191,213.310380,129097,758782,37370,41507
16,16,0.082491,0.532549,0.176471,0.171236,230.427936,128199,758808,37344,42405
16,16,0.084815,0.519384,0.176471,0.172843,221.461489,127853,756908,39244,42751
16,16,0.089584,0.492357,0.176471,0.168824,228.136025,123605,756545,39607,46999
16,16,0.071573,0.594417,0.176471,0.172691,219.067855,134180,763382,32770,36424
16,16,0.083263,0.528176,0.176471,0.171627,198.499696,128015,758246,37906,42589
16,16,0.082114,0.534689,0.176471,0.169867,214.246174,127720,759652,36500,42884
16,16,0.100949,0.427956,0.176471,0.165066,223.895303,116295,752868,43284,54309
16,16,0.081475,0.538311,0.176471,0.175080,223.859702,130549,757441,38711,40055
16,16,0.077544,0.560585,0.176471,0.170953,197.807251,130454,761336,34816,40150
16,16,0.078702,0.554020,0.176471,0.171388,210.210109,130104,760566,35586,40500
16,16,0.082243,0.533956,0.176471,0.172669,208.305743,129012,758235,37917,41592
16,16,0.084370,0.521905,0.176471,0.172191,212.765050,127753,757438,38714,42851
16,16,0.073579,0.583052,0.176471,0.173277,205.374722,133494,762129,34023,37110
16,16,0.076394,0.567103,0.176471,0.170171,205.422409,130632,762270,33882,39972
16,16,0.071883,0.592665,0.176471,0.175276,217.790477,135280,761983,34169,35324
16,16,0.090689,0.486096,0.176471,0.164567,208.083459,121013,758069,38083,49591
16,16,0.082264,0.533839,0.176471,0.171627,218.733224,128498,758729,37423,42106
16,16,0.077439,0.561177,0.176471,0.172539,201.827995,131271,760620,35532,39333
16,16,0.082507,0.532461,0.176471,0.171865,218.825932,128496,758496,37656,42108
16,16,0.077088,0.563170,0.176471,0.172235,212.359530,131294,760937,35215,39310
16,16,0.080151,0.545814,0.176471,0.170953,221.660865,129194,760076,36076,41410
16,16,0.078732,0.553850,0.176471,0.170671,227.107449,129743,760898,35254,40861
16,16,0.077795,0.559160,0.176471,0.170845,221.171040,130280,761267,34885,40324
16,16,0.078966,0.552525,0.176471,0.170801,218.789592,129693,760722,35430,40911
16,16,0.083176,0.528669,0.176471,0.175623,221.565258,129989,756356,39796,40615
16,16,0.080839,0.541910,0.176471,0.173038,219.419594,129869,758735,37417,40735
16,16,0.075225,0.573726,0.176471,0.175645,231.386583,133843,760189,35963,36761
16,16,0.079244,0.550948,0.176471,0.174950,228.094093,131564,758582,37570,39040
16,16,0.077951,0.558275,0.176471,0.172647,215.758736,131076,760320,35832,39528
16,16,0.075850,0.570186,0.176471,0.171822,223.483013,131693,761735,34417,38911
16,16,0.080170,0.545702,0.176471,0.173929,238.533177,130623,758628,37524,39981
16,16,0.080929,0.541400,0.176471,0.172191,215.868588,129416,759101,37051,41188
16,16,0.076536,0.566294,0.176471,0.172734,211.502525,131802,760962,35190,38802
16,16,0.087886,0.501981,0.176471,0.171257,211.582560,125602,756190,39962,45002
16,16,0.074921,0.575450,0.176471,0.170519,212.826553,131512,762814,33338,39092
16,16,0.078908,0.552853,0.176471,0.171974,210.578818,130288,760183,35969,40316
16,16,0.076612,0.565866,0.176471,0.175015,228.305989,132868,759823,36329,37736
16,16,0.078782,0.553568,0.176471,0.171192,223.650576,129971,760622,35530,40633
16,16,0.073936,0.581030,0.176471,0.175645,202.890764,134466,760812,35340,36138
16,16,0.074375,0.578544,0.176471,0.172343,225.550827,132658,762196,33956,37946
16,16,0.075528,0.572009,0.176471,0.175406,216.107835,133581,760158,35994,37023
16,16,0.096944,0.450652,0.176471,0.160331,207.430764,115942,757093,39059,54662
16,16,0.076859,0.564465,0.176471,0.171561,216.460581,131079,761373,34779,39525
16,16,0.084311,0.522239,0.176471,0.171822,206.649006,127603,757645,38507,43001
16,16,0.085569,0.515111,0.176471,0.168303,209.523937,125294,758738,37414,45310
16,16,0.087398,0.504742,0.176471,0.171931,214.164299,126163,756100,40052,44441
16,16,0.083403,0.527385,0.176471,0.170302,227.761171,127307,758819,37333,43297
16,16,0.081387,0.538809,0.176471,0.171540,213.751042,128880,759195,36957,41724
16,16,0.080815,0.542051,0.176471,0.173734,240.903394,130217,758411,37741,40387
16,16,0.078004,0.557976,0.176471,0.169845,201.177386,129696,761649,34503,40908
16,16,0.077978,0.558123,0.176471,0.174993,213.221048,132197,759173,36979,38407
16,16,0.078318,0.556200,0.176471,0.171518,198.400488,130353,760689,35463,40251
16,16,0.075970,0.569506,0.176471,0.172430,225.382474,131929,761383,34769,38675
16,16,0.086068,0.512280,0.176471,0.169150,212.469869,125462,758087,38065,45142
16,16,0.078522,0.555040,0.176471,0.171301,206.049214,130149,760695,35457,40455
16,16,0.079371,0.550233,0.176471,0.170910,202.567526,129550,760474,35678,41054
16,16,0.074768,0.576317,0.176471,0.172952,223.797847,132762,761712,34440,37842
16,16,0.080454,0.544096,0.176471,0.174450,233.975136,130738,758239,37913,39866
16,16,0.078588,0.554670,0.176471,0.173191,209.373303,131031,759750,36402,39573
16,16,0.078452,0.555438,0.176471,0.171083,214.186838,130078,760834,35318,40526
16,16,0.073266,0.584828,0.176471,0.175037,216.531655,134496,761430,34722,36108
16,16,0.081475,0.538311,0.176471,0.174689,206.195593,130360,757630,38522,40244
16,16,0.083209,0.528481,0.176471,0.171931,195.100600,128188,758125,38027,42416
16,16,0.078570,0.554770,0.176471,0.172083,231.931887,130504,760294,35858,40100
16,16,0.089542,0.492597,0.176471,0.161243,218.461566,119961,760230,35922,50643
16,16,0.076768,0.564981,0.176471,0.175515,213.917620,133034,759506,36646,37570
16,16,0.077710,0.559641,0.176471,0.171974,219.802223,130867,760762,35390,39737
16,16,0.076516,0.566411,0.176471,0.174689,208.946401,132757,760027,36125,37847
16,16,0.080065,0.546300,0.176471,0.174841,208.399054,131115,758238,37914,39489
16,16,0.079268,0.550814,0.176471,0.172800,207.496787,130513,759610,36542,40091
16,16,0.106664,0.395571,0.176471,0.167000,205.058458,114467,749171,46981,56137
16,16,0.083847,0.524865,0.176471,0.171648,210.251962,127743,757953,38199,42861
16,16,0.079082,0.551869,0.176471,0.171062,218.047130,129763,760540,35612,40841
32,32,0.065112,0.631034,0.176471,0.171931,408.364515,136936,766873,29279,33668
32,32,0.060979,0.654451,0.176471,0.175775,404.451665,140792,767012,29140,29812
32,32,0.062767,0.644323,0.176471,0.175993,377.557637,140033,766043,30109,30571
32,32,0.059525,0.662693,0.176471,0.175819,399.229145,141516,767694,28458,29088
32,32,0.059050,0.665383,0.176471,0.175754,412.478893,141714,767955,28197,28890
32,32,0.060549,0.656890,0.176471,0.175775,392.226383,141000,767220,28932,29604
32,32,0.067400,0.618069,0.176471,0.175493,403.107869,137552,764045,32107,33052
32,32,0.064447,0.634798,0.176471,0.175232,420.794138,138853,765598,30554,31751
32,32,0.062543,0.645589,0.176471,0.175298,388.501920,139805,766487,29665,30799
32,32,0.069668,0.605214,0.176471,0.175862,377.606802,136634,762770,33382,33970
32,32,0.063911,0.637840,0.176471,0.175775,432.194520,139375,765595,30557,31229
32,32,0.062478,0.645958,0.176471,0.175450,402.709351,139910,766445,29707,30694
32,32,0.066428,0.623573,0.176471,0.174776,411.223335,137675,764861,31291,32929
32,32,0.063587,0.639674,0.176471,0.175537,408.200634,139416,765867,30285,31188
32,32,0.064548,0.634229,0.176471,0.172213,405.539137,137345,767009,29143,33259
32,32,0.069489,0.606228,0.176471,0.175015,401.617576,136311,763266,32886,34293
32,32,0.064933,0.632048,0.176471,0.175341,404.372486,138671,765311,30841,31933
32,32,0.062255,0.647224,0.176471,0.173191,408.781577,138926,767645,28507,31678
32,32,0.063128,0.642277,0.176471,0.175450,425.925682,139596,766131,30021,31008
32,32,0.068819,0.610027,0.176471,0.172365,400.846231,135354,764871,31281,35250
32,32,0.062393,0.646439,0.176471,0.175493,398.893187,139972,766465,29687,30632
32,32,0.067404,0.618045,0.176471,0.172278,437.951503,135996,765597,30555,34608
32,32,0.062825,0.643994,0.176471,0.175645,411.131141,139837,766183,29969,30767
32,32,0.061496,0.651520,0.176471,0.175254,395.465475,140290,767014,29138,30314
32,32,0.064467,0.634686,0.176471,0.176471,395.008213,139442,764990,31162,31162
32,32,0.065644,0.628016,0.176471,0.173907,391.842827,137634,765660,30492,32970
32,32,0.062321,0.646849,0.176471,0.175146,412.139771,139839,766668,29484,30765
32,32,0.060114,0.659351,0.176471,0.175254,401.913973,140958,767682,28470,29646
32,32,0.062790,0.644188,0.176471,0.173017,415.705284,138583,767470,28682,32021
32,32,0.066190,0.624921,0.176471,0.172256,429.845008,136572,766194,29958,34032
32,32,0.067849,0.615525,0.176471,0.172973,416.478092,136117,765046,31106,34487
32,32,0.063129,0.642271,0.176471,0.173864,432.634535,138829,766897,29255,31775
32,32,0.061406,0.652030,0.176471,0.176275,414.123332,140827,766564,29588,29777
32,32,0.063329,0.641134,0.176471,0.175645,383.998687,139593,765939,30213,31011
32,32,0.060058,0.659674,0.176471,0.173668,417.751598,140219,768476,27676,30385
32,32,0.066576,0.622735,0.176471,0.176014,390.382457,138202,764191,31961,32402
32,32,0.062648,0.644997,0.176471,0.172626,416.578041,138463,767728,28424,32141
32,32,0.076139,0.568545,0.176471,0.171779,410.198737,131532,761616,34536,39072
32,32,0.061893,0.649276,0.176471,0.175754,402.116598,140340,766581,29571,30264
32,32,0.062831,0.643959,0.176471,0.176080,412.145578,140044,765970,30182,30560
32,32,0.067391,0.618116,0.176471,0.173060,411.909920,136380,765225,30927,34224
32,32,0.063710,0.638977,0.176471,0.175515,443.585913,139346,765818,30334,31258
32,32,0.064363,0.635278,0.176471,0.175710,405.731523,139125,765408,30744,31479
32,32,0.063631,0.639422,0.176471,0.175645,394.371853,139447,765793,30359,31157
32,32,0.061167,0.653384,0.176471,0.176471,392.851801,141037,766585,29567,29567
32,32,0.065139,0.630876,0.176471,0.174038,383.202813,137941,765841,30311,32663
32,32,0.059747,0.661432,0.176471,0.176275,412.507650,141629,767366,28786,28975
32,32,0.065366,0.629593,0.176471,0.175884,409.320359,138724,764839,31313,31880
32,32,0.061389,0.652130,0.176471,0.175819,391.879579,140615,766793,29359,29989
32,32,0.063743,0.638789,0.176471,0.173299,396.225755,138259,766873,29279,32345
32,32,0.067481,0.617606,0.176471,0.175689,411.247135,137607,763911,32241,32997
32,32,0.063840,0.638238,0.176471,0.175558,436.960137,139304,765734,30418,31300
32,32,0.061046,0.654070,0.176471,0.173538,418.813899,139678,768061,28091,30926
32,32,0.068042,0.614429,0.176471,0.175515,396.151916,137252,763724,32428,33352
32,32,0.064289,0.635694,0.176471,0.175428,412.549895,139024,765580,30572,31580
32,32,0.061785,0.649885,0.176471,0.175537,406.042277,140287,766738,29414,30317
32,32,0.064579,0.634053,0.176471,0.172647,380.031800,137540,766784,29368,33064
32,32,0.064692,0.633414,0.176471,0.172365,398.165631,137349,766866,29286,33255
32,32,0.064175,0.636339,0.176471,0.175384,393.538315,139058,765656,30496,31546
32,32,0.061274,0.652781,0.176471,0.175319,387.961040,140429,767090,29062,30175
32,32,0.062942,0.643326,0.176471,0.171735,384.361648,137890,768016,28136,32714
32,32,0.058329,0.669468,0.176471,0.175515,391.912262,141947,768419,27733,28657
32,32,0.063258,0.641538,0.176471,0.173973,381.644252,138819,766782,29370,31785
32,32,0.062678,0.644827,0.176471,0.175775,392.520788,139971,766191,29961,30633
32,32,0.065098,0.631111,0.176471,0.172647,399.760937,137289,766533,29619,33315
32,32,0.062033,0.648478,0.176471,0.175059,394.281204,139936,766849,29303,30668
32,32,0.065932,0.626386,0.176471,0.171909,399.914341,136529,766487,29665,34075
32,32,0.062640,0.645038,0.176471,0.172430,427.664162,138372,767826,28326,32232
32,32,0.063658,0.639270,0.176471,0.175471,392.964652,139350,765864,30288,31254
32,32,0.064855,0.632488,0.176471,0.175493,416.226540,138782,765275,30877,31822
32,32,0.064194,0.636234,0.176471,0.173473,399.305291,138125,766571,29581,32479
32,32,0.061975,0.648807,0.176471,0.174711,384.980850,139796,767045,29107,30808
32,32,0.061745,0.650114,0.176471,0.173343,412.612579,139246,767818,28334,31358
32,32,0.063550,0.639885,0.176471,0.173755,393.763910,138573,766746,29406,32031
32,32,0.065796,0.627154,0.176471,0.172800,427.776582,137025,766122,30030,33579
32,32,0.059403,0.663384,0.176471,0.175602,427.137249,141470,767858,28294,29134
32,32,0.071121,0.596979,0.176471,0.173538,396.845260,134808,763191,32961,35796
32,32,0.058834,0.666608,0.176471,0.176166,405.780743,142018,767860,28292,28586
32,32,0.066786,0.621545,0.176471,0.175428,393.285314,137817,764373,31779,32787
32,32,0.060839,0.655248,0.176471,0.176297,398.095751,141112,766828,29324,29492
32,32,0.066964,0.620536,0.176471,0.173038,399.214695,136576,765442,30710,34028
32,32,0.064158,0.636439,0.176471,0.173364,405.086453,138090,766641,29511,32514
32,32,0.059428,0.663244,0.176471,0.175558,422.433729,141437,767867,28285,29167
32,32,0.065705,0.627670,0.176471,0.175406,424.164711,138329,764906,31246,32275
32,32,0.060742,0.655794,0.176471,0.175797,401.402888,140917,767116,29036,29687
32,32,0.065513,0.628760,0.176471,0.175450,412.541974,138443,764978,31174,32161
32,32,0.060424,0.657599,0.176471,0.176101,381.885619,141218,767123,29029,29386
32,32,0.064033,0.637148,0.176471,0.176166,393.108840,139505,765347,30805,31099
32,32,0.065441,0.629170,0.176471,0.175493,392.457789,138499,764992,31160,32105
32,32,0.062448,0.646128,0.176471,0.176471,379.831238,140418,765966,30186,30186
32,32,0.064719,0.633262,0.176471,0.174103,412.879867,138176,766013,30139,32428
32,32,0.060421,0.657616,0.176471,0.175689,383.800849,141020,767324,28828,29584
32,32,0.067017,0.620238,0.176471,0.172713,389.481816,136393,765574,30578,34211
32,32,0.063451,0.640442,0.176471,0.175558,389.254601,139492,765922,30230,31112
32,32,0.064326,0.635483,0.176471,0.173603,384.307703,138124,766444,29708,32480
32,32,0.059887,0.660641,0.176471,0.175775,397.348418,141320,767540,28612,29284
32,32,0.066297,0.624317,0.176471,0.173582,401.769425,137161,765502,30650,33443
32,32,0.062547,0.645565,0.176471,0.175819,378.030656,140055,766233,29919,30549
32,32,0.062196,0.647558,0.176471,0.173560,412.818556,139133,767495,28657,31471
32,32,0.069326,0.607155,0.176471,0.172756,410.981483,135298,764437,31715,35306
64,64,0.052289,0.703694,0.176471,0.175971,775.128748,145087,771118,25034,25517
64,64,0.051928,0.705740,0.176471,0.175775,777.337982,145167,771387,24765,25437
64,64,0.047762,0.729350,0.176471,0.176384,744.238100,147475,773107,23045,23129
64,64,0.052748,0.701097,0.176471,0.176297,740.529546,145023,770739,25413,25581
64,64,0.051244,0.709620,0.176471,0.174211,736.861601,144742,772474,23678,25862
64,64,0.049793,0.717838,0.176471,0.176471,753.828909,146535,772083,24069,24069
64,64,0.051793,0.706507,0.176471,0.175406,778.402358,145054,771631,24521,25550
64,64,0.050590,0.713324,0.176471,0.175689,747.795046,145772,772076,24076,24832
64,64,0.048641,0.724368,0.176471,0.175819,758.107538,146777,772955,23197,23827
64,64,0.049915,0.717146,0.176471,0.176471,795.358105,146476,772024,24128,24128
64,64,0.048483,0.725264,0.176471,0.175754,764.157868,146822,773063,23089,23782
64,64,0.049035,0.722134,0.176471,0.176058,740.736015,146702,772649,23503,23902
64,64,0.050997,0.711015,0.176471,0.176471,740.219075,145953,771501,24651,24651
64,64,0.049098,0.721777,0.176471,0.176297,786.311933,146787,772503,23649,23817
64,64,0.047782,0.729233,0.176471,0.175775,794.280997,147171,773391,22761,23433
64,64,0.052901,0.700230,0.176471,0.175775,791.792463,144697,770917,25235,25907
64,64,0.047974,0.728148,0.176471,0.176405,777.272648,147383,772994,23158,23221
64,64,0.047617,0.730170,0.176471,0.176471,761.409000,147587,773135,23017,23017
64,64,0.051343,0.709057,0.176471,0.173169,764.164547,144190,772930,23222,26414
64,64,0.049849,0.717521,0.176471,0.176210,793.354459,146382,772182,23970,24222
64,64,0.051494,0.708201,0.176471,0.175775,755.251050,145377,771597,24555,25227
64,64,0.051562,0.707815,0.176471,0.176471,753.542568,145680,771228,24924,24924
64,64,0.051111,0.710370,0.176471,0.176471,771.681622,145898,771446,24706,24706
64,64,0.050553,0.713535,0.176471,0.175906,786.271829,145895,771989,24163,24709
64,64,0.050855,0.711824,0.176471,0.175471,777.717347,145539,772053,24099,25065
64,64,0.049507,0.719461,0.176471,0.176188,784.505035,146537,772358,23794,24067
64,64,0.053096,0.699122,0.176471,0.173495,728.607271,143500,771925,24227,27104
64,64,0.049415,0.719983,0.176471,0.175645,762.144084,146319,772665,23487,24285
64,64,0.047730,0.729532,0.176471,0.176058,788.218471,147333,773280,22872,23271
64,64,0.048955,0.722586,0.176471,0.176297,796.226854,146856,772572,23580,23748
64,64,0.052010,0.705277,0.176471,0.175580,783.662679,145033,771442,24710,25571
64,64,0.048320,0.726185,0.176471,0.175775,760.182308,146911,773131,23021,23693
64,64,0.052010,0.705277,0.176471,0.173886,748.650019,144214,772261,23891,26390
64,64,0.048358,0.725974,0.176471,0.175775,760.918128,146893,773113,23039,23711
64,64,0.050941,0.711332,0.176471,0.176210,794.505453,145854,771654,24498,24750
64,64,0.049049,0.722058,0.176471,0.175732,748.387266,146538,772800,23352,24066
64,64,0.047145,0.732843,0.176471,0.176166,794.154302,147668,773510,22642,22936
64,64,0.049754,0.718061,0.176471,0.175775,750.020331,146218,772438,23714,24386
64,64,0.052093,0.704808,0.176471,0.176405,764.155673,145392,771003,25149,25212
64,64,0.048790,0.723523,0.176471,0.175775,781.586972,146684,772904,23248,23920
64,64,0.050670,0.712867,0.176471,0.173256,793.852189,144557,773213,22939,26047
64,64,0.056314,0.680887,0.176471,0.173429,737.122132,141913,770401,25751,28691
64,64,0.050733,0.712516,0.176471,0.175732,781.378660,145724,771986,24166,24880
64,64,0.051339,0.709081,0.176471,0.175515,784.207460,145326,771798,24354,25278
64,64,0.051048,0.710728,0.176471,0.173538,765.513457,144511,772894,23258,26093
64,64,0.049415,0.719983,0.176471,0.176471,788.997339,146718,772266,23886,23886
64,64,0.051450,0.708448,0.176471,0.175645,754.509118,145335,771681,24471,25269
64,64,0.051610,0.707545,0.176471,0.175819,759.619630,145342,771520,24632,25262
64,64,0.047766,0.729326,0.176471,0.175775,772.532623,147179,773399,22753,23425
64,64,0.048409,0.725681,0.176471,0.175949,745.593362,146952,773004,23148,23652
64,64,0.049249,0.720921,0.176471,0.175732,739.135800,146441,772703,23449,24163
64,64,0.048116,0.727345,0.176471,0.175949,747.675991,147094,773146,23006,23510
64,64,0.047718,0.729596,0.176471,0.175689,783.703620,147160,773464,22688,23444
64,64,0.049684,0.718459,0.176471,0.175775,759.107591,146252,772472,23680,24352
64,64,0.049744,0.718119,0.176471,0.176471,763.694838,146559,772107,24045,24045
64,64,0.052121,0.704649,0.176471,0.173690,735.854126,144066,772302,23850,26538
64,64,0.049363,0.720276,0.176471,0.175819,755.173944,146428,772606,23546,24176
64,64,0.050948,0.711296,0.176471,0.175515,704.516024,145515,771987,24165,25089
64,64,0.051719,0.706924,0.176471,0.176340,722.916806,145541,771215,24937,25063
64,64,0.049888,0.717299,0.176471,0.173125,716.281126,144872,773654,22498,25732
64,64,0.051637,0.707393,0.176471,0.173907,731.135459,144405,772431,23721,26199
64,64,0.051096,0.710458,0.176471,0.175884,726.186698,145622,771737,24415,24982
64,64,0.050849,0.711853,0.176471,0.173799,710.413732,144733,772864,23288,25871
64,64,0.052452,0.702774,0.176471,0.176297,738.848750,145166,770882,25270,25438
64,64,0.051730,0.706865,0.176471,0.175167,739.406502,144969,771777,24375,25635
64,64,0.050084,0.716191,0.176471,0.175884,700.754740,146111,772226,23926,24493
64,64,0.050064,0.716302,0.176471,0.175775,714.048913,146068,772288,23864,24536
64,64,0.047048,0.733394,0.176471,0.175775,704.472096,147526,773746,22406,23078
64,64,0.049944,0.716982,0.176471,0.176166,732.852723,146315,772157,23995,24289
64,64,0.049992,0.716712,0.176471,0.175124,712.536448,145788,772638,23514,24816
64,64,0.048508,0.725124,0.176471,0.175797,745.317142,146831,773030,23122,23773
64,64,0.048195,0.726894,0.176471,0.175710,704.767884,146940,773223,22929,23664
64,64,0.048309,0.726249,0.176471,0.176275,702.496243,147158,772895,23257,23446
64,64,0.052672,0.701525,0.176471,0.173842,730.544306,143873,771962,24190,26731
64,64,0.051672,0.707193,0.176471,0.175645,695.463634,145228,771574,24578,25376
64,64,0.050383,0.714497,0.176471,0.175732,715.991424,145893,772155,23997,24711
64,64,0.050937,0.711355,0.176471,0.175689,713.723850,145604,771908,24244,25000
64,64,0.047778,0.729256,0.176471,0.176123,739.586777,147341,773225,22927,23263
64,64,0.052772,0.700957,0.176471,0.175645,694.606850,144696,771042,25110,25908
64,64,0.049756,0.718049,0.176471,0.175689,712.596538,146175,772479,23673,24429
64,64,0.048936,0.722697,0.176471,0.175884,733.666718,146666,772781,23371,23938
64,64,0.050268,0.715147,0.176471,0.175797,725.412396,145980,772179,23973,24624
64,64,0.053470,0.697006,0.176471,0.175775,722.531569,144422,770642,25510,26182
64,64,0.051098,0.710446,0.176471,0.175623,727.357526,145495,771862,24290,25109
64,64,0.050918,0.711466,0.176471,0.175841,757.587080,145687,771844,24308,24917
64,64,0.050329,0.714802,0.176471,0.175645,730.663909,145877,772223,23929,24727
64,64,0.054633,0.690412,0.176471,0.174320,742.472828,143156,770783,25369,27448
64,64,0.048074,0.727580,0.176471,0.175732,804.499668,147009,773271,22881,23595
64,64,0.051183,0.709966,0.176471,0.175493,747.131726,145391,771884,24268,25213
64,64,0.051749,0.706754,0.176471,0.175841,794.750991,145285,771442,24710,25319
64,64,0.049486,0.719579,0.176471,0.176449,748.643499,146673,772242,23910,23931
64,64,0.048550,0.724883,0.176471,0.176297,762.263223,147052,772768,23384,23552
64,64,0.051403,0.708717,0.176471,0.175689,779.811112,145379,771683,24469,25225
64,64,0.049030,0.722164,0.176471,0.176471,738.167458,146904,772452,23700,23700
64,64,0.051137,0.710224,0.176471,0.175667,702.605279,145497,771822,24330,25107
64,64,0.047920,0.728453,0.176471,0.175797,769.774733,147115,773314,22838,23489
64,64,0.050971,0.711162,0.176471,0.173364,805.745889,144464,773015,23137,26140
64,64,0.053021,0.699550,0.176471,0.173038,855.222513,143316,772182,23970,27288
64,64,0.052274,0.703782,0.176471,0.174038,762.813345,144160,772060,24092,26444
64,64,0.048022,0.727873,0.176471,0.176297,755.139533,147307,773023,23129,23297
119,119,0.041444,0.765152,0.176471,0.176471,1410.571692,150571,776119,20033,20033
119,119,0.039118,0.778329,0.176471,0.176471,1457.020013,151695,777243,18909,18909
119,119,0.039679,0.775152,0.176471,0.176036,1491.680323,151214,777182,18970,19390
119,119,0.039243,0.777625,0.176471,0.176384,1528.029786,151593,777225,18927,19011
119,119,0.041080,0.767215,0.176471,0.176384,1502.551582,150705,776337,19815,19899
119,119,0.040165,0.772397,0.176471,0.176384,1445.542283,151147,776779,19373,19457
119,119,0.041020,0.767555,0.176471,0.176384,1380.073203,150734,776366,19786,19870
119,119,0.040734,0.769173,0.176471,0.176123,1376.044153,150746,776630,19522,19858
119,119,0.041673,0.763851,0.176471,0.176471,1403.309744,150460,776008,20144,20144
119,119,0.040403,0.771049,0.176471,0.175819,1369.066050,150759,776937,19215,19845
119,119,0.040259,0.771863,0.176471,0.175797,1384.499074,150818,777017,19135,19786
119,119,0.040811,0.768739,0.176471,0.176471,1335.720977,150877,776425,19727,19727
119,119,0.040059,0.773001,0.176471,0.175884,1481.019072,150957,777072,19080,19647
119,119,0.039743,0.774788,0.176471,0.175862,1380.727926,151099,777235,18917,19505
119,119,0.040905,0.768206,0.176471,0.175971,1293.319315,150590,776621,19531,20014
119,119,0.040999,0.767673,0.176471,0.176210,1313.277453,150660,776460,19692,19944
119,119,0.039884,0.773991,0.176471,0.176297,1322.826498,151241,776957,19195,19363
119,119,0.042984,0.756424,0.176471,0.175754,1245.020552,149480,775721,20431,21124
119,119,0.039387,0.776805,0.176471,0.176340,1343.856785,151502,777176,18976,19102
119,119,0.040836,0.768599,0.176471,0.175775,1290.093349,150529,776749,19403,20075
119,119,0.040205,0.772174,0.176471,0.176471,1299.583401,151170,776718,19434,19434
119,119,0.040629,0.769771,0.176471,0.176297,1326.726413,150881,776597,19555,19723
119,119,0.040273,0.771787,0.176471,0.176384,1288.543260,151095,776727,19425,19509
119,119,0.043540,0.753271,0.176471,0.175928,1292.671616,149295,775368,20784,21309
119,119,0.039303,0.777285,0.176471,0.176340,1297.913946,151543,777217,18935,19061
119,119,0.039934,0.773710,0.176471,0.176471,1301.108073,151301,776849,19303,19303
119,119,0.039620,0.775486,0.176471,0.176058,1314.210799,151253,777200,18952,19351
119,119,0.040155,0.772456,0.176471,0.176471,1269.845430,151194,776742,19410,19410
119,119,0.041204,0.766512,0.176471,0.176297,1319.948327,150603,776319,19833,20001
119,119,0.040347,0.771365,0.176471,0.176340,1329.163672,151038,776712,19440,19566
119,119,0.039530,0.775996,0.176471,0.176297,1381.686093,151412,777128,19024,19192
119,119,0.039350,0.777016,0.176471,0.176297,1325.301460,151499,777215,18937,19105
119,119,0.039934,0.773710,0.176471,0.176297,1466.045644,151217,776933,19219,19387
119,119,0.040396,0.771090,0.176471,0.176405,1397.929307,151046,776657,19495,19558
119,119,0.039057,0.778675,0.176471,0.176405,1364.697095,151693,777304,18848,18911
119,119,0.040358,0.771307,0.176471,0.176340,1399.143728,151033,776707,19445,19571
119,119,0.039797,0.774484,0.176471,0.176384,1410.072938,151325,776957,19195,19279
119,119,0.040503,0.770480,0.176471,0.175841,1407.665486,150721,776878,19274,19883
119,119,0.039472,0.776324,0.176471,0.176471,1380.475039,151524,777072,19080,19080
119,119,0.041717,0.763605,0.176471,0.175775,1362.244701,150103,776323,19829,20501
119,119,0.040386,0.771148,0.176471,0.176101,1377.918574,150904,776809,19343,19700
119,119,0.039327,0.777145,0.176471,0.176297,1364.028374,151510,777226,18926,19094
119,119,0.041931,0.762391,0.176471,0.175797,1440.565628,150010,776209,19943,20594
119,119,0.040325,0.771494,0.176471,0.176384,1355.076848,151070,776702,19450,19534
119,119,0.041212,0.766465,0.176471,0.176471,1375.194471,150683,776231,19921,19921
119,119,0.039207,0.777825,0.176471,0.175949,1403.242665,151400,777452,18700,19204
119,119,0.040105,0.772737,0.176471,0.175775,1425.216506,150882,777102,19050,19722
119,119,0.041198,0.766547,0.176471,0.176471,1388.381698,150690,776238,19914,19914
119,119,0.039894,0.773933,0.176471,0.175949,1391.328803,151068,777120,19032,19536
119,119,0.041057,0.767344,0.176471,0.175949,1501.489918,150506,776558,19594,20098
119,119,0.039903,0.773886,0.176471,0.176297,1498.528440,151232,776948,19204,19372
119,119,0.043105,0.755738,0.176471,0.176123,1601.036007,149600,775484,20668,21004
119,119,0.040815,0.768716,0.176471,0.176340,1580.930537,150812,776486,19666,19792
119,119,0.040029,0.773171,0.176471,0.176471,1462.344782,151255,776803,19349,19349
119,119,0.040226,0.772051,0.176471,0.175971,1357.904926,150918,776949,19203,19686
119,119,0.042472,0.759326,0.176471,0.175080,1523.122371,149402,776294,19858,21202
119,119,0.040914,0.768153,0.176471,0.176340,1489.546468,150764,776438,19714,19840
119,119,0.040165,0.772397,0.176471,0.176297,1602.993455,151105,776821,19331,19499
119,119,0.039742,0.774794,0.176471,0.176405,1630.024214,151362,776973,19179,19242
119,119,0.044061,0.750322,0.176471,0.175298,1723.203885,148739,775421,20731,21865
119,119,0.041598,0.764279,0.176471,0.175797,1361.274010,150171,776370,19782,20433
119,119,0.039687,0.775105,0.176471,0.176036,1431.344373,151210,777178,18974,19394
119,119,0.039354,0.776992,0.176471,0.176471,1522.173395,151581,777129,19023,19023
119,119,0.042242,0.760627,0.176471,0.176297,1430.638175,150101,775817,20335,20503
119,119,0.040587,0.770005,0.176471,0.176471,1439.795022,150985,776533,19619,19619
119,119,0.039307,0.777262,0.176471,0.176471,1521.685895,151604,777152,19000,19000
119,119,0.039747,0.774765,0.176471,0.176384,1343.073966,151349,776981,19171,19255
119,119,0.040329,0.771471,0.176471,0.175819,1306.381564,150795,776973,19179,19809
119,119,0.040632,0.769753,0.176471,0.176101,1456.227775,150785,776690,19462,19819
119,119,0.039760,0.774695,0.176471,0.176471,1342.370862,151385,776933,19219,19219
119,119,0.041249,0.766254,0.176471,0.175949,1462.912290,150413,776465,19687,20191
119,119,0.041909,0.762514,0.176471,0.175949,1481.299178,150094,776146,20006,20510
119,119,0.040159,0.772432,0.176471,0.176471,1485.807160,151192,776740,19412,19412
119,119,0.039505,0.776137,0.176471,0.176471,1392.580121,151508,777056,19096,19096
119,119,0.041276,0.766102,0.176471,0.175906,1401.825708,150379,776473,19679,20225
119,119,0.039022,0.778874,0.176471,0.176405,1506.322855,151710,777321,18831,18894
119,119,0.042052,0.761705,0.176471,0.176384,1368.117631,150235,775867,20285,20369
119,119,0.040329,0.771471,0.176471,0.175775,1374.426492,150774,776994,19158,19830
119,119,0.040990,0.767725,0.176471,0.175841,1460.403055,150486,776643,19509,20118
119,119,0.040600,0.769935,0.176471,0.175949,1376.875255,150727,776779,19373,19877
119,119,0.039162,0.778083,0.176471,0.176340,1373.585509,151611,777285,18867,18993
119,119,0.040130,0.772596,0.176471,0.175819,1389.176595,150891,777069,19083,19713
119,119,0.039787,0.774542,0.176471,0.176036,1402.567573,151162,777130,19022,19442
119,119,0.041620,0.764156,0.176471,0.175819,1430.758730,150171,776349,19803,20433
119,119,0.040358,0.771307,0.176471,0.175775,1375.840520,150760,776980,19172,19844
119,119,0.039607,0.775562,0.176471,0.176384,1455.641450,151417,777049,19103,19187
119,119,0.039336,0.777098,0.176471,0.176080,1482.966174,151401,777327,18825,19203
119,119,0.039388,0.776799,0.176471,0.175884,1400.881901,151281,777396,18756,19323
119,119,0.039404,0.776711,0.176471,0.176471,1350.203064,151557,777105,19047,19047
119,119,0.039565,0.775797,0.176471,0.176471,1385.175355,151479,777027,19125,19125
119,119,0.040713,0.769290,0.176471,0.176471,1283.619220,150924,776472,19680,19680
119,119,0.040109,0.772713,0.176471,0.176471,1513.285052,151216,776764,19388,19388
119,119,0.042422,0.759607,0.176471,0.175819,1526.359538,149783,775961,20191,20821
119,119,0.040881,0.768341,0.176471,0.176080,1460.417725,150654,776580,19572,19950
119,119,0.042356,0.759982,0.176471,0.174689,1444.357947,149269,776539,19613,21335
119,119,0.039697,0.775052,0.176471,0.176405,1306.060333,151384,776995,19157,19220
119,119,0.040393,0.771107,0.176471,0.175775,1451.104570,150743,776963,19189,19861
119,119,0.039876,0.774038,0.176471,0.176384,1418.528995,151287,776919,19233,19317
119,119,0.041104,0.767075,0.176471,0.176471,1287.734491,150735,776283,19869,19869
119,119,0.039898,0.773909,0.176471,0.176471,1481.316440,151318,776866,19286,19286
